incident_id,timestamp,city,route_id,transport_mode,incident_type,severity_label,severity_score,duration_minutes,est_riders_affected,resolved
INC-201901-LON-019-01,2019-01-01T00:52:00Z,London,LON-019,Bus,Congestion,Low-Med,2,50,2256,FALSE
INC-201901-LON-006-01,2019-01-01T03:28:00Z,London,LON-006,BikeShare,Dock Full,Low,1,14,115,TRUE
INC-201901-MAN-015-02,2019-01-01T08:15:00Z,Manchester,MAN-015,bus,Vehicle Fault,Low-Med,2,35,3191,TRUE
INC-201901-LON-007-01,2019-01-01T14:17:00Z,London,LON-007,Tram,Roadworks,High,5,198,13621,TRUE
INC-201901-MAN-009-03,2019-01-01T19:41:00Z,Manchester,MAN-009,Underground,Power Issue,Med-High,4,137,32270,TRUE
INC-201901-BRI-005-01,2019-01-02T16:58:00Z,Bristol,BRI-005,Bus,Roadworks,Low,1,22,804,TRUE
INC-201901-LON-017-02,2019-01-03T00:27:00Z,London,LON-017,Bus,Vehicle Fault,Low-Med,2,59,4055,TRUE
INC-201901-EDI-012-01,2019-01-03T17:11:00Z,Edinburgh,EDI-012,underground,Signal Failure,Low,1,14,3972,FALSE
INC-201901-LON-007-02,2019-01-03T17:23:00Z,London,LON-007,Tram,Vehicle Fault,Medium,3,57,7158,TRUE
INC-201901-BRI-012-01,2019-01-04T15:21:00Z,Bristol,BRI-012,BikeShare,Bike Fault,Low,1,10,133,TRUE
INC-201901-BRI-008-01,2019-01-05T05:35:00Z,Bristol,BRI-008,Rail,Signal Failure,Low-Med,2,68,5076,FALSE
INC-201901-MAN-004-01,2019-01-05T08:21:00Z,Manchester,MAN-004,Bus,Staff Shortage,Low,1,50,157,TRUE
INC-201901-BRI-006-01,2019-01-06T05:03:00Z,Bristol,BRI-006,Bus,Congestion,Low-Med,2,57,6743,TRUE
INC-202407-LON-016-02,2019-01-06T07:35:00Z,Manchester,MAN-021,Rail,Rolling Stock,Medium,3,64,2471,TRUE
INC-201901-MAN-008-01,2019-01-06T08:27:00Z,Manchester,MAN-008,Bus,,Low-Med,2,28,2847,TRUE
INC-201901-LON-014-01,2019-01-06T09:15:00Z,London,LON-014,Bus,Congestion,Medium,3,123,22624,TRUE
INC-201901-EDI-015-03,2019-01-06T16:17:00Z,Edinburgh,EDI-015,Bus,Congestion,Low-Med,2,36,1889,TRUE
INC-201901-MAN-016-02,2019-01-07T04:41:00Z,Manchester,MAN-016,bus,,Low,1,11,739,TRUE
INC-201901-MAN-001-02,2019-01-07T09:16:00Z,Manchester,MAN-001,Bus,Vehicle Fault,Low,1,5,162,TRUE
INC-201901-EDI-019-01,2019-01-08T07:50:00Z,Edinburgh,EDI-019,Tram,Power Issue,Low-Med,2,52,1666,TRUE
INC-201901-MAN-011-01,2019-01-08T07:57:00Z,Manchester,MAN-011,bus,Vehicle Fault,Low-Med,2,36,1317,TRUE
INC-201901-LON-018-01,2019-01-08T15:15:00Z,London,LON-018,Bus,Roadworks,Low-Med,2,48,2438,TRUE
INC-201901-LON-003-01,2019-01-09T08:09:00Z,London,LON-003,Bus,Staff Shortage,Low-Med,2,41,1160,TRUE
INC-201901-EDI-015-01,2019-01-09T19:13:00Z,Edinburgh,EDI-015,Bus,Congestion,Low,1,70,290,TRUE
INC-201901-EDI-004-01,2019-01-09T21:22:00Z,Edinburgh,EDI-004,Bus,Congestion,Low-Med,2,45,1454,TRUE
INC-201901-MAN-021-01,2019-01-10T01:41:00Z,Manchester,MAN-021,Rail,Weather,Medium,3,97,6000,FALSE
INC-201901-MAN-009-04,2019-01-10T15:38:00Z,Manchester,MAN-009,Underground,Power Issue,High,5,155,32337,FALSE
INC-201901-MAN-020-01,2019-01-11T07:31:00Z,Manchester,MAN-020,Bus,Roadworks,Low-Med,2,48,3495,TRUE
INC-201901-BRI-021-01,2019-01-11T14:23:00Z,Bristol,BRI-021,Rail,Track Fault,Low,1,5,364,TRUE
INC-201901-LON-022-02,2019-01-12T17:57:00Z,London,LON-022,Underground,Power Issue,Med-High,4,114,44866,FALSE
INC-201901-BRI-006-02,2019-01-13T03:17:00Z,Bristol,BRI-006,Bus,Roadworks,Medium,3,123,7840,TRUE
INC-201901-BRI-019-01,2019-01-13T09:59:00Z,Bristol,BRI-019,Rail,Track Fault,Medium,3,76,11458,TRUE
INC-201901-BRI-001-01,2019-01-13T11:13:00Z,Bristol,BRI-001,Bus,Roadworks,Low,1,16,1052,TRUE
INC-201901-BRI-014-01,2019-01-13T16:21:00Z,bristol,BRI-014,Bus,Vehicle Fault,Low-Med,2,24,1494,TRUE
INC-201901-MAN-009-02,2019-01-15T17:42:00Z,MAN,MAN-009,Underground,Signal Failure,High,5,323,90850,TRUE
INC-201901-MAN-009-01,2019-01-15T19:10:00Z,Manchester,MAN-009,Underground,Passenger Incident,Medium,3,91,12402,TRUE
INC-201901-MAN-020-02,2019-01-15T22:12:00Z,Manchester,MAN-020,Bus,Roadworks,Low-Med,2,48,1605,TRUE
INC-201901-LON-001-01,2019-01-16T22:31:00Z,London,LON-001,Bus,Congestion,Low-Med,2,26,1922,TRUE
INC-201901-MAN-001-01,2019-01-17T05:30:00Z,Manchester,MAN-001,Bus,Congestion,Low,1,20,2654,TRUE
INC-201901-LON-008-04,2019-01-17T06:39:00Z,London,LON-008,Bus,Roadworks,Medium,3,112,6523,TRUE
INC-201901-BRI-002-02,2019-01-17T06:44:00Z,Bristol,BRI-002,Bus,Roadworks,Medium,3,84,5933,FALSE
INC-201901-BRI-019-02,2019-01-17T18:30:00Z,Bristol,BRI-019,Rail,Rolling Stock,Medium,3,106,15117,TRUE
INC-201901-LON-022-03,2019-01-17T22:40:00Z,London,LON-022,Underground,Passenger Incident,Medium,3,98,30405,TRUE
INC-201901-EDI-010-01,2019-01-18T00:31:00Z,Edinburgh,EDI-010,Bus,Roadworks,LOW-MED,2,59,2645,TRUE
INC-201901-LON-008-02,2019-01-18T01:31:00Z,London,LON-008,Bus,Congestion,Low-Med,2,33,3564,TRUE
INC-201901-MAN-015-06,2019-01-18T04:41:00Z,Manchester,MAN-015,Bus,Staff Shortage,Low-Med,2,46,2148,TRUE
INC-201901-LON-020-01,2019-01-18T17:14:00Z,London,LON-020,Bus,Congestion,Low-Med,2,54,3646,TRUE
INC-201901-MAN-019-01,2019-01-18T22:48:00Z,Manchester,MAN-019,Underground,Power Issue,Med-High,4,210,40290,TRUE
INC-201901-MAN-015-04,2019-01-19T08:56:00Z,Manchester,MAN-015,Bus,Vehicle Fault,Medium,3,63,5803,TRUE
INC-201901-MAN-007-01,2019-01-19T18:21:00Z,Manchester,MAN-007,Tram,Roadworks,Low-Med,2,38,1156,TRUE
INC-201901-MAN-013-02,2019-01-20T07:45:00Z,Manchester,MAN-013,Underground,Power Issue,High,5,213,316432,FALSE
INC-201901-LON-016-01,2019-01-20T10:05:00Z,LDN,LON-016,Rail,Weather,Medium,3,76,6866,TRUE
INC-201901-LON-021-01,2019-01-21T22:52:00Z,London,LON-021,Bus,Vehicle Fault,Medium,3,116,12442,TRUE
INC-201901-BRI-008-02,2019-01-22T02:38:00Z,Bristol,BRI-008,Rail,Weather,Low-Med,2,63,5204,FALSE
INC-201901-MAN-015-05,2019-01-22T13:02:00Z,Manchester,MAN-015,Bus,,Low,1,14,859,TRUE
INC-201901-EDI-006-01,2019-01-22T16:37:00Z,Edinburgh,EDI-006,Underground,Power Issue,Medium,3,98,90090,TRUE
INC-201901-MAN-013-01,2019-01-23T15:50:00Z,Manchester,MAN-013,Underground,Passenger Incident,Medium,3,,22791,TRUE
INC-201901-LON-003-02,2019-01-24T07:38:00Z,London,LON-003,Bus,Congestion,Low,1,20,748,TRUE
INC-201901-LON-013-01,2019-01-24T08:39:00Z,London,LON-013,Underground,Passenger Incident,Medium,3,80,14758,TRUE
INC-201901-LON-008-01,2019-01-24T09:12:00Z,London,LON-008,Bus,Congestion,Medium,3,104,8465,TRUE
INC-201901-LON-022-04,2019-01-25T18:46:00Z,London,LON-022,Underground,Signal Failure,Med-High,4,203,88909,TRUE
INC-201901-MAN-015-01,2019-01-25T19:18:00Z,Manchester,MAN-015,Bus,Congestion,Low,1,19,1761,TRUE
INC-201901-BRI-004-01,2019-01-26T01:02:00Z,Bristol,BRI-004,Underground,Signal Failure,Medium,3,107,,TRUE
INC-201901-LON-008-03,2019-01-26T08:47:00Z,London,LON-008,Bus,Accident,Medium,3,890,5701,TRUE
INC-201901-EDI-009-01,2019-01-26T18:25:00Z,Edinburgh,EDI-009,Bus,Vehicle Fault,Low,1,28,1104,TRUE
INC-201901-EDI-002-01,2019-01-26T21:45:00Z,Edinburgh,EDI-002,Bus,Roadworks,Medium,3,115,1477,TRUE
INC-201901-MAN-017-01,2019-01-27T07:40:00Z,Manchester,MAN-017,Underground,Station Closure,Medium,3,82,20935,TRUE
INC-201901-MAN-014-01,2019-01-27T11:51:00Z,Manchester,MAN-014,BikeShare,Dock Empty,Low,1,13,78,TRUE
INC-201901-EDI-015-02,2019-01-27T17:29:00Z,Edinburgh,EDI-015,Bus,Roadworks,Low,1,18,570,TRUE
INC-201901-MAN-015-03,2019-01-27T19:44:00Z,Manchester,MAN-015,bus,Congestion,Low,1,11,594,TRUE
INC-201901-MAN-017-02,2019-01-28T07:21:00Z,Manchester,MAN-017,Underground,Station Closure,Med-High,4,108,13683,TRUE
INC-201901-EDI-005-01,2019-01-28T08:31:00Z,Edinburgh,EDI-005,Underground,Power Issue,Med-High,4,137,27822,TRUE
INC-201901-LON-022-01,2019-01-28T16:37:00Z,London,LON-022,Underground,Signal Failure,Med-High,4,174,52873,FALSE
INC-201901-LON-017-01,2019-01-28T16:44:00Z,London,LON-017,Bus,Congestion,Low-Med,2,740,3267,TRUE
INC-201901-EDI-011-01,2019-01-30T07:00:00Z,Edinburgh,EDI-011,Bus,Staff Shortage,Low,1,26,1693,TRUE
INC-202011-EDI-007-01,2019-01-30T09:02:00Z,Bristol,BRI-002,Bus,Roadworks,Low Med,2,680,1673,TRUE
INC-201901-BRI-005-02,2019-01-30T19:26:00Z,Bristol,BRI-005,Bus,Accident,Low,1,13,867,TRUE
INC-201901-BRI-022-01,2019-01-30T19:29:00Z,Bristol,BRI-022,Underground,Station Closure,Med-High,4,132,22176,TRUE
INC-201901-MAN-016-03,2019-01-30T19:40:00Z,Manchester,MAN-016,Bus,Congestion,Low-Med,2,40,3113,TRUE
INC-201901-LON-012-01,2019-01-31T00:20:00Z,London,LON-012,Bus,Staff Shortage,Medium,3,76,5231,TRUE
INC-201901-MAN-016-01,2019-01-31T10:10:00Z,Manchester,MAN-016,Bus,Accident,Low,1,13,,TRUE
INC-201901-MAN-007-02,2019-01-31T18:13:00Z,Manchester,MAN-007,Tram,Power Issue,Low,1,22,1100,TRUE
INC-201902-BRI-001-01,2019-02-01T03:08:00Z,Bristol,BRI-001,Bus,Congestion,Low,1,12,534,TRUE
INC-201902-BRI-017-01,2019-02-01T18:53:00Z,Bristol,BRI-017,Bus,Congestion,Low,1,5,253,TRUE
INC-201902-EDI-004-02,2019-02-03T07:17:00Z,Edinburgh,EDI-004,Bus,Staff Shortage,Low,1,20,1881,TRUE
INC-201902-MAN-019-01,2019-02-03T14:50:00Z,Manchester,MAN-019,Underground,Signal Failure,Low,1,17,2211,TRUE
INC-201902-BRI-013-01,2019-02-03T18:39:00Z,Bristol,BRI-013,Bus,Congestion,Low,1,20,1135,FALSE
INC-201902-BRI-019-02,2019-02-03T22:07:00Z,Bristol,BRI-019,Rail,Weather,Medium,3,119,9895,TRUE
INC-201902-MAN-019-02,2019-02-04T16:19:00Z,Manchester,MAN-019,Underground,Signal Failure,MED-HIGH,4,109,18645,TRUE
INC-201902-BRI-003-01,2019-02-04T16:36:00Z,Bristol,BRI-003,Rail,Track Fault,Low-Med,2,51,9440,TRUE
INC-201902-BRI-003-01,2019-02-04T16:36:00Z,Bristol,BRI-003,Rail,Track Fault,Low-Med,2,51,9440,TRUE
INC-201902-MAN-009-05,2019-02-04T18:34:00Z,Manchester,MAN-009,Underground,Passenger Incident,Med-High,4,161,130147,FALSE
INC-201902-MAN-015-03,2019-02-05T05:49:00Z,Manchester,MAN-015,Bus,Accident,Low,1,24,1589,TRUE
INC-201902-MAN-010-01,2019-02-05T06:01:00Z,Manchester,MAN-010,Rail,Weather,Low-Med,2,56,12258,TRUE
INC-201902-EDI-013-01,2019-02-05T09:24:00Z,Edinburgh,EDI-013,Rail,Signal Failure,Medium,3,66,6598,TRUE
INC-201902-LON-012-01,2019-02-05T17:36:00Z,London,LON-012,Bus,Vehicle Fault,Medium,3,59,2775,TRUE
INC-201902-MAN-020-02,2019-02-06T08:25:00Z,Manchester,MAN-020,Bus,Staff Shortage,Medium,3,121,6712,TRUE
INC-201902-MAN-015-01,2019-02-06T18:05:00Z,Manchester,MAN-015,Bus,Staff Shortage,Low,1,14,4815,TRUE
INC-201902-EDI-021-01,2019-02-07T06:24:00Z,Edinburgh,EDI-021,Tram,Power Issue,Low,1,27,338,TRUE
INC-201902-LON-016-01,2019-02-07T15:36:00Z,London,LON-016,Rail,Signal Failure,High,5,263,63600,TRUE
INC-201902-LON-012-02,2019-02-07T21:39:00Z,London,LON-012,Bus,Congestion,Med-High,4,173,20503,TRUE
INC-201902-MAN-016-01,2019-02-08T03:02:00Z,Manchester,MAN-016,Bus,Congestion,Low,1,6,185,FALSE
INC-201902-MAN-022-01,2019-02-08T09:50:00Z,Manchester,MAN-022,Rail,Weather,Med-High,4,107,11924,TRUE
INC-201902-MAN-006-01,2019-02-08T14:21:00Z,Manchester,MAN-006,Tram,Power Issue,Low,1,11,319,FALSE
INC-201902-BRI-001-02,2019-02-08T20:27:00Z,Bristol,BRI-001,Bus,Roadworks,Low-Med,2,56,,TRUE
INC-201902-BRI-008-02,2019-02-09T07:51:00Z,Bristol,BRI-008,Rail,Signal Failure,Medium,3,82,12092,TRUE
INC-201902-BRI-014-01,2019-02-09T13:45:00Z,Bristol,BRI-014,Bus,Staff Shortage,Low,1,11,585,TRUE
INC-201902-EDI-013-02,2019-02-10T02:32:00Z,Edinburgh,EDI-013,Rail,Track Fault,Low-Med,2,57,4387,TRUE
INC-201902-MAN-012-01,2019-02-10T18:55:00Z,Manchester,MAN-012,Rail,Rolling Stock,Med-High,4,162,7691,FALSE
INC-201902-LON-001-01,2019-02-11T09:03:00Z,London,LON-001,Bus,Vehicle Fault,Low-Med,2,53,2436,TRUE
INC-201902-LON-018-02,2019-02-11T09:21:00Z,London,LON-018,Bus,Congestion,Medium,3,56,3631,TRUE
INC-201902-LON-005-01,2019-02-11T22:19:00Z,London,LON-005,Rail,Signal Failure,Medium,3,65,12862,TRUE
INC-201902-EDI-019-01,2019-02-12T07:07:00Z,Edinburgh,EDI-019,Tram,Roadworks,Low,1,15,196,TRUE
INC-201902-EDI-017-01,2019-02-13T03:11:00Z,Edinburgh,EDI-017,underground,Signal Failure,Low-Med,2,57,19946,TRUE
INC-201902-LON-020-03,2019-02-13T06:20:00Z,London,LON-020,Bus,Congestion,Low,1,15,1254,TRUE
INC-201902-EDI-012-01,2019-02-13T07:58:00Z,Edinburgh,EDI-012,Underground,Passenger Incident,Medium,3,122,20737,TRUE
INC-201902-BRI-019-01,2019-02-13T17:53:00Z,Bristol,BRI-019,Rail,Rolling Stock,Med-High,4,117,8766,TRUE
INC-201902-LON-019-02,2019-02-15T17:57:00Z,London,LON-019,Bus,Congestion,Low,1,23,1877,TRUE
INC-201902-EDI-004-03,2019-02-15T18:18:00Z,Edinburgh,EDI-004,Bus,Roadworks,Low-Med,2,22,1337,TRUE
INC-201902-BRI-002-01,2019-02-15T22:00:00Z,Bristol,BRI-002,Bus,Congestion,Low,1,21,916,TRUE
INC-201902-BRI-008-01,2019-02-16T11:29:00Z,Bristol,BRI-008,Rail,Rolling Stock,Low-Med,2,40,6617,TRUE
INC-201902-BRI-006-01,2019-02-16T13:08:00Z,Bristol,BRI-006,Bus,Congestion,Low,1,26,1956,TRUE
INC-201902-LON-009-02,2019-02-16T14:15:00Z,LDN,LON-009,Rail,Track Fault,High,5,262,51966,TRUE
INC-201902-LON-020-04,2019-02-16T22:17:00Z,London,LON-020,Bus,Congestion,Medium,3,71,4687,TRUE
INC-201902-LON-020-02,2019-02-17T14:07:00Z,London,LON-020,Bus,Congestion,Low Med,2,56,7836,TRUE
INC-201902-MAN-008-02,2019-02-18T07:02:00Z,Manchester,MAN-008,Bus,Congestion,Medium,3,109,5455,TRUE
INC-201902-MAN-008-02,2019-02-18T07:04:00Z,Manchester,MAN-008,Bus,Congestion,Medium,3,109,5455,TRUE
INC-201902-BRI-005-01,2019-02-18T10:46:00Z,Bristol,BRI-005,Bus,Roadworks,Medium,3,83,5626,TRUE
INC-201902-EDI-004-01,2019-02-19T08:32:00Z,Edinburgh,EDI-004,Bus,Staff Shortage,Low-Med,2,51,1603,FALSE
INC-201902-BRI-005-02,2019-02-19T16:21:00Z,Bristol,BRI-005,Bus,Roadworks,Low-Med,2,32,1159,TRUE
INC-201902-MAN-001-01,2019-02-19T18:26:00Z,Manchester,MAN-001,Bus,Roadworks,Low-Med,2,29,1399,TRUE
INC-201902-LON-016-04,2019-02-20T02:23:00Z,London,LON-016,Rail,Signal Failure,Med-High,4,118,15380,TRUE
INC-201902-MAN-001-02,2019-02-20T04:28:00Z,Manchester,MAN-001,Bus,Vehicle Fault,Low-Med,2,42,2942,TRUE
INC-201902-LON-003-01,2019-02-20T04:36:00Z,London,LON-003,Bus,Vehicle Fault,Low,1,5,219,TRUE
INC-201902-EDI-009-01,2019-02-20T16:45:00Z,Edinburgh,EDI-009,Bus,Vehicle Fault,Low,1,9,282,TRUE
INC-201902-EDI-014-01,2019-02-20T16:59:00Z,EDI,EDI-014,Underground,Power Issue,Medium,3,101,11541,TRUE
INC-201902-EDI-010-01,2019-02-20T18:19:00Z,Edinburgh,EDI-010,Bus,Accident,Low-Med,2,65,2212,TRUE
INC-201902-MAN-008-01,2019-02-20T19:21:00Z,Manchester,MAN-008,Bus,Congestion,Low-Med,2,53,3874,TRUE
INC-201902-BRI-022-02,2019-02-21T03:03:00Z,Bristol,BRI-022,Underground,Signal Failure,Medium,3,108,10857,TRUE
INC-201902-LON-018-01,2019-02-21T19:28:00Z,London,LON-018,Bus,Vehicle Fault,Medium,3,80,5448,TRUE
INC-201902-MAN-009-01,2019-02-22T14:26:00Z,Manchester,MAN-009,Underground,Signal Failure,Med-High,4,200,92508,TRUE
INC-201902-LON-020-01,2019-02-22T18:22:00Z,London,LON-020,Bus,Congestion,Low-Med,2,46,2278,TRUE
INC-201902-MAN-009-03,2019-02-22T22:08:00Z,Manchester,MAN-009,Underground,Station Closure,High,5,215,81411,TRUE
INC-201902-LON-022-01,2019-02-23T04:38:00Z,London,LON-022,Underground,Signal Failure,High,5,275,108939,TRUE
INC-201902-MAN-020-01,2019-02-23T09:13:00Z,MAN,MAN-020,Bus,Congestion,Medium,3,84,4502,TRUE
INC-201902-LON-020-05,2019-02-23T09:31:00Z,London,LON-020,Bus,Congestion,Low-Med,2,36,3620,TRUE
INC-201902-BRI-008-03,2019-02-23T12:15:00Z,bristol,BRI-008,Rail,Signal Failure,High,5,259,35990,TRUE
INC-201902-LON-019-01,2019-02-23T22:23:00Z,London,LON-019,Bus,Roadworks,Low-Med,2,49,3146,TRUE
INC-201902-EDI-003-01,2019-02-24T16:48:00Z,Edinburgh,EDI-003,Bus,Roadworks,Low,1,10,641,TRUE
INC-201902-BRI-011-01,2019-02-24T17:20:00Z,Bristol,BRI-011,Bus,Vehicle Fault,Low-Med,2,22,1250,TRUE
INC-201902-EDI-001-01,2019-02-25T08:36:00Z,Edinburgh,EDI-001,Underground,Power Issue,Med-High,4,143,33665,TRUE
INC-201902-MAN-009-02,2019-02-25T10:04:00Z,Manchester,MAN-009,Underground,Signal Failure,Medium,3,66,29069,TRUE
INC-201902-MAN-017-01,2019-02-25T19:48:00Z,Manchester,MAN-017,Underground,Station Closure,Medium,3,120,29006,TRUE
INC-201902-MAN-013-01,2019-02-25T20:57:00Z,Manchester,MAN-013,Underground,Station Closure,Low-Med,2,53,7933,TRUE
INC-201902-MAN-020-03,2019-02-26T07:28:00Z,Manchester,MAN-020,Bus,Congestion,Low-Med,2,64,4263,TRUE
INC-201902-EDI-015-01,2019-02-26T18:03:00Z,Edinburgh,EDI-015,Bus,Roadworks,Low,1,8,286,TRUE
INC-201902-MAN-004-01,2019-02-26T18:30:00Z,Manchester,MAN-004,Bus,Congestion,Low,1,14,440,TRUE
INC-201902-EDI-002-01,2019-02-26T19:48:00Z,Edinburgh,EDI-002,Bus,Roadworks,Low-Med,2,42,1845,FALSE
INC-201902-LON-013-01,2019-02-27T16:11:00Z,london,LON-013,Underground,Power Issue,Med-High,4,169,29146,TRUE
INC-201902-BRI-022-01,2019-02-28T08:58:00Z,Bristol,BRI-022,Underground,Station Closure,Medium,3,58,4536,TRUE
INC-201902-EDI-012-02,2019-02-28T09:30:00Z,Edinburgh,EDI-012,Underground,Passenger Incident,Low,1,28,5124,TRUE
INC-201902-LON-016-05,2019-02-28T15:07:00Z,London,LON-016,Rail,Signal Failure,Med-High,4,208,60292,TRUE
INC-201902-MAN-014-01,2019-02-28T15:12:00Z,Manchester,MAN-014,BikeShare,Bike Fault,Low,1,13,290,TRUE
INC-201902-LON-016-03,2019-02-28T16:07:00Z,London,LON-016,Rail,Signal Failure,Medium,3,106,25700,TRUE
INC-201902-MAN-009-04,2019-02-28T17:02:00Z,Manchester,MAN-009,Underground,Power Issue,Med-High,4,208,69812,TRUE
INC-201902-MAN-015-02,2019-02-28T17:19:00Z,Manchester,MAN-015,Bus,Staff Shortage,LOW,1,8,378,TRUE
INC-201902-EDI-006-01,2019-02-28T18:55:00Z,Edinburgh,EDI-006,Underground,Signal Failure,Medium,3,106,18479,TRUE
INC-201902-LON-016-02,2019-02-28T19:45:00Z,London,LON-016,Rail,Signal Failure,Med-High,4,135,16532,TRUE
INC-201902-LON-007-01,2019-02-28T19:55:00Z,London,LON-007,Tram,Obstruction,Low,1,9,784,TRUE
INC-201902-LON-001-02,2019-02-28T21:09:00Z,London,LON-001,Bus,Vehicle Fault,Low-Med,2,28,1360,TRUE
INC-201902-MAN-009-06,2019-02-28T21:40:00Z,Manchester,MAN-009,Underground,Passenger Incident,Med-High,4,116,26863,TRUE
INC-201902-LON-009-01,2019-02-28T22:10:00Z,London,LON-009,Rail,Track Fault,Medium,3,73,14302,TRUE
INC-201903-EDI-018-02,2019-03-01T01:56:00Z,Edinburgh,EDI-018,Rail,Rolling Stock,Med-High,4,221,13559,TRUE
INC-201903-MAN-011-01,2019-03-01T18:55:00Z,Manchester,MAN-011,Bus,Accident,Low Med,2,40,2238,TRUE
INC-201903-BRI-010-01,2019-03-01T19:39:00Z,Bristol,BRI-010,BikeShare,Dock Full,Low,1,8,81,FALSE
INC-201903-MAN-013-01,2019-03-02T03:29:00Z,Manchester,MAN-013,Underground,Power Issue,High,5,214,77001,TRUE
INC-201903-MAN-021-01,2019-03-02T03:46:00Z,Manchester,MAN-021,Rail,Signal Failure,Low-Med,2,,3462,TRUE
INC-201903-LON-022-05,2019-03-02T05:37:00Z,London,LON-022,Underground,Signal Failure,Medium,3,71,12303,TRUE
INC-201904-EDI-020-01,2019-03-02T09:41:00Z,London,LON-002,Bus,Accident,Med-High,4,99,4978,TRUE
INC-201903-BRI-005-01,2019-03-02T18:17:00Z,Bristol,BRI-005,Bus,Staff Shortage,Low,1,6,354,TRUE
INC-201903-EDI-015-01,2019-03-02T18:57:00Z,Edinburgh,EDI-015,Bus,Congestion,Low-Med,2,47,2484,TRUE
INC-201903-BRI-003-02,2019-03-02T21:51:00Z,Bristol,BRI-003,Rail,Weather,Medium,3,72,6537,TRUE
INC-201903-LON-003-03,2019-03-03T00:18:00Z,London,LON-003,Bus,Staff Shortage,Medium,3,75,3402,TRUE
INC-201903-LON-006-01,2019-03-03T19:24:00Z,London,LON-006,BikeShare,Bike Fault,Low,1,,,TRUE
INC-201903-BRI-016-02,2019-03-03T20:19:00Z,Bristol,BRI-016,Rail,Signal Failure,Low,1,32,1703,TRUE
INC-201903-LON-002-01,2019-03-04T10:32:00Z,London,LON-002,Bus,Roadworks,Med-High,4,194,9431,FALSE
INC-201903-BRI-014-02,2019-03-04T17:29:00Z,Bristol,BRI-014,Bus,Accident,Low,1,7,254,TRUE
INC-201903-EDI-006-01,2019-03-04T18:05:00Z,Edinburgh,EDI-006,Underground,Signal Failure,Medium,3,74,20981,TRUE
INC-201903-LON-009-03,2019-03-04T19:39:00Z,London,LON-009,Rail,Signal Failure,Medium,3,104,21215,TRUE
INC-201903-BRI-002-02,2019-03-05T07:26:00Z,Bristol,BRI-002,Bus,Congestion,Low,1,15,568,TRUE
INC-201903-LON-020-01,2019-03-05T08:24:00Z,London,LON-020,Bus,Vehicle Fault,Medium,3,88,9824,TRUE
INC-201903-EDI-005-01,2019-03-05T09:37:00Z,Edinburgh,EDI-005,Underground,Signal Failure,Med High,4,196,26034,TRUE
INC-201903-LON-019-01,2019-03-05T10:44:00Z,London,LON-019,Bus,Staff Shortage,Med-High,4,104,9999,TRUE
INC-201903-LON-009-02,2019-03-05T15:42:00Z,London,LON-009,Rail,Weather,Medium,3,69,9813,TRUE
INC-201903-EDI-001-02,2019-03-06T08:22:00Z,Edinburgh,EDI-001,Underground,Signal Failure,Medium,3,63,18348,TRUE
INC-201903-BRI-016-01,2019-03-06T12:38:00Z,Bristol,BRI-016,Rail,Signal Failure,Medium,3,83,21001,FALSE
INC-201903-LON-014-02,2019-03-06T17:29:00Z,London,LON-014,Bus,,Med-High,4,126,7954,TRUE
INC-201903-EDI-004-02,2019-03-06T20:44:00Z,Edinburgh,EDI-004,Bus,Vehicle Fault,Medium,3,107,5773,TRUE
INC-201903-BRI-005-02,2019-03-07T11:49:00Z,Bristol,BRI-005,Bus,Congestion,Low-Med,2,43,2341,TRUE
INC-201903-LON-006-03,2019-03-07T16:06:00Z,London,LON-006,BikeShare,Dock Empty,Low,1,22,439,TRUE
INC-201903-LON-011-02,2019-03-08T21:43:00Z,London,LON-011,Tram,Roadworks,Medium,3,77,3076,TRUE
INC-201903-MAN-017-02,2019-03-08T23:57:00Z,Manchester,MAN-017,Underground,Signal Failure,Med-High,4,172,41328,FALSE
INC-201903-MAN-022-01,2019-03-09T02:10:00Z,Manchester,MAN-022,Rail,Signal Failure,MEDIUM,3,86,6772,TRUE
INC-201902-MAN-016-01,2019-03-09T08:08:00Z,Edinburgh,EDI-001,Underground,Signal Failure,High,5,260,61835,TRUE
INC-201903-LON-021-02,2019-03-09T08:31:00Z,London,LON-021,Bus,Staff Shortage,Medium,3,96,5478,TRUE
INC-201903-LON-015-01,2019-03-09T08:47:00Z,London,LON-015,Rail,Rolling Stock,High,5,204,65110,TRUE
INC-201903-LON-006-02,2019-03-09T09:44:00Z,LDN,LON-006,BikeShare,Dock Full,Low,1,20,358,TRUE
INC-201903-MAN-006-01,2019-03-09T17:45:00Z,Manchester,MAN-006,Tram,Obstruction,Medium,3,113,3747,TRUE
INC-201903-EDI-003-01,2019-03-10T00:35:00Z,Edinburgh,EDI-003,Bus,Staff Shortage,Low,1,11,388,TRUE
INC-201903-EDI-010-01,2019-03-11T06:30:00Z,Edinburgh,EDI-010,Bus,Staff Shortage,Low,1,21,1239,TRUE
INC-201903-MAN-016-03,2019-03-11T09:51:00Z,Manchester,MAN-016,Bus,Congestion,Medium,3,53,2367,TRUE
INC-201903-EDI-018-01,2019-03-11T11:56:00Z,Edinburgh,EDI-018,Rail,Signal Failure,Low-Med,2,34,1530,TRUE
INC-201903-EDI-012-01,2019-03-11T22:09:00Z,Edinburgh,EDI-012,Underground,Signal Failure,High,5,256,39544,TRUE
INC-201903-MAN-005-01,2019-03-13T07:47:00Z,Manchester,MAN-005,Tram,Roadworks,Low-Med,2,37,777,TRUE
INC-201903-BRI-002-03,2019-03-13T13:01:00Z,Bristol,BRI-002,bus,Roadworks,Low,1,10,253,TRUE
INC-201903-BRI-022-01,2019-03-13T18:24:00Z,Bristol,BRI-022,Underground,Power Issue,Med-High,4,98,14349,TRUE
INC-201903-EDI-004-01,2019-03-13T18:41:00Z,Edinburgh,EDI-004,Bus,Congestion,Low-Med,2,44,3255,TRUE
INC-201903-LON-021-01,2019-03-14T10:39:00Z,London,LON-021,Bus,Roadworks,Low,1,26,1478,TRUE
INC-201903-BRI-002-01,2019-03-14T11:51:00Z,Bristol,BRI-002,Bus,Vehicle Fault,Low,1,7,461,TRUE
INC-201903-BRI-018-01,2019-03-14T18:17:00Z,Bristol,BRI-018,Bus,Congestion,Low-Med,2,39,4255,TRUE
INC-201903-EDI-013-01,2019-03-15T02:54:00Z,Edinburgh,EDI-013,Rail,Signal Failure,Low-Med,2,42,4663,TRUE
INC-201903-LON-008-01,2019-03-15T06:37:00Z,London,LON-008,Bus,Vehicle Fault,Low,1,12,589,TRUE
INC-201903-MAN-012-01,2019-03-15T10:36:00Z,Manchester,MAN-012,Rail,Rolling Stock,Medium,3,66,50264,TRUE
INC-201903-BRI-017-01,2019-03-15T16:20:00Z,Bristol,BRI-017,Bus,Roadworks,Low-Med,2,61,2260,TRUE
INC-201903-LON-004-01,2019-03-15T18:32:00Z,London,LON-004,Tram,Obstruction,Low-Med,2,34,1198,TRUE
INC-201903-EDI-009-01,2019-03-15T20:27:00Z,Edinburgh,EDI-009,Bus,Congestion,Low,1,8,337,TRUE
INC-201903-LON-022-04,2019-03-16T17:43:00Z,LDN,LON-022,Underground,Station Closure,High,5,168,33744,FALSE
INC-201903-EDI-017-03,2019-03-16T20:17:00Z,Edinburgh,EDI-017,Underground,Signal Failure,Med-High,4,105,37637,TRUE
INC-201903-MAN-016-01,2019-03-17T19:50:00Z,Manchester,MAN-016,Bus,Staff Shortage,Low-Med,2,24,1098,TRUE
INC-201903-EDI-017-01,2019-03-18T06:53:00Z,Edinburgh,EDI-017,Underground,Signal Failure,Low-Med,2,50,15590,FALSE
INC-201903-EDI-012-02,2019-03-18T07:28:00Z,Edinburgh,EDI-012,underground,Signal Failure,Med-High,4,111,9751,TRUE
INC-201903-MAN-018-01,2019-03-18T22:50:00Z,Manchester,MAN-018,BikeShare,Bike Fault,Low,1,18,214,TRUE
INC-201903-MAN-013-03,2019-03-19T06:53:00Z,Manchester,MAN-013,Underground,Power Issue,Medium,3,125,38469,TRUE
INC-201903-LON-012-02,2019-03-19T07:05:00Z,London,LON-012,Bus,Roadworks,Med High,4,126,13221,TRUE
INC-201903-LON-011-01,2019-03-19T09:33:00Z,London,LON-011,Tram,Power Issue,Low,1,26,874,TRUE
INC-201903-EDI-020-01,2019-03-19T16:24:00Z,Edinburgh,EDI-020,Rail,Track Fault,Low-Med,2,28,3637,TRUE
INC-201903-MAN-008-01,2019-03-19T17:26:00Z,Manchester,MAN-008,Bus,Roadworks,Low-Med,2,39,4635,TRUE
INC-201903-MAN-017-01,2019-03-19T19:00:00Z,Manchester,MAN-017,Underground,Power Issue,High,5,264,84141,TRUE
INC-201903-EDI-008-01,2019-03-20T10:59:00Z,Edinburgh,EDI-008,Bus,Vehicle Fault,Low,1,5,303,TRUE
INC-201903-LON-022-06,2019-03-20T16:42:00Z,London,LON-022,Underground,Signal Failure,Med-High,4,163,108774,TRUE
INC-201903-LON-003-01,2019-03-20T17:54:00Z,London,LON-003,Bus,Accident,Medium,3,80,5613,TRUE
INC-201903-BRI-014-01,2019-03-20T18:39:00Z,Bristol,BRI-014,Bus,Congestion,Low,1,11,466,FALSE
INC-201903-LON-003-02,2019-03-21T02:17:00Z,London,LON-003,Bus,Roadworks,Med-High,4,104,5385,FALSE
INC-201903-LON-003-02,2019-03-21T02:20:00Z,London,LON-003,Bus,Roadworks,Med-High,4,104,5385,FALSE
INC-201903-BRI-006-01,2019-03-21T17:49:00Z,Bristol,BRI-006,Bus,Roadworks,Medium,3,71,,TRUE
INC-201903-EDI-006-02,2019-03-21T18:16:00Z,Edinburgh,EDI-006,Underground,Power Issue,Med-High,4,118,20579,TRUE
INC-201903-MAN-013-02,2019-03-21T18:20:00Z,Manchester,MAN-013,Underground,Power Issue,Medium,3,107,31815,TRUE
INC-201903-MAN-014-01,2019-03-21T18:50:00Z,Manchester,MAN-014,BikeShare,Bike Fault,Low-Med,2,33,404,TRUE
INC-201903-LON-013-01,2019-03-22T08:52:00Z,London,LON-013,Underground,Station Closure,Med-High,4,139,49418,TRUE
INC-201903-MAN-005-03,2019-03-23T02:56:00Z,Manchester,MAN-005,Tram,Roadworks,Medium,3,62,826,TRUE
INC-201903-EDI-017-02,2019-03-23T07:36:00Z,Edinburgh,EDI-017,Underground,Passenger Incident,Medium,3,93,21219,TRUE
INC-201903-LON-014-01,2019-03-23T17:12:00Z,London,LON-014,Bus,Congestion,Med-High,4,165,12986,TRUE
INC-201903-MAN-007-01,2019-03-24T03:49:00Z,Manchester,MAN-007,Tram,Roadworks,Low,1,16,501,TRUE
INC-201903-BRI-001-02,2019-03-24T18:48:00Z,Bristol,BRI-001,bus,Accident,Medium,3,75,5443,TRUE
INC-201903-LON-015-02,2019-03-26T03:57:00Z,London,LON-015,Rail,Track Fault,Med-High,4,141,26686,TRUE
INC-201903-MAN-005-02,2019-03-26T18:49:00Z,Manchester,MAN-005,Tram,Vehicle Fault,Low-Med,2,59,1593,TRUE
INC-201903-MAN-016-02,2019-03-26T20:56:00Z,Manchester,MAN-016,Bus,Staff Shortage,Low,1,9,792,TRUE
INC-201903-MAN-001-01,2019-03-27T03:55:00Z,Manchester,MAN-001,Bus,Congestion,Low,1,5,283,TRUE
INC-201903-LON-019-02,2019-03-27T13:02:00Z,London,LON-019,Bus,Vehicle Fault,Medium,3,88,4798,TRUE
INC-201903-LON-018-02,2019-03-27T18:18:00Z,London,LON-018,Bus,Staff Shortage,Medium,3,103,14378,TRUE
INC-201903-MAN-004-01,2019-03-28T09:25:00Z,Manchester,MAN-004,Bus,Vehicle Fault,Low-Med,2,39,2376,TRUE
INC-201903-BRI-001-01,2019-03-28T16:59:00Z,Bristol,BRI-001,Bus,Roadworks,Low-Med,2,36,1419,TRUE
INC-201903-EDI-001-03,2019-03-29T15:29:00Z,Edinburgh,EDI-001,Underground,Signal Failure,High,5,204,37400,TRUE
INC-201903-MAN-018-02,2019-03-29T17:33:00Z,Manchester,MAN-018,bikeshare,Dock Empty,Low,1,19,400,TRUE
INC-201903-LON-022-03,2019-03-30T01:42:00Z,London,LON-022,Underground,,Medium,3,53,12278,TRUE
INC-201903-LON-022-01,2019-03-30T06:59:00Z,London,LON-022,Underground,Signal Failure,Med-High,4,204,69738,TRUE
INC-201903-LON-018-01,2019-03-30T16:46:00Z,London,LON-018,Bus,Congestion,Med-High,4,136,9684,TRUE
INC-201903-BRI-003-01,2019-03-30T17:32:00Z,Bristol,BRI-003,Rail,Rolling Stock,Medium,3,88,11780,TRUE
INC-201903-LON-012-01,2019-03-30T20:27:00Z,London,LON-012,Bus,Staff Shortage,Low-Med,2,37,3069,TRUE
INC-201903-BRI-021-01,2019-03-30T23:45:00Z,Bristol,BRI-021,Rail,Signal Failure,Medium,3,40,6616,TRUE
INC-201903-LON-022-02,2019-03-31T00:36:00Z,London,LON-022,Underground,Signal Failure,Medium,3,95,27404,TRUE
INC-201903-LON-009-01,2019-03-31T15:55:00Z,London,LON-009,Rail,Signal Failure,Medium,3,76,8881,FALSE
INC-201903-MAN-011-02,2019-03-31T17:43:00Z,Manchester,MAN-011,Bus,Congestion,Low,1,21,604,FALSE
INC-201904-MAN-001-01,2019-04-01T09:46:00Z,Manchester,MAN-001,Bus,Roadworks,Low,1,22,1818,TRUE
INC-201904-LON-016-02,2019-04-02T03:13:00Z,London,LON-016,Rail,Rolling Stock,HIGH,5,259,43603,TRUE
INC-201904-LON-012-02,2019-04-02T04:59:00Z,London,LON-012,Bus,Accident,Low-Med,2,60,5291,TRUE
INC-201904-BRI-011-01,2019-04-02T14:54:00Z,Bristol,BRI-011,Bus,Vehicle Fault,Low,1,25,506,TRUE
INC-201904-BRI-004-01,2019-04-02T17:06:00Z,Bristol,BRI-004,Underground,Signal Failure,Medium,3,78,14428,TRUE
INC-201904-EDI-018-01,2019-04-02T18:54:00Z,Edinburgh,EDI-018,Rail,Track Fault,Medium,3,87,7311,TRUE
INC-201904-EDI-017-02,2019-04-02T23:46:00Z,Edinburgh,EDI-017,Underground,Passenger Incident,Medium,3,61,19067,TRUE
INC-201904-EDI-006-03,2019-04-03T17:53:00Z,Edinburgh,EDI-006,Underground,Power Issue,Medium,3,96,23735,TRUE
INC-201904-MAN-022-04,2019-04-03T22:08:00Z,Manchester,MAN-022,Rail,Weather,Medium,3,103,15521,TRUE
INC-201904-MAN-012-01,2019-04-04T15:22:00Z,Manchester,MAN-012,Rail,Signal Failure,Medium,3,127,10971,TRUE
INC-201904-LON-012-04,2019-04-04T16:50:00Z,London,LON-012,Bus,Accident,Medium,3,90,5307,TRUE
INC-201904-LON-019-03,2019-04-04T18:23:00Z,London,LON-019,Bus,Congestion,Medium,3,96,7180,TRUE
INC-201904-BRI-015-01,2019-04-05T00:33:00Z,Bristol,BRI-015,BikeShare,Bike Fault,Low,1,14,148,TRUE
INC-201904-MAN-003-02,2019-04-05T05:21:00Z,Manchester,MAN-003,BikeShare,Bike Fault,Low-Med,2,25,,TRUE
INC-201904-LON-012-05,2019-04-05T09:45:00Z,London,LON-012,Bus,Vehicle Fault,Medium,3,44,4351,TRUE
INC-201904-LON-021-03,2019-04-05T16:26:00Z,London,LON-021,Bus,Vehicle Fault,Medium,3,114,7425,TRUE
INC-201904-EDI-020-02,2019-04-07T00:45:00Z,Edinburgh,EDI-020,Rail,Signal Failure,Low-Med,2,,5423,TRUE
INC-201904-EDI-020-02,2019-04-07T00:46:00Z,Edinburgh,EDI-020,Rail,Signal Failure,Low-Med,2,,5423,TRUE
INC-201904-LON-012-06,2019-04-07T03:29:00Z,London,LON-012,Bus,Roadworks,Medium,3,66,5871,FALSE
INC-201904-BRI-001-01,2019-04-07T14:38:00Z,Bristol,BRI-001,Bus,Vehicle Fault,Low,1,21,4356,TRUE
INC-201904-BRI-008-02,2019-04-08T07:23:00Z,Bristol,BRI-008,Rail,Rolling Stock,Low-Med,2,56,7260,TRUE
INC-201904-LON-002-01,2019-04-09T06:26:00Z,London,LON-002,Bus,Congestion,Low-Med,2,47,2885,TRUE
INC-201904-EDI-006-04,2019-04-09T15:11:00Z,Edinburgh,EDI-006,underground,Power Issue,High,5,265,61765,FALSE
INC-201904-LON-019-01,2019-04-09T19:27:00Z,London,LON-019,bus,Staff Shortage,Low Med,2,38,3228,TRUE
INC-201904-LON-006-01,2019-04-10T08:12:00Z,London,LON-006,BikeShare,Dock Empty,Low,1,,100,TRUE
INC-201904-BRI-002-02,2019-04-10T09:30:00Z,Bristol,BRI-002,Bus,Congestion,Low,1,14,1654,TRUE
INC-201904-BRI-002-02,2019-04-10T09:34:00Z,Bristol,BRI-002,Bus,Congestion,Low,1,14,1654,TRUE
INC-201904-LON-003-02,2019-04-11T06:41:00Z,London,LON-003,Bus,Congestion,Low-Med,2,46,1967,TRUE
INC-201904-EDI-009-01,2019-04-11T07:54:00Z,Edinburgh,EDI-009,Bus,Congestion,Low,1,8,189,TRUE
INC-201904-LON-015-01,2019-04-11T17:07:00Z,London,LON-015,Rail,Rolling Stock,Med-High,4,123,9594,TRUE
INC-201904-EDI-020-01,2019-04-12T01:37:00Z,Edinburgh,EDI-020,Rail,Signal Failure,Medium,3,80,9019,TRUE
INC-201904-MAN-013-01,2019-04-12T04:45:00Z,Manchester,MAN-013,Underground,Passenger Incident,Med-High,4,158,34388,TRUE
INC-201904-EDI-001-01,2019-04-12T07:58:00Z,Edinburgh,EDI-001,Underground,Passenger Incident,Medium,3,,27760,TRUE
INC-201904-LON-019-02,2019-04-12T08:07:00Z,London,LON-019,Bus,Congestion,Low-Med,2,57,3322,TRUE
INC-201904-BRI-002-04,2019-04-12T09:18:00Z,Bristol,BRI-002,Bus,Roadworks,Medium,3,570,1997,FALSE
INC-201904-LON-011-01,2019-04-12T18:31:00Z,london,LON-011,Tram,Obstruction,Medium,3,110,5311,FALSE
INC-201904-MAN-003-01,2019-04-12T18:51:00Z,Manchester,MAN-003,BikeShare,Dock Full,Low,1,13,70,TRUE
INC-201904-EDI-005-01,2019-04-13T01:24:00Z,Edinburgh,EDI-005,Underground,Signal Failure,Med-High,4,131,38857,TRUE
INC-201904-LON-016-01,2019-04-13T03:39:00Z,London,LON-016,Rail,Track Fault,High,5,267,28917,TRUE
INC-201904-EDI-012-01,2019-04-13T20:44:00Z,Edinburgh,EDI-012,underground,Signal Failure,Low-Med,2,62,18290,TRUE
INC-201904-EDI-013-02,2019-04-13T21:06:00Z,Edinburgh,EDI-013,Rail,Signal Failure,Low-Med,2,53,7266,TRUE
INC-201904-BRI-022-01,2019-04-14T01:45:00Z,Bristol,BRI-022,Underground,Power Issue,Medium,3,56,13836,TRUE
INC-201904-BRI-022-02,2019-04-14T07:29:00Z,Bristol,BRI-022,Underground,Signal Failure,Med-High,4,105,20421,TRUE
INC-201904-MAN-021-01,2019-04-14T16:51:00Z,Manchester,MAN-021,Rail,Signal Failure,Low-Med,2,38,5199,TRUE
INC-201904-MAN-004-01,2019-04-15T06:03:00Z,Manchester,MAN-004,Bus,Roadworks,Low,1,8,198,TRUE
INC-201904-BRI-008-01,2019-04-15T07:01:00Z,Bristol,BRI-008,Rail,Rolling Stock,Medium,3,89,14780,TRUE
INC-201904-MAN-008-01,2019-04-15T08:34:00Z,Manchester,MAN-008,Bus,Staff Shortage,Low,1,19,651,TRUE
INC-201904-BRI-014-02,2019-04-15T08:57:00Z,Bristol,BRI-014,Bus,Staff Shortage,Low,1,12,982,TRUE
INC-201904-LON-018-01,2019-04-15T19:47:00Z,London,LON-018,Bus,Roadworks,Low,1,7,727,TRUE
INC-201904-BRI-013-02,2019-04-16T00:29:00Z,Bristol,BRI-013,Bus,Accident,Low-Med,2,28,731,TRUE
INC-201904-EDI-017-03,2019-04-16T12:34:00Z,Edinburgh,EDI-017,Underground,Signal Failure,Med-High,4,125,18989,TRUE
INC-201904-BRI-002-03,2019-04-16T19:09:00Z,Bristol,BRI-002,Bus,Congestion,Low,1,19,1851,TRUE
INC-201904-BRI-014-01,2019-04-17T06:11:00Z,Bristol,BRI-014,Bus,Vehicle Fault,Low-Med,2,24,1743,TRUE
INC-201904-MAN-003-03,2019-04-17T09:36:00Z,Manchester,MAN-003,BikeShare,Vandalism,Low,1,16,88,TRUE
INC-201904-EDI-003-01,2019-04-17T09:44:00Z,Edinburgh,EDI-003,Bus,Roadworks,Medium,3,84,4789,TRUE
INC-201904-EDI-012-04,2019-04-17T11:48:00Z,Edinburgh,EDI-012,underground,Power Issue,Medium,3,70,12792,TRUE
INC-201904-MAN-020-01,2019-04-18T07:25:00Z,Manchester,MAN-020,Bus,Vehicle Fault,Low-Med,2,40,1861,TRUE
INC-201904-LON-020-01,2019-04-18T17:40:00Z,london,LON-020,Bus,Staff Shortage,Medium,3,117,12051,FALSE
INC-201904-LON-022-01,2019-04-19T07:05:00Z,London,LON-022,underground,Passenger Incident,Med-High,4,196,66508,TRUE
INC-201904-LON-003-01,2019-04-19T08:20:00Z,London,LON-003,Bus,Staff Shortage,Low,1,21,1317,TRUE
INC-201904-MAN-019-01,2019-04-19T18:28:00Z,Manchester,MAN-019,Underground,Station Closure,Med-High,4,105,29592,TRUE
INC-201904-MAN-016-01,2019-04-19T19:55:00Z,Manchester,MAN-016,Bus,Congestion,Low,1,18,1240,TRUE
INC-201904-EDI-017-01,2019-04-19T20:24:00Z,Edinburgh,EDI-017,Underground,Passenger Incident,High,5,275,111174,TRUE
INC-201904-BRI-017-02,2019-04-19T21:17:00Z,Bristol,BRI-017,Bus,Congestion,Low,1,11,709,FALSE
INC-201904-BRI-021-01,2019-04-20T14:17:00Z,Bristol,BRI-021,Rail,Track Fault,Low-Med,2,20,2438,TRUE
INC-201904-MAN-016-02,2019-04-20T18:46:00Z,Manchester,MAN-016,Bus,Roadworks,Low-Med,2,42,2732,TRUE
INC-201904-EDI-002-01,2019-04-20T22:39:00Z,Edinburgh,EDI-002,Bus,Congestion,Low,1,580,3071,TRUE
INC-201904-LON-014-01,2019-04-21T03:10:00Z,London,LON-014,Bus,Vehicle Fault,Low,1,6,276,TRUE
INC-201904-MAN-022-03,2019-04-21T04:40:00Z,Manchester,MAN-022,Rail,Rolling Stock,Med-High,4,108,23545,TRUE
INC-201904-LON-010-01,2019-04-21T16:17:00Z,London,LON-010,BikeShare,Dock Empty,Low,1,11,319,TRUE
INC-201904-EDI-012-02,2019-04-21T18:53:00Z,Edinburgh,EDI-012,Underground,Passenger Incident,Low,1,10,1349,TRUE
INC-201904-LON-021-02,2019-04-22T09:54:00Z,London,LON-021,Bus,Vehicle Fault,Medium,3,84,10274,TRUE
INC-201904-LON-001-02,2019-04-23T09:38:00Z,London,LON-001,Bus,Vehicle Fault,Low,1,20,1594,TRUE
INC-201904-MAN-015-01,2019-04-23T11:59:00Z,Manchester,MAN-015,Bus,Staff Shortage,Low-Med,2,45,4352,TRUE
INC-201904-EDI-006-01,2019-04-23T18:00:00Z,Edinburgh,EDI-006,Underground,Signal Failure,Med-High,4,134,34808,TRUE
INC-201904-BRI-017-01,2019-04-24T07:32:00Z,Bristol,BRI-017,Bus,Congestion,Low,1,20,1066,TRUE
INC-201904-EDI-017-04,2019-04-25T02:53:00Z,Edinburgh,EDI-017,Underground,Passenger Incident,Med-High,4,,26470,TRUE
INC-201904-BRI-019-01,2019-04-25T03:32:00Z,Bristol,BRI-019,Rail,Track Fault,Low-Med,2,50,4685,TRUE
INC-201904-EDI-012-03,2019-04-25T10:07:00Z,Edinburgh,EDI-012,Underground,Signal Failure,Medium,3,116,9726,TRUE
INC-201904-EDI-005-02,2019-04-25T12:40:00Z,Edinburgh,EDI-005,Underground,Power Issue,Medium,3,82,19561,FALSE
INC-201904-LON-022-03,2019-04-25T16:24:00Z,London,LON-022,Underground,Station Closure,Medium,3,101,35751,TRUE
INC-201904-LON-001-01,2019-04-26T08:38:00Z,London,LON-001,Bus,Roadworks,Medium,3,89,6436,TRUE
INC-201904-MAN-017-01,2019-04-26T09:16:00Z,Manchester,MAN-017,Underground,Station Closure,Medium,3,75,6705,TRUE
INC-201904-LON-021-01,2019-04-27T09:14:00Z,London,LON-021,Bus,Staff Shortage,Low-Med,2,40,2336,TRUE
INC-201904-MAN-022-01,2019-04-28T06:22:00Z,Manchester,MAN-022,Rail,Signal Failure,Med-High,4,,31640,FALSE
INC-201904-EDI-013-01,2019-04-28T12:57:00Z,Edinburgh,EDI-013,Rail,Signal Failure,Low-Med,2,28,2042,TRUE
INC-201904-MAN-022-02,2019-04-28T13:58:00Z,Manchester,MAN-022,Rail,Signal Failure,Medium,3,57,5862,TRUE
INC-201904-LON-005-01,2019-04-28T17:59:00Z,London,LON-005,Rail,Track Fault,High,5,158,25134,TRUE
INC-201904-BRI-002-01,2019-04-28T18:42:00Z,Bristol,BRI-002,Bus,Accident,Medium,3,620,4819,TRUE
INC-201904-LON-021-04,2019-04-28T19:41:00Z,London,LON-021,Bus,Congestion,Med-High,4,96,4638,TRUE
INC-201904-LON-012-03,2019-04-29T17:23:00Z,london,LON-012,Bus,Congestion,Med-High,4,169,10418,TRUE
INC-201904-EDI-008-01,2019-04-30T02:31:00Z,Edinburgh,EDI-008,Bus,Roadworks,Low,1,7,468,TRUE
INC-201904-LON-013-01,2019-04-30T04:55:00Z,london,LON-013,Underground,Signal Failure,Medium,3,79,12178,TRUE
INC-201904-BRI-013-01,2019-04-30T06:36:00Z,Bristol,BRI-013,Bus,Roadworks,Low-Med,2,51,2976,TRUE
INC-201904-BRI-016-01,2019-04-30T07:31:00Z,Bristol,BRI-016,Rail,Rolling Stock,Medium,3,66,4681,TRUE
INC-201904-LON-004-01,2019-04-30T08:48:00Z,London,LON-004,Tram,Vehicle Fault,Low-Med,2,58,4514,TRUE
INC-201904-EDI-006-02,2019-04-30T11:59:00Z,Edinburgh,EDI-006,Underground,Station Closure,Medium,3,78,16791,TRUE
INC-201904-EDI-017-05,2019-04-30T11:59:00Z,Edinburgh,EDI-017,Underground,Station Closure,Medium,3,64,15631,TRUE
INC-201904-LON-012-01,2019-04-30T16:59:00Z,London,LON-012,Bus,Congestion,Medium,3,118,21045,TRUE
INC-201904-LON-022-02,2019-04-30T20:18:00Z,London,LON-022,Underground,Station Closure,Med-High,4,212,131888,TRUE
INC-201904-LON-009-01,2019-04-30T21:32:00Z,London,LON-009,Rail,Track Fault,High,5,305,72231,TRUE
INC-201905-MAN-013-01,2019-05-01T07:37:00Z,Manchester,MAN-013,Underground,Signal Failure,Low Med,2,31,8710,TRUE
INC-201905-MAN-004-03,2019-05-01T08:45:00Z,Manchester,MAN-004,Bus,Roadworks,Low-Med,2,35,5731,TRUE
INC-201905-EDI-012-01,2019-05-01T17:10:00Z,Edinburgh,EDI-012,Underground,Power Issue,High,5,258,58711,TRUE
INC-201905-BRI-011-01,2019-05-01T17:53:00Z,Bristol,BRI-011,Bus,Congestion,Medium,3,92,4210,TRUE
INC-201905-MAN-004-01,2019-05-02T08:37:00Z,Manchester,MAN-004,Bus,Congestion,Low-Med,2,20,1952,TRUE
INC-201905-BRI-018-05,2019-05-02T23:45:00Z,Bristol,BRI-018,Bus,Roadworks,Low,1,27,1086,TRUE
INC-201905-LON-012-01,2019-05-03T09:13:00Z,london,LON-012,Bus,Staff Shortage,High,5,207,18778,TRUE
INC-201905-LON-012-01,2019-05-03T09:14:00Z,london,LON-012,Bus,Staff Shortage,High,5,207,18778,TRUE
INC-201905-LON-003-02,2019-05-03T17:40:00Z,London,LON-003,Bus,Congestion,Medium,3,120,7096,TRUE
INC-201905-MAN-008-02,2019-05-03T18:05:00Z,Manchester,MAN-008,Bus,Vehicle Fault,Low-Med,2,34,3094,TRUE
INC-201905-LON-017-03,2019-05-03T18:16:00Z,London,LON-017,Bus,Vehicle Fault,Low-Med,2,49,3012,TRUE
INC-201905-EDI-006-01,2019-05-03T18:36:00Z,Edinburgh,EDI-006,Underground,Signal Failure,Med-High,4,95,31679,TRUE
INC-201905-LON-012-03,2019-05-03T23:32:00Z,London,LON-012,Bus,Congestion,Med-High,4,98,10503,TRUE
INC-201905-MAN-004-05,2019-05-04T04:48:00Z,Manchester,MAN-004,Bus,Congestion,Low-Med,2,44,1917,TRUE
INC-201905-LON-009-01,2019-05-04T23:55:00Z,London,LON-009,Rail,Rolling Stock,Low-Med,2,38,3644,TRUE
INC-201905-MAN-021-01,2019-05-05T01:55:00Z,Manchester,MAN-021,Rail,Rolling Stock,Med-High,4,190,9120,TRUE
INC-201905-BRI-020-01,2019-05-05T08:01:00Z,Bristol,BRI-020,Rail,Signal Failure,Low-Med,2,40,2861,TRUE
INC-201905-LON-016-01,2019-05-05T08:59:00Z,LDN,LON-016,Rail,Rolling Stock,Med-High,4,173,17136,TRUE
INC-201905-EDI-013-01,2019-05-05T15:36:00Z,Edinburgh,EDI-013,Rail,Signal Failure,High,5,211,10903,TRUE
INC-201905-BRI-016-01,2019-05-05T21:15:00Z,Bristol,BRI-016,Rail,Signal Failure,Low-Med,2,36,4250,TRUE
INC-201905-BRI-021-02,2019-05-06T13:06:00Z,Bristol,BRI-021,Rail,Signal Failure,Medium,3,104,16829,TRUE
INC-201905-LON-014-01,2019-05-06T14:52:00Z,London,LON-014,Bus,Accident,Medium,3,67,2620,TRUE
INC-201905-LON-012-04,2019-05-06T17:38:00Z,London,LON-012,Bus,Roadworks,Medium,3,72,3106,TRUE
INC-201905-MAN-004-02,2019-05-06T21:24:00Z,Manchester,MAN-004,Bus,Congestion,Medium,3,58,3667,TRUE
INC-201905-BRI-002-01,2019-05-07T08:38:00Z,Bristol,BRI-002,Bus,Roadworks,Low-Med,2,60,9865,TRUE
INC-201905-BRI-017-01,2019-05-07T17:12:00Z,Bristol,BRI-017,Bus,Accident,LOW,1,10,352,TRUE
INC-201905-LON-002-01,2019-05-07T17:22:00Z,London,LON-002,Bus,Staff Shortage,Low-Med,2,27,3420,TRUE
INC-201905-LON-021-04,2019-05-07T17:39:00Z,London,LON-021,bus,Vehicle Fault,Low-Med,2,49,3882,TRUE
INC-201905-EDI-001-02,2019-05-08T02:00:00Z,EDI,EDI-001,Underground,Signal Failure,Med-High,4,148,19345,TRUE
INC-201905-BRI-018-01,2019-05-08T09:18:00Z,Bristol,BRI-018,Bus,Accident,Low-Med,2,34,1656,TRUE
INC-201905-BRI-018-01,2019-05-08T09:21:00Z,Bristol,BRI-018,Bus,Accident,Low-Med,2,34,1656,TRUE
INC-201905-EDI-005-01,2019-05-08T18:56:00Z,Edinburgh,EDI-005,Underground,Power Issue,Low-Med,2,44,6323,TRUE
INC-201905-LON-019-01,2019-05-09T07:34:00Z,London,LON-019,Bus,Staff Shortage,Low,1,22,2137,TRUE
INC-201905-BRI-004-01,2019-05-09T07:52:00Z,Bristol,BRI-004,Underground,Station Closure,High,5,328,90427,FALSE
INC-201905-BRI-008-02,2019-05-09T23:49:00Z,Bristol,BRI-008,Rail,Signal Failure,LOW-MED,2,28,2486,TRUE
INC-201905-MAN-011-01,2019-05-11T17:49:00Z,Manchester,MAN-011,Bus,Congestion,Low,1,9,260,TRUE
INC-201905-EDI-004-01,2019-05-11T19:15:00Z,Edinburgh,EDI-004,Bus,Vehicle Fault,Low,1,9,200,TRUE
INC-201905-MAN-009-02,2019-05-12T08:39:00Z,Manchester,MAN-009,Underground,Station Closure,High,5,166,45935,TRUE
INC-201905-BRI-018-02,2019-05-12T13:15:00Z,Bristol,BRI-018,Bus,Accident,Low,1,21,561,TRUE
INC-201905-LON-004-01,2019-05-12T18:21:00Z,London,LON-004,Tram,Vehicle Fault,Low-Med,2,37,788,TRUE
INC-201905-EDI-012-02,2019-05-12T21:36:00Z,Edinburgh,EDI-012,Underground,Passenger Incident,Med-High,4,113,20039,TRUE
INC-201905-BRI-021-01,2019-05-12T23:19:00Z,Bristol,BRI-021,Rail,Rolling Stock,Med-High,4,142,20329,TRUE
INC-201905-MAN-016-01,2019-05-13T00:29:00Z,Manchester,MAN-016,Bus,Congestion,Low,1,14,440,TRUE
INC-201905-EDI-001-03,2019-05-13T09:04:00Z,Edinburgh,EDI-001,Underground,Station Closure,Low,1,21,2300,TRUE
INC-201905-BRI-004-02,2019-05-13T20:47:00Z,Bristol,BRI-004,Underground,Power Issue,Medium,3,93,31849,TRUE
INC-201905-EDI-003-01,2019-05-14T07:26:00Z,Edinburgh,EDI-003,Bus,Congestion,Low,1,17,887,TRUE
INC-201905-BRI-004-03,2019-05-14T23:14:00Z,Bristol,BRI-004,Underground,Signal Failure,Med-High,4,174,37954,TRUE
INC-201905-LON-022-01,2019-05-15T05:03:00Z,London,LON-022,Underground,Power Issue,High,5,,64526,TRUE
INC-201905-EDI-014-02,2019-05-15T15:26:00Z,Edinburgh,EDI-014,Underground,Power Issue,Med-High,4,206,28675,TRUE
INC-201905-MAN-008-01,2019-05-16T06:52:00Z,Manchester,MAN-008,Bus,Congestion,Medium,3,69,7440,TRUE
INC-201905-MAN-019-01,2019-05-16T17:01:00Z,Manchester,MAN-019,Underground,Passenger Incident,Med-High,4,133,25948,TRUE
INC-201905-MAN-019-02,2019-05-16T17:15:00Z,Manchester,MAN-019,Underground,Power Issue,Medium,3,69,22392,FALSE
INC-201905-MAN-016-02,2019-05-16T17:51:00Z,Manchester,MAN-016,Bus,Vehicle Fault,Low,1,26,906,FALSE
INC-201905-EDI-006-02,2019-05-17T06:45:00Z,Edinburgh,EDI-006,Underground,Signal Failure,Low,1,17,4499,TRUE
INC-201905-MAN-014-01,2019-05-17T10:37:00Z,Manchester,MAN-014,BikeShare,Vandalism,Low,1,19,74,TRUE
INC-201905-LON-017-01,2019-05-17T12:15:00Z,London,LON-017,Bus,Accident,Med-High,4,163,11119,TRUE
INC-201905-BRI-018-04,2019-05-17T22:21:00Z,Bristol,BRI-018,Bus,Vehicle Fault,Low,1,22,806,TRUE
INC-201905-EDI-001-01,2019-05-18T01:18:00Z,EDI,EDI-001,Underground,Passenger Incident,Medium,3,112,18040,TRUE
INC-201905-MAN-022-02,2019-05-18T06:58:00Z,Manchester,MAN-022,Rail,Signal Failure,Medium,3,109,8917,TRUE
INC-201905-LON-021-03,2019-05-19T06:37:00Z,London,LON-021,bus,Roadworks,Low,1,22,1797,TRUE
INC-201905-BRI-003-01,2019-05-19T18:41:00Z,Bristol,BRI-003,Rail,Track Fault,Medium,3,,7946,TRUE
INC-201905-EDI-001-04,2019-05-20T00:55:00Z,Edinburgh,EDI-001,Underground,Power Issue,Med-High,4,107,267352,TRUE
INC-201905-MAN-018-01,2019-05-20T14:23:00Z,Manchester,MAN-018,BikeShare,Dock Empty,Low,1,13,111,TRUE
INC-201905-LON-006-01,2019-05-21T06:24:00Z,London,LON-006,BikeShare,Dock Empty,Low,1,5,26,TRUE
INC-201905-LON-005-01,2019-05-21T07:23:00Z,London,LON-005,Rail,Rolling Stock,Med-High,4,93,16588,TRUE
INC-201905-EDI-017-02,2019-05-21T11:13:00Z,Edinburgh,EDI-017,Underground,Passenger Incident,Medium,3,105,18042,TRUE
INC-201905-BRI-011-02,2019-05-21T16:33:00Z,Bristol,BRI-011,Bus,Vehicle Fault,Low,1,14,1675,TRUE
INC-201905-LON-003-01,2019-05-22T09:08:00Z,London,LON-003,Bus,Vehicle Fault,Low-Med,2,48,1263,TRUE
INC-201905-LON-021-02,2019-05-22T10:19:00Z,London,LON-021,Bus,Congestion,Med-High,4,111,5478,TRUE
INC-201905-MAN-012-01,2019-05-22T16:38:00Z,MAN,MAN-012,rail,Weather,Med High,4,95,9553,TRUE
INC-201905-EDI-002-01,2019-05-22T19:59:00Z,Edinburgh,EDI-002,Bus,Roadworks,Medium,3,91,8584,TRUE
INC-201905-EDI-019-01,2019-05-22T21:13:00Z,Edinburgh,EDI-019,Tram,Vehicle Fault,Low,1,5,248,TRUE
INC-201905-EDI-019-01,2019-05-22T21:18:00Z,Edinburgh,EDI-019,Tram,Vehicle Fault,Low,1,5,248,TRUE
INC-201905-MAN-004-04,2019-05-22T23:49:00Z,Manchester,MAN-004,Bus,Congestion,Low-Med,2,58,8201,TRUE
INC-201905-EDI-014-01,2019-05-23T09:17:00Z,Edinburgh,EDI-014,Underground,Passenger Incident,Med-High,4,97,24804,TRUE
INC-201905-EDI-017-01,2019-05-23T17:00:00Z,Edinburgh,EDI-017,Underground,Power Issue,Medium,3,83,16947,TRUE
INC-201905-BRI-018-03,2019-05-24T09:11:00Z,Bristol,BRI-018,Bus,Congestion,Low,1,5,380,TRUE
INC-201905-MAN-017-02,2019-05-24T11:48:00Z,Manchester,MAN-017,Underground,Passenger Incident,Med High,4,102,40771,TRUE
INC-201905-BRI-022-01,2019-05-24T18:28:00Z,bristol,BRI-022,Underground,Power Issue,Med-High,4,126,36423,TRUE
INC-201905-LON-013-01,2019-05-25T08:54:00Z,London,LON-013,Underground,Passenger Incident,Medium,3,106,40421,TRUE
INC-201905-MAN-007-01,2019-05-25T22:39:00Z,Manchester,MAN-007,Tram,Vehicle Fault,Low-Med,2,24,601,FALSE
INC-201905-LON-012-02,2019-05-26T08:10:00Z,London,LON-012,Bus,Staff Shortage,Medium,3,106,7152,TRUE
INC-201905-EDI-011-01,2019-05-26T08:23:00Z,Edinburgh,EDI-011,Bus,Congestion,Medium,3,67,3829,TRUE
INC-201905-MAN-017-01,2019-05-26T17:34:00Z,Manchester,MAN-017,Underground,Passenger Incident,Low-Med,2,63,,TRUE
INC-201905-BRI-003-02,2019-05-26T18:49:00Z,Bristol,BRI-003,Rail,Rolling Stock,Medium,3,57,5232,TRUE
INC-201905-EDI-015-01,2019-05-27T05:26:00Z,Edinburgh,EDI-015,Bus,Congestion,Low,1,21,980,TRUE
INC-201905-LON-021-01,2019-05-27T18:18:00Z,London,LON-021,Bus,Accident,Low-Med,2,38,1492,TRUE
INC-201905-EDI-006-03,2019-05-28T07:09:00Z,Edinburgh,EDI-006,Underground,Power Issue,Med High,4,198,83661,TRUE
INC-201905-LON-003-03,2019-05-28T17:06:00Z,London,LON-003,Bus,Congestion,Low-Med,2,62,1286,TRUE
INC-201905-BRI-009-01,2019-05-28T18:24:00Z,Bristol,BRI-009,Tram,Obstruction,Low,1,26,292,TRUE
INC-201905-MAN-022-01,2019-05-29T06:16:00Z,Manchester,MAN-022,Rail,Signal Failure,Medium,3,78,13390,TRUE
INC-201905-MAN-010-01,2019-05-29T14:52:00Z,Manchester,MAN-010,Rail,Track Fault,Low-Med,2,54,4653,TRUE
INC-201905-BRI-008-01,2019-05-29T18:40:00Z,Bristol,BRI-008,Rail,Rolling Stock,Medium,3,86,3291,TRUE
INC-201905-EDI-008-01,2019-05-29T20:45:00Z,Edinburgh,EDI-008,Bus,Roadworks,Low-Med,2,66,2756,TRUE
INC-201905-MAN-008-03,2019-05-29T22:09:00Z,Manchester,MAN-008,Bus,Vehicle Fault,Low,1,300,1477,FALSE
INC-201905-BRI-001-01,2019-05-30T02:30:00Z,Bristol,BRI-001,Bus,Congestion,Low-Med,2,56,2971,TRUE
INC-201905-MAN-017-03,2019-05-30T18:39:00Z,Manchester,MAN-017,Underground,Power Issue,High,5,263,50334,TRUE
INC-201905-LON-001-01,2019-05-30T19:37:00Z,London,LON-001,Bus,Congestion,Low,1,9,690,FALSE
INC-201905-LON-017-02,2019-05-31T01:54:00Z,London,LON-017,Bus,Congestion,Medium,3,78,5411,TRUE
INC-201905-EDI-020-01,2019-05-31T02:36:00Z,Edinburgh,EDI-020,Rail,Signal Failure,Medium,3,53,,TRUE
INC-201905-MAN-009-01,2019-05-31T07:18:00Z,Manchester,MAN-009,Underground,Signal Failure,High,5,212,68066,TRUE
INC-201905-EDI-005-02,2019-05-31T08:30:00Z,Edinburgh,EDI-005,Underground,Signal Failure,Medium,3,88,16407,TRUE
INC-201906-BRI-005-01,2019-06-02T07:30:00Z,Bristol,BRI-005,Bus,Congestion,Low,1,24,932,TRUE
INC-201906-EDI-020-01,2019-06-02T13:53:00Z,EDI,EDI-020,Rail,Signal Failure,Low,1,22,1070,TRUE
INC-201906-MAN-011-01,2019-06-02T16:14:00Z,Manchester,MAN-011,Bus,Roadworks,Low,1,9,,TRUE
INC-201906-LON-001-01,2019-06-02T17:05:00Z,London,LON-001,Bus,Staff Shortage,High,5,258,35345,TRUE
INC-201906-LON-022-01,2019-06-02T19:19:00Z,London,LON-022,Underground,Passenger Incident,High,5,160,92965,FALSE
INC-201906-MAN-013-01,2019-06-02T21:18:00Z,Manchester,MAN-013,Underground,Signal Failure,High,5,152,47492,TRUE
INC-201906-EDI-009-01,2019-06-02T23:58:00Z,Edinburgh,EDI-009,Bus,Staff Shortage,Low,1,5,240,TRUE
INC-201906-EDI-002-02,2019-06-03T01:01:00Z,Edinburgh,EDI-002,Bus,Congestion,Low,1,26,1118,TRUE
INC-201906-LON-019-01,2019-06-03T18:40:00Z,London,LON-019,Bus,Staff Shortage,Low-Med,2,32,4200,TRUE
INC-201906-EDI-012-01,2019-06-03T23:52:00Z,Edinburgh,EDI-012,Underground,Signal Failure,Medium,3,120,74389,TRUE
INC-201906-MAN-018-01,2019-06-05T06:45:00Z,Manchester,MAN-018,BikeShare,Vandalism,Low,1,5,51,TRUE
INC-201906-MAN-022-01,2019-06-05T09:27:00Z,Manchester,MAN-022,Rail,Track Fault,Medium,3,82,16912,TRUE
INC-201906-MAN-021-01,2019-06-05T17:15:00Z,Manchester,MAN-021,Rail,Track Fault,Medium,3,112,10976,TRUE
INC-201906-EDI-008-01,2019-06-05T22:09:00Z,Edinburgh,EDI-008,Bus,Congestion,Low,1,11,469,TRUE
INC-201906-BRI-005-02,2019-06-06T02:10:00Z,Bristol,BRI-005,Bus,Roadworks,Medium,3,101,4688,TRUE
INC-201906-EDI-018-01,2019-06-06T08:38:00Z,Edinburgh,EDI-018,Rail,Rolling Stock,Medium,3,,7706,TRUE
INC-201906-EDI-002-01,2019-06-06T13:28:00Z,Edinburgh,EDI-002,Bus,Congestion,Low,1,24,640,TRUE
INC-201906-BRI-021-01,2019-06-07T08:03:00Z,Bristol,BRI-021,Rail,Rolling Stock,MEDIUM,3,74,8016,TRUE
INC-201906-LON-022-02,2019-06-09T06:19:00Z,London,LON-022,Underground,Power Issue,High,5,269,209066,TRUE
INC-201906-BRI-003-02,2019-06-09T09:02:00Z,Bristol,BRI-003,Rail,Track Fault,Medium,3,98,8386,TRUE
INC-201906-LON-018-02,2019-06-09T15:30:00Z,London,LON-018,Bus,Vehicle Fault,Med-High,4,196,24871,TRUE
INC-201906-LON-022-03,2019-06-09T17:19:00Z,London,LON-022,Underground,Signal Failure,High,5,310,193361,TRUE
INC-201906-BRI-003-01,2019-06-09T19:07:00Z,Bristol,BRI-003,Rail,Track Fault,Medium,3,84,12149,TRUE
INC-201906-EDI-003-02,2019-06-10T04:07:00Z,Edinburgh,EDI-003,bus,Vehicle Fault,Low-Med,2,45,2085,FALSE
INC-201906-EDI-004-02,2019-06-10T07:25:00Z,Edinburgh,EDI-004,Bus,Congestion,Medium,3,75,10002,TRUE
INC-201906-LON-021-01,2019-06-10T08:11:00Z,London,LON-021,Bus,Congestion,Medium,3,82,11041,TRUE
INC-201906-EDI-021-01,2019-06-10T18:09:00Z,Edinburgh,EDI-021,Tram,Power Issue,Low,1,12,180,TRUE
INC-201906-LON-004-05,2019-06-10T19:34:00Z,London,LON-004,Tram,Vehicle Fault,Medium,3,107,5227,TRUE
INC-201906-EDI-006-02,2019-06-10T19:35:00Z,Edinburgh,EDI-006,Underground,Passenger Incident,Med-High,4,197,35361,TRUE
INC-201906-MAN-016-01,2019-06-11T08:46:00Z,Manchester,MAN-016,Bus,Roadworks,Low-Med,2,59,6058,TRUE
INC-201906-BRI-014-01,2019-06-11T10:28:00Z,Bristol,BRI-014,Bus,Congestion,Low,1,16,829,TRUE
INC-201906-LON-001-02,2019-06-11T10:47:00Z,London,LON-001,Bus,Staff Shortage,Med-High,4,163,15618,TRUE
INC-201906-LON-018-03,2019-06-11T17:25:00Z,London,LON-018,Bus,Congestion,Medium,3,77,3659,TRUE
INC-201906-LON-004-02,2019-06-11T18:49:00Z,London,LON-004,Tram,Power Issue,Low,1,16,711,TRUE
INC-201906-LON-019-02,2019-06-12T06:41:00Z,London,LON-019,Bus,Roadworks,Medium,3,74,6975,TRUE
INC-201906-LON-008-01,2019-06-12T14:27:00Z,London,LON-008,Bus,Roadworks,Med-High,4,164,16634,TRUE
INC-201906-LON-008-01,2019-06-12T14:27:00Z,London,LON-008,Bus,Roadworks,Med-High,4,164,16634,TRUE
INC-201906-MAN-014-01,2019-06-12T17:12:00Z,Manchester,MAN-014,BikeShare,Bike Fault,Low,1,13,250,FALSE
INC-201906-BRI-016-01,2019-06-12T18:48:00Z,Bristol,BRI-016,Rail,Rolling Stock,Low,1,16,1228,TRUE
INC-201906-EDI-007-01,2019-06-13T05:15:00Z,Edinburgh,EDI-007,BikeShare,Dock Full,Low,1,15,150,TRUE
INC-201906-MAN-017-01,2019-06-13T05:24:00Z,Manchester,MAN-017,Underground,Station Closure,Med-High,4,184,28006,FALSE
INC-201906-LON-003-01,2019-06-13T07:38:00Z,London,LON-003,Bus,Congestion,Low,1,19,554,TRUE
INC-201906-LON-002-01,2019-06-14T11:29:00Z,London,LON-002,Bus,Roadworks,Medium,3,95,8330,TRUE
INC-201906-BRI-014-02,2019-06-14T17:53:00Z,Bristol,BRI-014,Bus,Congestion,Low-Med,2,26,964,TRUE
INC-201906-BRI-015-01,2019-06-14T19:03:00Z,Bristol,BRI-015,BikeShare,Bike Fault,Low,1,17,109,TRUE
INC-201906-LON-005-02,2019-06-15T07:06:00Z,London,LON-005,Rail,Rolling Stock,High,5,314,60672,TRUE
INC-201906-MAN-007-01,2019-06-15T07:53:00Z,Manchester,MAN-007,Tram,Obstruction,Low,1,14,678,TRUE
INC-201906-BRI-004-02,2019-06-15T08:01:00Z,Bristol,BRI-004,Underground,Passenger Incident,Medium,3,70,8494,TRUE
INC-201906-BRI-006-02,2019-06-15T08:37:00Z,Bristol,BRI-006,Bus,Vehicle Fault,Low-Med,2,46,2063,TRUE
INC-201906-LON-019-03,2019-06-16T13:24:00Z,London,LON-019,Bus,Congestion,Medium,3,56,3503,TRUE
INC-201906-MAN-022-02,2019-06-16T18:02:00Z,Manchester,MAN-022,Rail,Track Fault,Med-High,4,120,17535,TRUE
INC-201906-BRI-006-03,2019-06-16T18:39:00Z,Bristol,BRI-006,Bus,Congestion,Low,1,14,769,TRUE
INC-202403-BRI-021-01,2019-06-17T07:43:00Z,Edinburgh,EDI-008,Bus,Congestion,Low,1,5,125,TRUE
INC-201906-LON-018-01,2019-06-17T16:40:00Z,London,LON-018,Bus,Roadworks,Med-High,4,128,15866,TRUE
INC-201906-LON-013-02,2019-06-18T00:37:00Z,London,LON-013,Underground,Power Issue,Med-High,4,136,30122,TRUE
INC-201906-LON-004-01,2019-06-18T13:58:00Z,London,LON-004,Tram,Vehicle Fault,Low,1,26,1813,TRUE
INC-201906-MAN-009-01,2019-06-19T06:02:00Z,Manchester,MAN-009,Underground,Power Issue,High,5,250,61198,TRUE
INC-201906-BRI-010-01,2019-06-19T06:37:00Z,Bristol,BRI-010,BikeShare,Bike Fault,Low,1,13,143,TRUE
INC-201906-BRI-006-01,2019-06-19T08:55:00Z,Bristol,BRI-006,Bus,Roadworks,Low-Med,2,44,2101,TRUE
INC-201906-BRI-004-01,2019-06-19T15:57:00Z,Bristol,BRI-004,Underground,Power Issue,Medium,3,98,26734,TRUE
INC-201906-LON-017-04,2019-06-19T16:19:00Z,London,LON-017,Bus,Congestion,Medium,3,59,7513,TRUE
INC-201906-LON-015-01,2019-06-19T16:59:00Z,London,LON-015,Rail,Signal Failure,High,5,323,64041,TRUE
INC-201906-BRI-001-01,2019-06-20T10:46:00Z,Bristol,BRI-001,Bus,Congestion,Medium,3,72,3537,TRUE
INC-201906-LON-005-01,2019-06-21T07:51:00Z,London,LON-005,Rail,Signal Failure,Med-High,4,144,34641,TRUE
INC-201906-MAN-017-02,2019-06-21T18:22:00Z,Manchester,MAN-017,Underground,Power Issue,Med-High,4,167,52533,TRUE
INC-201906-LON-004-03,2019-06-21T21:07:00Z,London,LON-004,Tram,Power Issue,Medium,3,74,9859,TRUE
INC-201906-LON-017-03,2019-06-22T00:55:00Z,London,LON-017,Bus,Congestion,Medium,3,112,,FALSE
INC-201906-BRI-019-01,2019-06-22T08:42:00Z,Bristol,BRI-019,Rail,Signal Failure,Med-High,4,204,11370,TRUE
INC-201906-BRI-011-01,2019-06-22T09:31:00Z,Bristol,BRI-011,Bus,Congestion,Low,1,18,1535,TRUE
INC-201906-EDI-006-01,2019-06-22T10:14:00Z,Edinburgh,EDI-006,Underground,Signal Failure,Medium,3,101,19931,TRUE
INC-201906-EDI-012-03,2019-06-22T16:24:00Z,Edinburgh,EDI-012,Underground,Signal Failure,Low,1,31,10218,TRUE
INC-201906-BRI-012-01,2019-06-22T18:37:00Z,Bristol,BRI-012,BikeShare,Dock Empty,Low,1,15,72,TRUE
INC-201906-EDI-003-01,2019-06-23T22:00:00Z,Edinburgh,EDI-003,Bus,Staff Shortage,Low-Med,2,52,3390,FALSE
INC-201906-EDI-012-02,2019-06-24T09:56:00Z,Edinburgh,EDI-012,Underground,Station Closure,Med-High,4,165,81305,TRUE
INC-201906-MAN-009-02,2019-06-25T02:11:00Z,Manchester,MAN-009,Underground,Signal Failure,High,5,214,113956,TRUE
INC-201906-LON-006-01,2019-06-25T16:43:00Z,London,LON-006,BikeShare,Dock Full,Low,1,5,116,TRUE
INC-201906-EDI-014-01,2019-06-26T03:30:00Z,Edinburgh,EDI-014,Underground,Signal Failure,Medium,3,110,13464,TRUE
INC-201906-BRI-018-01,2019-06-26T17:12:00Z,Bristol,BRI-018,Bus,Congestion,Low-Med,2,58,1385,TRUE
INC-201906-LON-017-01,2019-06-26T18:30:00Z,london,LON-017,Bus,Vehicle Fault,Med-High,4,102,8960,TRUE
INC-201906-LON-014-01,2019-06-27T09:33:00Z,London,LON-014,Bus,Roadworks,Medium,3,115,5658,TRUE
INC-201906-BRI-019-02,2019-06-27T09:58:00Z,Bristol,BRI-019,Rail,Weather,Medium,3,119,17606,TRUE
INC-201906-LON-004-04,2019-06-28T13:46:00Z,London,LON-004,Tram,,Medium,3,95,2832,TRUE
INC-201906-LON-008-02,2019-06-29T07:51:00Z,London,LON-008,Bus,Roadworks,Low-Med,2,45,2854,TRUE
INC-201906-LON-013-01,2019-06-29T09:40:00Z,london,LON-013,Underground,Passenger Incident,Med High,4,158,74061,TRUE
INC-201906-LON-017-02,2019-06-29T23:38:00Z,London,LON-017,Bus,Congestion,Med-High,4,183,27198,TRUE
INC-201906-BRI-002-01,2019-06-30T07:31:00Z,Bristol,BRI-002,Bus,Congestion,Low-Med,2,40,1940,TRUE
INC-201906-EDI-004-01,2019-06-30T07:43:00Z,Edinburgh,EDI-004,Bus,Congestion,Med-High,4,166,8998,TRUE
INC-201906-EDI-010-01,2019-06-30T08:38:00Z,Edinburgh,EDI-010,Bus,Staff Shortage,Low,1,9,1009,TRUE
INC-201906-EDI-020-02,2019-06-30T08:47:00Z,Edinburgh,EDI-020,Rail,Rolling Stock,Low,1,17,1347,TRUE
INC-201906-LON-016-01,2019-06-30T16:30:00Z,LDN,LON-016,Rail,Signal Failure,Low-Med,2,32,,FALSE
INC-201906-BRI-020-01,2019-06-30T17:25:00Z,Bristol,BRI-020,Rail,Rolling Stock,Medium,3,99,10067,TRUE
INC-201906-LON-005-03,2019-06-30T17:41:00Z,London,LON-005,Rail,Rolling Stock,Medium,3,104,14960,TRUE
INC-201906-MAN-021-02,2019-06-30T22:04:00Z,Manchester,MAN-021,Rail,Rolling Stock,Medium,3,119,8713,TRUE
INC-201907-EDI-002-01,2019-07-01T13:02:00Z,Edinburgh,EDI-002,Bus,Vehicle Fault,Low,1,5,136,TRUE
INC-201907-LON-002-01,2019-07-01T17:06:00Z,London,LON-002,Bus,Roadworks,Med-High,4,200,13350,TRUE
INC-201907-EDI-018-01,2019-07-02T02:27:00Z,Edinburgh,EDI-018,Rail,Signal Failure,Med-High,4,,17001,TRUE
INC-201907-EDI-020-03,2019-07-02T07:40:00Z,Edinburgh,EDI-020,Rail,Signal Failure,Low-Med,2,34,4491,TRUE
INC-201907-EDI-020-04,2019-07-02T08:41:00Z,Edinburgh,EDI-020,Rail,Signal Failure,Med-High,4,168,7229,TRUE
INC-201907-EDI-005-03,2019-07-02T18:08:00Z,Edinburgh,EDI-005,Underground,Signal Failure,LOW-MED,2,61,10814,TRUE
INC-201907-BRI-022-03,2019-07-03T07:51:00Z,Bristol,BRI-022,Underground,Power Issue,Med-High,4,140,72720,TRUE
INC-201907-LON-009-03,2019-07-03T10:22:00Z,London,LON-009,Rail,Signal Failure,Medium,3,120,16937,TRUE
INC-201907-MAN-008-03,2019-07-03T12:09:00Z,Manchester,MAN-008,bus,Staff Shortage,Low,1,5,338,TRUE
INC-201907-LON-005-02,2019-07-03T17:47:00Z,London,LON-005,Rail,Weather,Med-High,4,185,32078,TRUE
INC-201907-LON-021-02,2019-07-03T19:36:00Z,london,LON-021,Bus,Accident,HIGH,5,292,31164,TRUE
INC-201907-BRI-004-01,2019-07-03T19:47:00Z,Bristol,BRI-004,Underground,Station Closure,High,5,269,148151,TRUE
INC-201907-EDI-009-01,2019-07-03T22:56:00Z,Edinburgh,EDI-009,Bus,Accident,Low,1,21,1880,TRUE
INC-201907-EDI-004-01,2019-07-04T02:51:00Z,Edinburgh,EDI-004,Bus,Congestion,Low,1,8,831,TRUE
INC-201907-LON-012-01,2019-07-04T04:43:00Z,London,LON-012,Bus,Staff Shortage,Med-High,4,205,15610,TRUE
INC-201907-BRI-006-01,2019-07-04T07:12:00Z,Bristol,BRI-006,Bus,Roadworks,Low-Med,2,61,3450,TRUE
INC-201907-EDI-019-01,2019-07-04T17:15:00Z,Edinburgh,EDI-019,Tram,Vehicle Fault,Low-Med,2,52,2278,TRUE
INC-201907-LON-014-04,2019-07-05T03:07:00Z,London,LON-014,Bus,Congestion,Medium,3,125,,TRUE
INC-201907-LON-011-03,2019-07-05T10:13:00Z,London,LON-011,Tram,Vehicle Fault,Medium,3,82,3421,TRUE
INC-201907-MAN-015-02,2019-07-05T18:02:00Z,Manchester,MAN-015,Bus,Vehicle Fault,Medium,3,100,5382,TRUE
INC-201907-BRI-001-01,2019-07-05T22:55:00Z,Bristol,BRI-001,Bus,Vehicle Fault,Low-Med,2,44,1732,TRUE
INC-201907-LON-014-02,2019-07-07T11:29:00Z,LDN,LON-014,Bus,Congestion,Low,1,18,2067,TRUE
INC-201907-EDI-009-02,2019-07-07T17:20:00Z,Edinburgh,EDI-009,Bus,Congestion,Low,1,14,719,TRUE
INC-201907-LON-005-03,2019-07-08T02:06:00Z,London,LON-005,Rail,Signal Failure,Medium,3,69,24033,TRUE
INC-201907-LON-013-01,2019-07-09T05:00:00Z,London,LON-013,underground,Power Issue,Med-High,4,140,32063,TRUE
INC-201907-EDI-005-01,2019-07-09T15:20:00Z,Edinburgh,EDI-005,Underground,Passenger Incident,Medium,3,73,31570,TRUE
INC-201907-EDI-005-01,2019-07-09T15:21:00Z,Edinburgh,EDI-005,Underground,Passenger Incident,Medium,3,73,31570,TRUE
INC-201907-LON-012-02,2019-07-10T17:39:00Z,London,LON-012,Bus,Roadworks,Low-Med,2,44,3300,TRUE
INC-201907-MAN-017-01,2019-07-10T18:57:00Z,Manchester,MAN-017,Underground,Signal Failure,High,5,250,185652,TRUE
INC-201907-EDI-005-04,2019-07-11T04:23:00Z,Edinburgh,EDI-005,Underground,Station Closure,Medium,3,71,15918,TRUE
INC-201907-LON-001-01,2019-07-11T07:21:00Z,London,LON-001,Bus,Roadworks,Medium,3,103,13760,TRUE
INC-201907-EDI-014-01,2019-07-11T09:30:00Z,Edinburgh,EDI-014,Underground,Passenger Incident,Medium,3,58,15736,TRUE
INC-201907-LON-003-01,2019-07-11T18:07:00Z,London,LON-003,Bus,Congestion,Medium,3,91,4688,TRUE
INC-201907-EDI-013-01,2019-07-12T03:39:00Z,EDI,EDI-013,Rail,Signal Failure,Med-High,4,94,19723,TRUE
INC-201907-BRI-012-01,2019-07-12T06:06:00Z,Bristol,BRI-012,BikeShare,Bike Fault,Low,1,10,113,TRUE
INC-201907-MAN-013-01,2019-07-12T08:08:00Z,Manchester,MAN-013,Underground,Signal Failure,Medium,3,85,12529,TRUE
INC-201907-LON-001-02,2019-07-12T12:37:00Z,London,LON-001,Bus,Congestion,Low-Med,2,22,1869,FALSE
INC-201907-MAN-008-02,2019-07-12T14:09:00Z,Manchester,MAN-008,Bus,Vehicle Fault,Low-Med,2,22,2171,TRUE
INC-201907-MAN-008-02,2019-07-12T14:09:00Z,Manchester,MAN-008,Bus,Vehicle Fault,Low-Med,2,22,2171,TRUE
INC-201907-MAN-010-02,2019-07-12T21:27:00Z,Manchester,MAN-010,Rail,Signal Failure,Low-Med,2,66,4920,TRUE
INC-201907-MAN-018-01,2019-07-13T07:41:00Z,Manchester,MAN-018,BikeShare,Vandalism,Low,1,8,72,TRUE
INC-201907-EDI-003-01,2019-07-13T14:53:00Z,Edinburgh,EDI-003,Bus,Congestion,Low,1,24,839,TRUE
INC-201907-BRI-021-01,2019-07-13T18:44:00Z,Bristol,BRI-021,Rail,Signal Failure,Med-High,4,149,21800,TRUE
INC-201907-MAN-015-01,2019-07-13T18:45:00Z,Manchester,MAN-015,Bus,Congestion,LOW-MED,2,37,3122,TRUE
INC-201907-LON-009-05,2019-07-13T19:20:00Z,London,LON-009,Rail,Track Fault,Medium,3,67,14314,TRUE
INC-201907-LON-005-01,2019-07-14T20:35:00Z,London,LON-005,Rail,,High,5,261,54603,TRUE
INC-201907-BRI-018-01,2019-07-15T07:17:00Z,Bristol,BRI-018,bus,Accident,Low,1,15,820,TRUE
INC-201907-BRI-022-01,2019-07-15T10:21:00Z,Bristol,BRI-022,Underground,Signal Failure,Med High,4,195,47839,TRUE
INC-201907-LON-008-03,2019-07-15T17:50:00Z,LDN,LON-008,Bus,Congestion,Med-High,4,102,,TRUE
INC-201907-EDI-010-02,2019-07-15T18:18:00Z,Edinburgh,EDI-010,Bus,Accident,Low-Med,2,26,1342,TRUE
INC-201907-EDI-005-02,2019-07-15T18:51:00Z,Edinburgh,EDI-005,Underground,Station Closure,Medium,3,56,7777,TRUE
INC-201907-MAN-009-01,2019-07-15T19:42:00Z,Manchester,MAN-009,underground,Signal Failure,High,5,156,37566,TRUE
INC-201907-MAN-012-01,2019-07-15T19:54:00Z,Manchester,MAN-012,Rail,Rolling Stock,Medium,3,82,6296,TRUE
INC-201907-MAN-017-03,2019-07-16T18:43:00Z,Manchester,MAN-017,Underground,Signal Failure,Med-High,4,157,32239,TRUE
INC-201907-MAN-008-01,2019-07-17T05:05:00Z,Manchester,MAN-008,Bus,Roadworks,Low Med,2,30,1989,TRUE
INC-201907-LON-017-01,2019-07-17T06:44:00Z,London,LON-017,Bus,Roadworks,Med-High,4,100,17503,TRUE
INC-201907-BRI-017-01,2019-07-17T12:21:00Z,Bristol,BRI-017,Bus,Roadworks,Low,1,380,883,TRUE
INC-201907-LON-007-02,2019-07-17T13:22:00Z,London,LON-007,Tram,Vehicle Fault,Low,1,17,1250,TRUE
INC-201907-BRI-018-02,2019-07-17T18:45:00Z,Bristol,BRI-018,bus,Congestion,Medium,3,61,4211,TRUE
INC-201907-EDI-017-01,2019-07-18T01:02:00Z,Edinburgh,EDI-017,Underground,Signal Failure,Med-High,4,222,,TRUE
INC-201907-MAN-001-02,2019-07-18T06:10:00Z,MAN,MAN-001,Bus,Congestion,Med-High,4,98,6543,TRUE
INC-201907-LON-003-02,2019-07-18T17:11:00Z,London,LON-003,Bus,Congestion,Low,1,15,306,TRUE
INC-201907-LON-004-01,2019-07-19T08:26:00Z,London,LON-004,Tram,Vehicle Fault,Medium,3,115,8706,TRUE
INC-201907-BRI-011-01,2019-07-19T12:50:00Z,Bristol,BRI-011,Bus,Staff Shortage,Low,1,22,514,TRUE
INC-201907-EDI-021-01,2019-07-19T13:17:00Z,Edinburgh,EDI-021,Tram,Obstruction,Low-Med,2,46,1273,FALSE
INC-201907-MAN-002-01,2019-07-19T18:03:00Z,Manchester,MAN-002,Tram,Roadworks,Low-Med,2,57,2955,TRUE
INC-201907-LON-002-02,2019-07-19T19:23:00Z,London,LON-002,Bus,Accident,Med-High,4,192,23281,TRUE
INC-201907-LON-022-01,2019-07-19T21:31:00Z,London,LON-022,Underground,Station Closure,High,5,267,89068,TRUE
INC-201907-EDI-001-01,2019-07-19T22:08:00Z,Edinburgh,EDI-001,Underground,Passenger Incident,Low,1,14,3325,FALSE
INC-201907-MAN-012-02,2019-07-20T06:38:00Z,Manchester,MAN-012,Rail,Rolling Stock,Medium,3,101,10301,TRUE
INC-201907-LON-011-02,2019-07-20T08:40:00Z,London,LON-011,Tram,Vehicle Fault,Low-Med,2,50,,TRUE
INC-201907-BRI-013-01,2019-07-20T11:39:00Z,Bristol,BRI-013,Bus,Roadworks,Low-Med,2,46,1245,TRUE
INC-201907-BRI-003-01,2019-07-21T12:13:00Z,Bristol,BRI-003,Rail,Track Fault,Low-Med,2,65,9044,TRUE
INC-201907-LON-009-02,2019-07-21T18:16:00Z,London,LON-009,Rail,Signal Failure,Medium,3,86,12933,TRUE
INC-201907-LON-009-01,2019-07-21T18:20:00Z,london,LON-009,Rail,Track Fault,Med-High,4,105,16891,TRUE
INC-201907-LON-018-01,2019-07-22T02:44:00Z,London,LON-018,Bus,Roadworks,Low,1,21,640,TRUE
INC-201907-LON-015-02,2019-07-22T02:47:00Z,London,LON-015,Rail,Rolling Stock,Medium,3,122,24077,TRUE
INC-201907-LON-019-01,2019-07-22T03:20:00Z,London,LON-019,Bus,Staff Shortage,Low-Med,2,55,4864,TRUE
INC-201907-LON-008-02,2019-07-22T04:04:00Z,London,LON-008,Bus,Congestion,Med-High,4,126,13243,TRUE
INC-201907-MAN-021-01,2019-07-22T08:34:00Z,Manchester,MAN-021,Rail,Signal Failure,Med-High,4,173,19465,TRUE
INC-201907-EDI-020-01,2019-07-22T20:24:00Z,Edinburgh,EDI-020,Rail,Weather,Low-Med,2,62,6799,TRUE
INC-201907-LON-019-02,2019-07-23T00:05:00Z,London,LON-019,Bus,Vehicle Fault,Med-High,4,207,12283,TRUE
INC-202204-BRI-016-01,2019-07-23T17:25:00Z,London,LON-008,Bus,Congestion,Med-High,4,2020,17540,TRUE
INC-201907-MAN-010-01,2019-07-24T06:00:00Z,Manchester,MAN-010,Rail,Rolling Stock,Med-High,4,113,16342,TRUE
INC-201907-MAN-001-03,2019-07-24T09:14:00Z,Manchester,MAN-001,Bus,Roadworks,Medium,3,90,11497,TRUE
INC-201907-EDI-010-01,2019-07-25T02:38:00Z,Edinburgh,EDI-010,Bus,Congestion,Low,1,240,926,TRUE
INC-201907-BRI-016-01,2019-07-25T07:45:00Z,Bristol,BRI-016,Rail,Track Fault,Med-High,4,163,23038,TRUE
INC-201907-LON-014-03,2019-07-25T09:51:00Z,London,LON-014,Bus,Congestion,Medium,3,101,11581,TRUE
INC-201907-BRI-008-01,2019-07-25T17:21:00Z,Bristol,BRI-008,Rail,Weather,Medium,3,100,13276,TRUE
INC-201907-EDI-002-02,2019-07-25T18:09:00Z,Edinburgh,EDI-002,Bus,Congestion,Low,1,8,208,TRUE
INC-201907-LON-021-01,2019-07-25T19:16:00Z,London,LON-021,Bus,Staff Shortage,Medium,3,52,7884,TRUE
INC-201907-MAN-001-04,2019-07-25T21:43:00Z,Manchester,MAN-001,Bus,Staff Shortage,Low-Med,2,49,5147,TRUE
INC-201907-MAN-017-04,2019-07-26T01:20:00Z,Manchester,MAN-017,Underground,Signal Failure,Low-Med,2,58,13324,TRUE
INC-201907-MAN-017-02,2019-07-26T07:24:00Z,Manchester,MAN-017,Underground,Signal Failure,Med-High,4,164,36486,FALSE
INC-201907-EDI-020-02,2019-07-26T17:14:00Z,Edinburgh,EDI-020,Rail,Signal Failure,Low-Med,2,42,4148,TRUE
INC-201907-MAN-016-01,2019-07-26T21:12:00Z,Manchester,MAN-016,Bus,Congestion,Low-Med,2,55,1945,TRUE
INC-201907-BRI-022-02,2019-07-26T23:44:00Z,Bristol,BRI-022,Underground,Power Issue,Med-High,4,101,16780,TRUE
INC-201907-MAN-013-02,2019-07-27T07:27:00Z,Manchester,MAN-013,underground,Power Issue,Med-High,4,3160,44077,TRUE
INC-201907-EDI-011-01,2019-07-27T08:00:00Z,Edinburgh,EDI-011,Bus,Staff Shortage,Low-Med,2,50,2295,TRUE
INC-201907-LON-016-01,2019-07-27T18:20:00Z,london,LON-016,rail,Track Fault,Med-High,4,141,19668,TRUE
INC-201907-MAN-016-02,2019-07-27T21:29:00Z,Manchester,MAN-016,Bus,Staff Shortage,Low,1,13,729,FALSE
INC-201907-LON-015-01,2019-07-28T08:30:00Z,LDN,LON-015,Rail,Track Fault,Medium,3,123,15055,FALSE
INC-201907-MAN-001-01,2019-07-28T12:02:00Z,Manchester,MAN-001,Bus,Congestion,Med-High,4,100,7823,TRUE
INC-201907-LON-020-01,2019-07-28T18:46:00Z,London,LON-020,Bus,Congestion,Low,1,13,1196,TRUE
INC-201907-LON-020-01,2019-07-28T18:46:00Z,London,LON-020,Bus,Congestion,Low,1,13,1196,TRUE
INC-201907-LON-011-01,2019-07-28T18:54:00Z,London,LON-011,Tram,Vehicle Fault,Low-Med,2,46,2665,TRUE
INC-201907-LON-014-01,2019-07-29T03:16:00Z,London,LON-014,Bus,Congestion,Med-High,4,127,13479,TRUE
INC-201907-EDI-012-01,2019-07-29T14:00:00Z,Edinburgh,EDI-012,Underground,Signal Failure,Low-Med,2,53,8142,TRUE
INC-201907-LON-007-01,2019-07-29T18:43:00Z,London,LON-007,Tram,Vehicle Fault,Low-Med,2,59,3333,TRUE
INC-201907-LON-008-01,2019-07-29T19:16:00Z,London,LON-008,Bus,Vehicle Fault,MED-HIGH,4,124,,TRUE
INC-201907-BRI-014-01,2019-07-30T04:35:00Z,Bristol,BRI-014,Bus,Staff Shortage,Low-Med,2,34,1891,TRUE
INC-201907-BRI-012-02,2019-07-30T08:43:00Z,Bristol,BRI-012,BikeShare,Vandalism,Low,1,7,35,TRUE
INC-201907-LON-017-02,2019-07-31T02:25:00Z,London,LON-017,Bus,Congestion,Low-Med,2,39,3009,TRUE
INC-201907-EDI-008-01,2019-07-31T06:58:00Z,Edinburgh,EDI-008,Bus,Congestion,Medium,3,67,2030,TRUE
INC-201907-LON-009-04,2019-07-31T08:38:00Z,London,LON-009,Rail,Rolling Stock,Low-Med,2,52,,TRUE
INC-201907-LON-021-03,2019-07-31T10:35:00Z,London,LON-021,Bus,Accident,Medium,3,82,13578,TRUE
INC-201908-BRI-009-01,2019-08-01T13:57:00Z,Bristol,BRI-009,Tram,Roadworks,Low-Med,2,54,1154,TRUE
INC-201908-LON-016-01,2019-08-01T19:18:00Z,london,LON-016,Rail,Track Fault,Medium,3,104,11997,TRUE
INC-201908-MAN-013-02,2019-08-02T05:37:00Z,Manchester,MAN-013,Underground,Power Issue,Low,1,29,4450,TRUE
INC-201908-LON-011-01,2019-08-02T15:55:00Z,London,LON-011,Tram,Obstruction,Low-Med,2,32,1055,TRUE
INC-201908-LON-019-03,2019-08-02T18:45:00Z,London,LON-019,Bus,Congestion,Medium,3,118,7351,TRUE
INC-201908-LON-008-04,2019-08-03T07:06:00Z,London,LON-008,Bus,Roadworks,Low-Med,2,35,2911,TRUE
INC-201908-LON-008-05,2019-08-03T08:23:00Z,London,LON-008,Bus,Congestion,Med-High,4,125,11803,TRUE
INC-201908-EDI-003-01,2019-08-03T08:31:00Z,Edinburgh,EDI-003,Bus,Roadworks,Med-High,4,128,9724,TRUE
INC-201908-LON-013-02,2019-08-03T09:03:00Z,London,LON-013,Underground,Signal Failure,Med-High,4,151,68861,TRUE
INC-201908-LON-008-02,2019-08-04T10:01:00Z,London,LON-008,Bus,Roadworks,Medium,3,80,11131,TRUE
INC-201908-EDI-009-03,2019-08-05T02:25:00Z,Edinburgh,EDI-009,Bus,Roadworks,Low-Med,2,45,3594,TRUE
INC-201908-LON-004-02,2019-08-05T16:26:00Z,London,LON-004,Tram,Power Issue,Low,1,24,1521,TRUE
INC-201908-MAN-006-01,2019-08-05T17:15:00Z,Manchester,MAN-006,Tram,Roadworks,Low-Med,2,50,1793,TRUE
INC-201908-EDI-006-02,2019-08-06T02:38:00Z,Edinburgh,EDI-006,Underground,Power Issue,Low-Med,2,45,10436,TRUE
INC-201908-BRI-016-01,2019-08-08T01:10:00Z,Bristol,BRI-016,Rail,Signal Failure,Medium,3,114,15484,TRUE
INC-201908-BRI-022-01,2019-08-08T14:34:00Z,Bristol,BRI-022,Underground,Power Issue,Medium,3,113,17999,TRUE
INC-201908-LON-008-03,2019-08-09T01:02:00Z,London,LON-008,Bus,Accident,Medium,3,99,8336,TRUE
INC-201908-LON-001-01,2019-08-09T16:51:00Z,London,LON-001,Bus,Roadworks,Low-Med,2,34,3058,TRUE
INC-201908-LON-013-03,2019-08-09T17:44:00Z,London,LON-013,Underground,Power Issue,Medium,3,103,34500,TRUE
INC-201908-EDI-018-01,2019-08-10T01:49:00Z,Edinburgh,EDI-018,Rail,Signal Failure,Medium,3,77,6214,TRUE
INC-201908-BRI-014-02,2019-08-10T09:27:00Z,Bristol,BRI-014,Bus,Roadworks,Low-Med,2,48,2486,TRUE
INC-201908-MAN-002-02,2019-08-10T15:32:00Z,Manchester,MAN-002,Tram,Roadworks,Low,1,9,258,TRUE
INC-201908-MAN-022-02,2019-08-10T22:51:00Z,Manchester,MAN-022,Rail,Signal Failure,Low,1,29,3298,TRUE
INC-201908-EDI-014-01,2019-08-11T08:01:00Z,Edinburgh,EDI-014,Underground,Station Closure,Low-Med,2,53,13600,TRUE
INC-201908-EDI-012-01,2019-08-11T09:20:00Z,Edinburgh,EDI-012,Underground,Signal Failure,Medium,3,82,10337,TRUE
INC-201908-EDI-012-02,2019-08-11T16:04:00Z,Edinburgh,EDI-012,Underground,,Med-High,4,2020,41668,TRUE
INC-201908-MAN-013-03,2019-08-11T22:09:00Z,Manchester,MAN-013,Underground,Signal Failure,Medium,3,74,24191,TRUE
INC-201908-EDI-017-01,2019-08-12T04:18:00Z,Edinburgh,EDI-017,Underground,Passenger Incident,Medium,3,137,38066,TRUE
INC-201908-LON-020-01,2019-08-12T07:14:00Z,london,LON-020,Bus,Staff Shortage,Medium,3,47,3708,TRUE
INC-201908-LON-015-01,2019-08-12T07:37:00Z,London,LON-015,Rail,Rolling Stock,High,5,159,29334,TRUE
INC-201908-MAN-013-01,2019-08-13T01:50:00Z,Manchester,MAN-013,Underground,Station Closure,Low-Med,2,73,12994,TRUE
INC-201908-MAN-002-01,2019-08-13T03:48:00Z,Manchester,MAN-002,Tram,Power Issue,Low,1,18,426,TRUE
INC-201908-LON-014-02,2019-08-13T14:43:00Z,London,LON-014,Bus,Congestion,Medium,3,63,5976,TRUE
INC-201908-EDI-021-01,2019-08-13T19:17:00Z,Edinburgh,EDI-021,Tram,Vehicle Fault,Low,1,,,TRUE
INC-201908-MAN-017-01,2019-08-13T19:34:00Z,Manchester,MAN-017,Underground,Power Issue,Med-High,4,136,23264,TRUE
INC-201908-EDI-006-01,2019-08-13T20:26:00Z,Edinburgh,EDI-006,Underground,Power Issue,Medium,3,102,20347,FALSE
INC-201908-BRI-021-01,2019-08-14T17:27:00Z,Bristol,BRI-021,Rail,Track Fault,Medium,3,104,10797,TRUE
INC-201908-LON-008-01,2019-08-15T07:30:00Z,London,LON-008,Bus,Roadworks,Med-High,4,110,5049,TRUE
INC-201908-EDI-010-01,2019-08-15T07:44:00Z,Edinburgh,EDI-010,Bus,Congestion,Low,1,14,616,TRUE
INC-201908-BRI-008-01,2019-08-15T13:24:00Z,Bristol,BRI-008,rail,Weather,Med-High,4,174,23217,TRUE
INC-201908-LON-010-01,2019-08-15T17:25:00Z,London,LON-010,BikeShare,Bike Fault,Low,1,11,100,TRUE
INC-201908-LON-022-01,2019-08-16T03:55:00Z,LDN,LON-022,Underground,Signal Failure,High,5,263,82814,TRUE
INC-201908-BRI-005-04,2019-08-16T21:07:00Z,Bristol,BRI-005,Bus,Vehicle Fault,Low,1,23,974,TRUE
INC-201908-LON-017-01,2019-08-17T20:17:00Z,London,LON-017,Bus,Roadworks,Low-Med,2,44,6906,TRUE
INC-201908-LON-019-02,2019-08-18T00:33:00Z,London,LON-019,Bus,Congestion,Med-High,4,197,10514,TRUE
INC-201908-EDI-003-02,2019-08-18T03:23:00Z,Edinburgh,EDI-003,Bus,Congestion,Low,1,,1162,TRUE
INC-201908-LON-007-02,2019-08-18T07:09:00Z,London,LON-007,Tram,Roadworks,Low-Med,2,63,19952,TRUE
INC-201908-MAN-010-02,2019-08-18T07:58:00Z,Manchester,MAN-010,Rail,Rolling Stock,Med-High,4,113,19751,TRUE
INC-201908-EDI-015-01,2019-08-18T21:32:00Z,Edinburgh,EDI-015,Bus,Congestion,Low-Med,2,44,1808,TRUE
INC-201908-LON-007-03,2019-08-19T04:27:00Z,London,LON-007,Tram,Vehicle Fault,Med-High,4,182,11285,TRUE
INC-201908-BRI-019-01,2019-08-19T08:48:00Z,Bristol,BRI-019,Rail,Track Fault,Low,1,19,1802,TRUE
INC-201908-LON-019-01,2019-08-20T06:26:00Z,london,LON-019,Bus,Roadworks,Low,1,15,1584,TRUE
INC-201908-LON-001-02,2019-08-20T06:47:00Z,London,LON-001,Bus,Congestion,Medium,3,99,10037,TRUE
INC-201908-LON-014-01,2019-08-20T10:23:00Z,London,LON-014,Bus,Roadworks,Medium,3,113,15416,TRUE
INC-201908-EDI-009-01,2019-08-21T07:27:00Z,Edinburgh,EDI-009,Bus,Staff Shortage,Low-Med,2,47,5374,TRUE
INC-201908-MAN-020-01,2019-08-21T09:07:00Z,MAN,MAN-020,Bus,Roadworks,Medium,3,91,11681,FALSE
INC-201908-BRI-010-01,2019-08-21T10:32:00Z,Bristol,BRI-010,BikeShare,App Outage,Low-Med,2,38,1114,TRUE
INC-201908-LON-002-02,2019-08-21T21:44:00Z,London,LON-002,Bus,Congestion,Low,1,15,1267,TRUE
INC-201908-LON-003-01,2019-08-22T02:07:00Z,London,LON-003,Bus,Congestion,Low-Med,2,32,1241,TRUE
INC-201908-BRI-005-02,2019-08-22T04:11:00Z,Bristol,BRI-005,Bus,Vehicle Fault,Low,1,6,398,TRUE
INC-201908-LON-011-02,2019-08-22T07:06:00Z,London,LON-011,Tram,Power Issue,Low-Med,2,38,1497,TRUE
INC-201908-EDI-004-01,2019-08-22T17:10:00Z,Edinburgh,EDI-004,Bus,Vehicle Fault,Low-Med,2,40,3088,TRUE
INC-201908-LON-021-02,2019-08-23T00:41:00Z,London,LON-021,Bus,Vehicle Fault,Medium,3,103,6188,FALSE
INC-201908-MAN-010-01,2019-08-23T13:59:00Z,Manchester,MAN-010,Rail,Signal Failure,Medium,3,117,20320,TRUE
INC-201908-EDI-002-01,2019-08-24T03:04:00Z,Edinburgh,EDI-002,Bus,Vehicle Fault,Low-Med,2,44,1956,TRUE
INC-201908-BRI-006-01,2019-08-24T12:33:00Z,Bristol,BRI-006,Bus,Roadworks,Low,1,5,323,TRUE
INC-201908-LON-003-03,2019-08-25T00:53:00Z,LDN,LON-003,Bus,Congestion,Med-High,4,196,13923,FALSE
INC-201908-LON-021-03,2019-08-25T12:00:00Z,London,LON-021,Bus,Roadworks,LOW,1,11,949,TRUE
INC-201908-BRI-017-01,2019-08-26T08:09:00Z,Bristol,BRI-017,Bus,Roadworks,Low-Med,2,30,2083,TRUE
INC-201908-BRI-010-02,2019-08-26T08:26:00Z,Bristol,BRI-010,bikeshare,Vandalism,Low,1,16,294,TRUE
INC-201908-BRI-005-01,2019-08-27T06:34:00Z,Bristol,BRI-005,Bus,Congestion,Low-Med,2,53,3317,TRUE
INC-201908-BRI-014-01,2019-08-27T07:40:00Z,Bristol,BRI-014,Bus,Roadworks,Low-Med,2,52,4427,TRUE
INC-201908-MAN-002-03,2019-08-27T15:38:00Z,Manchester,MAN-002,Tram,Roadworks,Medium,3,129,3245,TRUE
INC-201908-MAN-020-02,2019-08-27T18:43:00Z,Manchester,MAN-020,Bus,Congestion,Medium,3,83,5940,TRUE
INC-201908-LON-004-01,2019-08-27T20:34:00Z,London,LON-004,Tram,Obstruction,Medium,3,105,5572,TRUE
INC-201908-LON-002-01,2019-08-27T22:20:00Z,london,LON-002,Bus,Roadworks,Medium,3,76,4785,TRUE
INC-201908-LON-021-01,2019-08-28T07:05:00Z,London,LON-021,bus,Staff Shortage,Low,1,15,1667,TRUE
INC-201908-LON-013-01,2019-08-28T16:14:00Z,London,LON-013,Underground,Passenger Incident,HIGH,5,210,90033,TRUE
INC-201908-MAN-009-01,2019-08-28T17:22:00Z,Manchester,MAN-009,Underground,Passenger Incident,High,5,173,62547,TRUE
INC-201908-BRI-005-03,2019-08-28T18:03:00Z,Bristol,BRI-005,Bus,Roadworks,Low,1,15,610,TRUE
INC-201908-LON-007-01,2019-08-28T18:54:00Z,London,LON-007,Tram,Vehicle Fault,Low-Med,2,42,2701,FALSE
INC-201908-BRI-021-02,2019-08-29T00:15:00Z,Bristol,BRI-021,Rail,Rolling Stock,Low-Med,2,39,4071,TRUE
INC-201907-LON-005-01,2019-08-29T02:39:00Z,London,LON-005,Rail,Track Fault,Med-High,4,211,29521,TRUE
INC-201908-MAN-005-01,2019-08-29T04:10:00Z,Manchester,MAN-005,Tram,Roadworks,Low,1,22,503,TRUE
INC-201908-EDI-008-01,2019-08-29T21:45:00Z,Edinburgh,EDI-008,Bus,Congestion,Low,1,9,589,TRUE
INC-201908-LON-022-02,2019-08-31T07:06:00Z,London,LON-022,Underground,Signal Failure,Med-High,4,211,51633,TRUE
INC-201908-LON-003-02,2019-08-31T08:07:00Z,London,LON-003,Bus,Congestion,Low-Med,2,35,2906,TRUE
INC-201908-EDI-009-02,2019-08-31T11:09:00Z,Edinburgh,EDI-009,Bus,Roadworks,Low-Med,2,42,2968,TRUE
INC-201908-MAN-022-01,2019-08-31T23:58:00Z,Manchester,MAN-022,Rail,Signal Failure,Low-Med,2,52,7117,TRUE
INC-201909-LON-008-01,2019-09-01T09:27:00Z,London,LON-008,Bus,Accident,Low-Med,2,45,2873,TRUE
INC-201909-LON-014-01,2019-09-01T17:11:00Z,London,LON-014,Bus,Vehicle Fault,Medium,3,115,8996,TRUE
INC-201909-EDI-019-02,2019-09-01T23:10:00Z,Edinburgh,EDI-019,Tram,Power Issue,Low,1,21,335,TRUE
INC-201909-BRI-017-02,2019-09-01T23:54:00Z,Bristol,BRI-017,Bus,Vehicle Fault,Med-High,4,192,7180,TRUE
INC-201909-MAN-017-02,2019-09-02T06:34:00Z,Manchester,MAN-017,Underground,Station Closure,Med-High,4,205,21491,TRUE
INC-201909-MAN-015-01,2019-09-02T16:55:00Z,MAN,MAN-015,bus,Roadworks,Medium,3,110,12492,TRUE
INC-201909-MAN-022-03,2019-09-02T18:59:00Z,Manchester,MAN-022,Rail,Rolling Stock,Low-Med,2,53,7772,TRUE
INC-201909-MAN-005-01,2019-09-02T20:30:00Z,Manchester,MAN-005,Tram,Obstruction,Low,1,19,451,TRUE
INC-201909-EDI-010-01,2019-09-02T21:23:00Z,Edinburgh,EDI-010,Bus,Congestion,Low,1,5,74,TRUE
INC-201909-LON-007-02,2019-09-03T08:01:00Z,London,LON-007,Tram,Vehicle Fault,Low Med,2,56,2431,TRUE
INC-201909-LON-013-03,2019-09-03T09:51:00Z,London,LON-013,Underground,Power Issue,Medium,3,105,25869,TRUE
INC-201909-LON-018-03,2019-09-04T06:32:00Z,London,LON-018,Bus,Roadworks,Low-Med,2,29,3744,TRUE
INC-201909-LON-015-01,2019-09-04T06:47:00Z,London,LON-015,Rail,Rolling Stock,High,5,257,47118,TRUE
INC-201909-EDI-005-01,2019-09-04T08:00:00Z,Edinburgh,EDI-005,Underground,Passenger Incident,Med-High,4,198,41428,TRUE
INC-201909-BRI-021-01,2019-09-05T05:16:00Z,Bristol,BRI-021,Rail,Rolling Stock,High,5,316,60890,TRUE
INC-201909-LON-022-04,2019-09-05T17:18:00Z,london,LON-022,Underground,Signal Failure,Med-High,4,213,84340,TRUE
INC-201909-BRI-020-02,2019-09-05T23:56:00Z,Bristol,BRI-020,Rail,Signal Failure,Med-High,4,114,11565,TRUE
INC-201909-MAN-017-01,2019-09-06T07:44:00Z,Manchester,MAN-017,Underground,Power Issue,High,5,220,33289,TRUE
INC-201909-BRI-004-02,2019-09-06T08:45:00Z,Bristol,BRI-004,Underground,Station Closure,Med-High,4,173,34580,TRUE
INC-201909-BRI-014-01,2019-09-07T08:13:00Z,Bristol,BRI-014,Bus,Congestion,Low,1,9,324,TRUE
INC-201909-EDI-015-02,2019-09-07T09:29:00Z,Edinburgh,EDI-015,Bus,Accident,Low,1,7,274,TRUE
INC-201909-LON-009-03,2019-09-07T22:51:00Z,London,LON-009,Rail,Rolling Stock,Medium,3,89,30162,TRUE
INC-201909-BRI-004-01,2019-09-08T09:43:00Z,Bristol,BRI-004,Underground,Power Issue,Med High,4,141,20896,TRUE
INC-201909-EDI-012-01,2019-09-08T16:55:00Z,Edinburgh,EDI-012,Underground,Signal Failure,Med-High,4,174,19308,TRUE
INC-201909-MAN-016-02,2019-09-09T18:40:00Z,Manchester,MAN-016,Bus,Accident,Low-Med,2,45,1571,TRUE
INC-201909-LON-014-03,2019-09-09T19:41:00Z,london,LON-014,Bus,Roadworks,Med-High,4,197,20003,TRUE
INC-201909-EDI-018-01,2019-09-10T09:50:00Z,Edinburgh,EDI-018,Rail,Track Fault,Medium,3,70,14652,TRUE
INC-201909-LON-022-02,2019-09-11T14:14:00Z,London,LON-022,Underground,Signal Failure,Medium,3,81,33809,TRUE
INC-201909-BRI-020-01,2019-09-11T18:07:00Z,Bristol,BRI-020,Rail,Weather,Medium,3,,15610,TRUE
INC-201909-BRI-018-01,2019-09-11T18:31:00Z,Bristol,BRI-018,Bus,Congestion,MEDIUM,3,90,4522,TRUE
INC-201909-EDI-019-01,2019-09-11T18:41:00Z,Edinburgh,EDI-019,Tram,Vehicle Fault,Low,1,21,533,TRUE
INC-201909-LON-010-01,2019-09-12T01:42:00Z,London,LON-010,BikeShare,Vandalism,Med-High,4,173,1651,FALSE
INC-201909-LON-002-02,2019-09-12T09:33:00Z,London,LON-002,Bus,Roadworks,Med-High,4,190,40881,TRUE
INC-201909-LON-013-02,2019-09-12T19:06:00Z,London,LON-013,Underground,Signal Failure,Medium,3,88,15980,TRUE
INC-201909-LON-005-01,2019-09-13T01:43:00Z,London,LON-005,Rail,Signal Failure,Medium,3,59,11141,TRUE
INC-201909-MAN-021-01,2019-09-13T13:39:00Z,Manchester,MAN-021,Rail,Track Fault,Low-Med,2,54,7508,TRUE
INC-201909-LON-016-01,2019-09-14T17:33:00Z,London,LON-016,Rail,Signal Failure,Medium,3,70,7407,TRUE
INC-201909-LON-020-01,2019-09-14T19:44:00Z,London,LON-020,Bus,Congestion,Medium,3,84,3989,TRUE
INC-201909-LON-020-01,2019-09-14T19:48:00Z,London,LON-020,Bus,Congestion,Medium,3,84,3989,TRUE
INC-201909-BRI-015-01,2019-09-15T08:50:00Z,Bristol,BRI-015,BikeShare,Dock Full,Low,1,7,50,TRUE
INC-201909-BRI-011-01,2019-09-15T21:38:00Z,Bristol,BRI-011,Bus,Congestion,Low-Med,2,51,2098,TRUE
INC-201909-EDI-015-03,2019-09-16T13:01:00Z,Edinburgh,EDI-015,Bus,Congestion,Low-Med,2,53,1586,TRUE
INC-201909-BRI-017-03,2019-09-17T17:17:00Z,Bristol,BRI-017,Bus,Vehicle Fault,Low-Med,2,33,1583,TRUE
INC-201909-MAN-019-01,2019-09-18T19:33:00Z,Manchester,MAN-019,Underground,Passenger Incident,Medium,3,65,6579,TRUE
INC-201909-LON-001-01,2019-09-18T20:26:00Z,London,LON-001,Bus,Roadworks,Low-Med,2,34,1716,TRUE
INC-201909-MAN-006-01,2019-09-19T06:47:00Z,Manchester,MAN-006,Tram,Obstruction,Low-Med,2,580,1015,TRUE
INC-202209-MAN-022-01,2019-09-19T17:13:00Z,London,LON-009,Rail,Signal Failure,High,5,159,22138,FALSE
INC-201909-MAN-008-01,2019-09-19T17:14:00Z,Manchester,MAN-008,Bus,Accident,Medium,3,87,5523,FALSE
INC-201909-LON-013-01,2019-09-20T03:13:00Z,London,LON-013,Underground,Signal Failure,Medium,3,91,26031,TRUE
INC-201909-MAN-013-01,2019-09-20T04:38:00Z,Manchester,MAN-013,Underground,Station Closure,Medium,3,78,17177,TRUE
INC-201909-LON-009-02,2019-09-20T17:22:00Z,London,LON-009,Rail,Track Fault,Medium,3,87,6667,TRUE
INC-201909-EDI-011-01,2019-09-20T23:02:00Z,Edinburgh,EDI-011,Bus,Congestion,Low,1,14,779,TRUE
INC-201909-LON-014-02,2019-09-21T06:50:00Z,LDN,LON-014,Bus,Roadworks,Medium,3,90,9406,TRUE
INC-201909-MAN-017-03,2019-09-21T07:29:00Z,Manchester,MAN-017,Underground,Station Closure,Med-High,4,122,42614,TRUE
INC-201909-MAN-001-02,2019-09-22T03:11:00Z,Manchester,MAN-001,Bus,Roadworks,Low-Med,2,58,4644,TRUE
INC-201909-MAN-022-02,2019-09-22T07:36:00Z,Manchester,MAN-022,Rail,Rolling Stock,Low,1,20,4509,TRUE
INC-201909-LON-014-04,2019-09-22T18:29:00Z,London,LON-014,Bus,Roadworks,Medium,3,112,11541,TRUE
INC-201909-LON-018-02,2019-09-22T18:58:00Z,London,LON-018,Bus,Vehicle Fault,Med-High,4,,87380,TRUE
INC-201909-LON-012-01,2019-09-23T02:11:00Z,London,LON-012,Bus,Staff Shortage,Medium,3,112,8369,TRUE
INC-201909-MAN-008-02,2019-09-23T11:56:00Z,Manchester,MAN-008,Bus,Vehicle Fault,Low,1,9,596,TRUE
INC-201909-BRI-017-01,2019-09-23T16:39:00Z,Bristol,BRI-017,Bus,Congestion,Low,1,20,1654,TRUE
INC-201909-MAN-003-01,2019-09-23T17:53:00Z,Manchester,MAN-003,BikeShare,Bike Fault,Low,1,13,84,TRUE
INC-201909-LON-015-02,2019-09-23T18:22:00Z,London,LON-015,Rail,Weather,Med-High,4,127,45994,TRUE
INC-201909-LON-004-01,2019-09-24T02:37:00Z,London,LON-004,Tram,Vehicle Fault,Medium,3,57,1673,TRUE
INC-201909-EDI-003-01,2019-09-24T05:06:00Z,Edinburgh,EDI-003,Bus,Congestion,Low,1,22,1841,TRUE
INC-201909-MAN-004-01,2019-09-24T07:53:00Z,Manchester,MAN-004,Bus,Congestion,Low,1,13,1202,TRUE
INC-201909-MAN-010-01,2019-09-24T11:06:00Z,Manchester,MAN-010,Rail,Signal Failure,High,5,304,41007,TRUE
INC-201909-MAN-008-03,2019-09-24T16:40:00Z,Manchester,MAN-008,Bus,Roadworks,Low-Med,2,41,1719,TRUE
INC-201909-BRI-008-02,2019-09-24T17:05:00Z,Bristol,BRI-008,Rail,Rolling Stock,Low-Med,2,45,3786,TRUE
INC-201909-EDI-008-01,2019-09-24T18:33:00Z,Edinburgh,EDI-008,Bus,Congestion,Low,1,13,648,FALSE
INC-201909-MAN-016-01,2019-09-24T18:35:00Z,Manchester,MAN-016,Bus,Vehicle Fault,Low Med,2,49,4185,TRUE
INC-201909-BRI-002-02,2019-09-24T22:25:00Z,Bristol,BRI-002,Bus,Roadworks,Low,1,14,794,TRUE
INC-201909-MAN-013-02,2019-09-25T01:34:00Z,Manchester,MAN-013,Underground,Station Closure,High,5,318,72959,TRUE
INC-201909-BRI-002-01,2019-09-25T08:21:00Z,Bristol,BRI-002,Bus,Staff Shortage,Low,1,10,361,TRUE
INC-201909-MAN-001-01,2019-09-25T09:25:00Z,Manchester,MAN-001,Bus,Congestion,Low Med,2,38,2815,TRUE
INC-201909-LON-005-02,2019-09-25T14:59:00Z,London,LON-005,Rail,Weather,Med-High,4,205,19110,TRUE
INC-201909-EDI-013-01,2019-09-25T16:23:00Z,Edinburgh,EDI-013,Rail,Rolling Stock,Med-High,4,119,30392,TRUE
INC-202305-BRI-013-01,2019-09-25T17:10:00Z,Edinburgh,EDI-015,Bus,Congestion,Low,1,8,593,TRUE
INC-201909-MAN-001-03,2019-09-25T19:28:00Z,Manchester,MAN-001,Bus,Congestion,Low,1,18,935,TRUE
INC-201909-LON-008-02,2019-09-25T20:02:00Z,London,LON-008,Bus,Roadworks,Low,1,13,1849,TRUE
INC-202512-LON-013-01,2019-09-26T16:04:00Z,Edinburgh,EDI-015,Bus,Roadworks,Medium,3,85,4607,TRUE
INC-201909-LON-022-03,2019-09-26T18:16:00Z,London,LON-022,Underground,Passenger Incident,High,5,291,71314,TRUE
INC-201909-MAN-015-02,2019-09-26T21:33:00Z,Manchester,MAN-015,Bus,Roadworks,Medium,3,80,5181,TRUE
INC-201909-LON-014-05,2019-09-27T07:29:00Z,London,LON-014,Bus,Roadworks,Low-Med,2,47,2680,TRUE
INC-201909-MAN-022-01,2019-09-27T22:16:00Z,Manchester,MAN-022,Rail,Signal Failure,Medium,3,57,6822,FALSE
INC-201909-LON-021-01,2019-09-29T13:37:00Z,London,LON-021,Bus,Vehicle Fault,Low-Med,2,32,2559,TRUE
INC-201909-LON-022-01,2019-09-29T21:12:00Z,London,LON-022,Underground,Signal Failure,Med-High,4,197,124947,TRUE
INC-201909-LON-018-01,2019-09-30T00:42:00Z,London,LON-018,Bus,Congestion,Low-Med,2,60,10114,TRUE
INC-201909-LON-007-01,2019-09-30T02:22:00Z,London,LON-007,Tram,Obstruction,Low-Med,2,22,2648,TRUE
INC-201909-LON-002-01,2019-09-30T06:14:00Z,London,LON-002,Bus,Vehicle Fault,Medium,3,97,18094,TRUE
INC-201909-EDI-017-01,2019-09-30T15:01:00Z,Edinburgh,EDI-017,Underground,Signal Failure,High,5,164,47617,TRUE
INC-201909-MAN-006-02,2019-09-30T16:33:00Z,Manchester,MAN-006,Tram,Power Issue,Low,1,26,1034,TRUE
INC-201909-BRI-008-01,2019-09-30T17:57:00Z,Bristol,BRI-008,Rail,Signal Failure,Medium,3,107,12868,TRUE
INC-201910-LON-015-01,2019-10-01T06:33:00Z,London,LON-015,Rail,Signal Failure,Med-High,4,134,44375,TRUE
INC-201910-LON-017-01,2019-10-02T00:06:00Z,London,LON-017,Bus,Congestion,Low Med,2,49,13342,TRUE
INC-201910-EDI-002-01,2019-10-02T08:33:00Z,Edinburgh,EDI-002,Bus,Staff Shortage,Low-Med,2,41,1258,FALSE
INC-201910-LON-008-03,2019-10-02T12:49:00Z,London,LON-008,Bus,Congestion,Medium,3,73,6168,TRUE
INC-201910-EDI-009-02,2019-10-02T15:55:00Z,Edinburgh,EDI-009,Bus,Staff Shortage,Low-Med,2,40,2565,TRUE
INC-201910-EDI-012-01,2019-10-03T07:24:00Z,Edinburgh,EDI-012,Underground,Station Closure,Medium,3,63,,TRUE
INC-201910-MAN-014-01,2019-10-03T12:41:00Z,Manchester,MAN-014,BikeShare,Dock Full,Low,1,9,173,TRUE
INC-201910-EDI-015-01,2019-10-03T13:38:00Z,EDI,EDI-015,Bus,Congestion,Low-Med,2,46,2772,TRUE
INC-201910-LON-010-01,2019-10-03T17:45:00Z,london,LON-010,BikeShare,App Outage,Low,1,13,110,TRUE
INC-201910-BRI-002-01,2019-10-03T19:15:00Z,Bristol,BRI-002,Bus,Vehicle Fault,Low,1,17,2108,TRUE
INC-201910-LON-014-01,2019-10-03T21:02:00Z,london,LON-014,Bus,Vehicle Fault,Medium,3,60,6674,TRUE
INC-201910-BRI-018-01,2019-10-03T23:21:00Z,Bristol,BRI-018,Bus,Roadworks,Low-Med,2,58,4731,TRUE
INC-201910-MAN-012-03,2019-10-04T22:32:00Z,Manchester,MAN-012,rail,Track Fault,Medium,3,107,14453,TRUE
INC-201910-EDI-012-02,2019-10-05T01:30:00Z,Edinburgh,EDI-012,Underground,Station Closure,Medium,3,89,29563,TRUE
INC-201910-EDI-011-03,2019-10-05T13:57:00Z,Edinburgh,EDI-011,Bus,Congestion,Medium,3,58,3465,TRUE
INC-201910-BRI-019-01,2019-10-05T18:06:00Z,Bristol,BRI-019,Rail,Rolling Stock,Med-High,4,207,20222,TRUE
INC-201910-BRI-009-01,2019-10-06T07:38:00Z,Bristol,BRI-009,Tram,Vehicle Fault,Low,1,24,805,TRUE
INC-201910-LON-017-03,2019-10-06T18:45:00Z,London,LON-017,Bus,Vehicle Fault,Medium,3,88,,TRUE
INC-201910-MAN-010-01,2019-10-06T19:41:00Z,Manchester,MAN-010,Rail,,Low-Med,2,56,4185,TRUE
INC-201910-LON-001-02,2019-10-06T19:50:00Z,London,LON-001,Bus,Roadworks,Med-High,4,95,10807,TRUE
INC-201910-MAN-009-01,2019-10-07T06:26:00Z,Manchester,MAN-009,Underground,Station Closure,Medium,3,99,20481,TRUE
INC-201910-EDI-011-01,2019-10-07T06:44:00Z,Edinburgh,EDI-011,Bus,Vehicle Fault,Low,1,11,839,TRUE
INC-201910-EDI-022-02,2019-10-07T07:42:00Z,Edinburgh,EDI-022,BikeShare,Bike Fault,Low,1,16,69,TRUE
INC-201910-BRI-016-01,2019-10-07T08:44:00Z,Bristol,BRI-016,Rail,Track Fault,Med-High,4,141,25461,TRUE
INC-201910-MAN-020-02,2019-10-07T11:20:00Z,Manchester,MAN-020,Bus,Congestion,Low,1,18,736,TRUE
INC-201910-LON-013-02,2019-10-08T01:44:00Z,LDN,LON-013,Underground,Passenger Incident,High,5,221,46468,TRUE
INC-201910-EDI-013-01,2019-10-08T06:45:00Z,Edinburgh,EDI-013,rail,Track Fault,Low,1,30,3874,TRUE
INC-201910-EDI-017-01,2019-10-09T07:20:00Z,Edinburgh,EDI-017,Underground,Station Closure,Medium,3,116,24170,TRUE
INC-201910-EDI-005-01,2019-10-09T08:05:00Z,Edinburgh,EDI-005,Underground,Power Issue,LOW-MED,2,54,22620,TRUE
INC-201910-LON-017-02,2019-10-09T10:39:00Z,London,LON-017,Bus,Congestion,Medium,3,61,7272,TRUE
INC-201910-LON-005-01,2019-10-09T17:36:00Z,London,LON-005,Rail,Signal Failure,Medium,3,104,14169,TRUE
INC-201910-LON-002-01,2019-10-10T04:19:00Z,London,LON-002,Bus,Roadworks,Medium,3,113,11266,TRUE
INC-201910-MAN-012-02,2019-10-10T07:41:00Z,Manchester,MAN-012,Rail,Rolling Stock,Medium,3,96,23502,TRUE
INC-201910-MAN-001-01,2019-10-10T11:55:00Z,Manchester,MAN-001,Bus,Roadworks,Low-Med,2,36,1737,FALSE
INC-201910-EDI-012-03,2019-10-10T16:25:00Z,Edinburgh,EDI-012,Underground,Passenger Incident,Medium,3,121,14889,TRUE
INC-201910-BRI-017-04,2019-10-10T16:49:00Z,Bristol,BRI-017,Bus,Congestion,Medium,3,,2940,TRUE
INC-201910-BRI-017-04,2019-10-10T16:53:00Z,Bristol,BRI-017,Bus,Congestion,Medium,3,,2940,TRUE
INC-201910-LON-018-01,2019-10-11T06:02:00Z,London,LON-018,Bus,Staff Shortage,Low,1,14,523,TRUE
INC-201910-BRI-011-01,2019-10-11T08:33:00Z,Bristol,BRI-011,Bus,Vehicle Fault,Low-Med,2,51,2415,TRUE
INC-201910-LON-012-01,2019-10-11T18:39:00Z,London,LON-012,Bus,,Low-Med,2,50,3710,TRUE
INC-201910-EDI-003-01,2019-10-12T07:11:00Z,Edinburgh,EDI-003,Bus,Staff Shortage,Low,1,16,814,TRUE
INC-201910-BRI-004-02,2019-10-12T07:43:00Z,Bristol,BRI-004,Underground,Signal Failure,Med High,4,195,41655,TRUE
INC-201910-MAN-013-01,2019-10-12T16:28:00Z,Manchester,MAN-013,Underground,Power Issue,Medium,3,124,9206,TRUE
INC-201910-LON-011-01,2019-10-12T17:37:00Z,london,LON-011,Tram,Obstruction,Low-Med,2,,2180,TRUE
INC-201910-MAN-019-02,2019-10-13T07:45:00Z,Manchester,MAN-019,Underground,,Med-High,4,173,46375,TRUE
INC-201910-EDI-009-01,2019-10-13T18:14:00Z,Edinburgh,EDI-009,Bus,Vehicle Fault,Low-Med,2,41,2146,TRUE
INC-201910-BRI-005-01,2019-10-13T20:30:00Z,Bristol,BRI-005,Bus,Congestion,Low-Med,2,47,2546,TRUE
INC-201910-BRI-021-01,2019-10-14T06:37:00Z,Bristol,BRI-021,Rail,Rolling Stock,Medium,3,106,10285,FALSE
INC-201910-LON-022-01,2019-10-15T03:37:00Z,London,LON-022,Underground,Power Issue,Medium,3,86,18400,TRUE
INC-201910-MAN-016-01,2019-10-15T17:45:00Z,Manchester,MAN-016,Bus,Roadworks,Low-Med,2,45,3110,TRUE
INC-201910-LON-001-03,2019-10-15T19:10:00Z,London,LON-001,Bus,Roadworks,Low-Med,2,35,5792,TRUE
INC-201910-EDI-001-01,2019-10-16T05:07:00Z,Edinburgh,EDI-001,Underground,Power Issue,Medium,3,78,19106,FALSE
INC-201910-MAN-004-02,2019-10-17T12:33:00Z,Manchester,MAN-004,Bus,Congestion,Low-Med,2,,5059,TRUE
INC-201910-MAN-015-01,2019-10-17T13:52:00Z,Manchester,MAN-015,Bus,Congestion,Low-Med,2,58,2343,TRUE
INC-201910-LON-014-02,2019-10-17T17:16:00Z,London,LON-014,Bus,Accident,Med-High,4,132,11239,TRUE
INC-201910-MAN-008-01,2019-10-17T22:56:00Z,Manchester,MAN-008,Bus,Congestion,Low,1,23,872,TRUE
INC-201910-MAN-022-01,2019-10-18T07:55:00Z,Manchester,MAN-022,Rail,Signal Failure,Low-Med,2,57,4474,TRUE
INC-201910-LON-019-01,2019-10-18T14:06:00Z,london,LON-019,Bus,Congestion,Med-High,4,92,9892,TRUE
INC-201910-EDI-018-01,2019-10-18T15:42:00Z,Edinburgh,EDI-018,Rail,Track Fault,Low-Med,2,53,4609,TRUE
INC-201910-MAN-005-01,2019-10-18T17:20:00Z,Manchester,MAN-005,Tram,Vehicle Fault,Medium,3,74,3313,TRUE
INC-201910-BRI-020-01,2019-10-18T21:56:00Z,Bristol,BRI-020,Rail,Track Fault,Medium,3,123,15430,TRUE
INC-201910-EDI-011-02,2019-10-19T05:05:00Z,Edinburgh,EDI-011,Bus,Congestion,Low,1,19,759,TRUE
INC-201910-BRI-021-02,2019-10-19T08:46:00Z,Bristol,BRI-021,Rail,Weather,Low-Med,2,54,7233,TRUE
INC-201910-MAN-003-01,2019-10-19T15:28:00Z,Manchester,MAN-003,BikeShare,Dock Empty,Low,1,18,88,TRUE
INC-201910-EDI-013-02,2019-10-19T19:13:00Z,Edinburgh,EDI-013,Rail,Weather,Medium,3,70,6479,TRUE
INC-201910-EDI-010-03,2019-10-20T02:28:00Z,Edinburgh,EDI-010,Bus,Roadworks,Low,1,8,525,TRUE
INC-201910-MAN-019-01,2019-10-20T06:18:00Z,Manchester,MAN-019,Underground,Station Closure,Low-Med,2,34,5292,TRUE
INC-201910-EDI-010-02,2019-10-20T17:39:00Z,Edinburgh,EDI-010,Bus,Roadworks,Low,1,9,643,TRUE
INC-201910-MAN-007-01,2019-10-21T04:18:00Z,Manchester,MAN-007,Tram,Vehicle Fault,Low-Med,2,47,3716,TRUE
INC-201910-EDI-019-01,2019-10-21T07:43:00Z,Edinburgh,EDI-019,tram,Roadworks,Low,1,20,,TRUE
INC-201910-EDI-019-02,2019-10-21T07:43:00Z,Edinburgh,EDI-019,Tram,Vehicle Fault,Low Med,2,54,3608,TRUE
INC-201910-BRI-005-02,2019-10-21T14:13:00Z,Bristol,BRI-005,Bus,Vehicle Fault,Low-Med,2,45,1964,TRUE
INC-201910-LON-008-01,2019-10-21T17:41:00Z,London,LON-008,Bus,Vehicle Fault,Medium,3,114,9657,TRUE
INC-201910-EDI-015-02,2019-10-21T18:55:00Z,Edinburgh,EDI-015,Bus,Roadworks,Low-Med,2,36,2018,TRUE
INC-201910-LON-016-01,2019-10-21T20:50:00Z,London,LON-016,Rail,Weather,Med-High,4,100,11889,TRUE
INC-201910-MAN-017-01,2019-10-22T02:49:00Z,Manchester,MAN-017,Underground,Signal Failure,Low,1,6,1663,TRUE
INC-201910-EDI-019-03,2019-10-23T12:17:00Z,Edinburgh,EDI-019,Tram,Roadworks,Medium,3,94,2633,TRUE
INC-201910-LON-020-01,2019-10-23T15:59:00Z,London,LON-020,Bus,Vehicle Fault,Medium,3,73,5255,TRUE
INC-201910-BRI-017-02,2019-10-23T16:29:00Z,Bristol,BRI-017,Bus,Roadworks,Low,1,10,660,TRUE
INC-201910-LON-013-01,2019-10-23T21:13:00Z,London,LON-013,Underground,Passenger Incident,Med-High,4,139,35962,TRUE
INC-201910-MAN-007-02,2019-10-24T02:54:00Z,Manchester,MAN-007,Tram,Vehicle Fault,Med-High,4,169,5308,TRUE
INC-201910-MAN-012-01,2019-10-24T06:34:00Z,Manchester,MAN-012,Rail,Signal Failure,Medium,3,65,5528,TRUE
INC-201910-BRI-004-01,2019-10-24T15:40:00Z,Bristol,BRI-004,Underground,Station Closure,Low-Med,2,47,12071,TRUE
INC-201910-BRI-017-01,2019-10-25T00:48:00Z,Bristol,BRI-017,Bus,Vehicle Fault,Low,1,12,,TRUE
INC-201910-LON-019-02,2019-10-25T18:26:00Z,london,LON-019,Bus,Staff Shortage,Low-Med,2,56,2462,TRUE
INC-201910-EDI-022-01,2019-10-26T11:02:00Z,EDI,EDI-022,BikeShare,Vandalism,Low,1,5,30,TRUE
INC-201910-MAN-013-02,2019-10-26T15:51:00Z,Manchester,MAN-013,Underground,Signal Failure,Medium,3,105,31254,TRUE
INC-201910-MAN-020-03,2019-10-27T04:41:00Z,Manchester,MAN-020,Bus,Staff Shortage,Low-Med,2,48,1186,TRUE
INC-201910-LON-001-01,2019-10-27T09:51:00Z,London,LON-001,Bus,Vehicle Fault,Low,1,14,816,TRUE
INC-201910-BRI-012-01,2019-10-27T18:13:00Z,Bristol,BRI-012,BikeShare,App Outage,Low,1,11,105,TRUE
INC-201910-EDI-014-01,2019-10-27T18:16:00Z,Edinburgh,EDI-014,Underground,Power Issue,High,5,296,102701,TRUE
INC-201910-EDI-005-02,2019-10-27T21:46:00Z,Edinburgh,EDI-005,Underground,Power Issue,Low-Med,2,45,8624,TRUE
INC-201910-BRI-017-03,2019-10-28T00:22:00Z,Bristol,BRI-017,Bus,Congestion,Medium,3,86,8886,TRUE
INC-201910-MAN-004-01,2019-10-28T03:59:00Z,Manchester,MAN-004,Bus,Roadworks,Low,1,12,472,TRUE
INC-201910-MAN-020-01,2019-10-28T09:13:00Z,Manchester,MAN-020,Bus,Congestion,Low,1,22,1828,TRUE
INC-201910-LON-010-02,2019-10-28T09:19:00Z,London,LON-010,BikeShare,Vandalism,Low-Med,2,43,396,TRUE
INC-201910-LON-008-02,2019-10-29T17:19:00Z,london,LON-008,Bus,Vehicle Fault,Low-Med,2,37,1837,TRUE
INC-201910-EDI-008-01,2019-10-30T17:04:00Z,Edinburgh,EDI-008,Bus,Roadworks,Low-Med,2,62,5454,TRUE
INC-201910-EDI-010-01,2019-10-31T07:12:00Z,Edinburgh,EDI-010,Bus,Congestion,Low-Med,2,45,2849,TRUE
INC-201910-MAN-001-02,2019-10-31T08:37:00Z,Manchester,MAN-001,Bus,Congestion,Low,1,27,1018,TRUE
INC-201911-LON-018-04,2019-11-01T07:36:00Z,London,LON-018,Bus,Congestion,Medium,3,97,18157,TRUE
INC-201911-MAN-012-01,2019-11-01T18:16:00Z,Manchester,MAN-012,Rail,Rolling Stock,Low-Med,2,25,1225,TRUE
INC-201911-MAN-011-01,2019-11-02T08:17:00Z,Manchester,MAN-011,Bus,Roadworks,Low,1,32,1855,TRUE
INC-201911-LON-013-04,2019-11-02T22:34:00Z,London,LON-013,Underground,Power Issue,Med-High,4,199,72155,TRUE
INC-201911-EDI-010-02,2019-11-03T11:29:00Z,Edinburgh,EDI-010,Bus,Congestion,Low,1,16,871,TRUE
INC-201911-MAN-008-02,2019-11-04T11:47:00Z,Manchester,MAN-008,Bus,Congestion,Low,1,13,1257,FALSE
INC-201911-BRI-005-02,2019-11-06T10:48:00Z,Bristol,BRI-005,Bus,Congestion,Medium,3,78,5386,TRUE
INC-201911-MAN-019-01,2019-11-06T18:07:00Z,Manchester,MAN-019,Underground,Power Issue,Medium,3,81,13272,TRUE
INC-201911-BRI-014-02,2019-11-07T01:55:00Z,Bristol,BRI-014,Bus,Staff Shortage,Low,1,14,746,TRUE
INC-202403-LON-006-02,2019-11-07T08:29:00Z,London,LON-003,Bus,Staff Shortage,Low-Med,2,36,4736,TRUE
INC-201911-BRI-018-02,2019-11-07T10:58:00Z,Bristol,BRI-018,Bus,Roadworks,Low,1,14,1555,TRUE
INC-201911-BRI-018-02,2019-11-07T11:00:00Z,Bristol,BRI-018,Bus,Roadworks,Low,1,14,1555,TRUE
INC-201911-BRI-005-01,2019-11-07T21:06:00Z,Bristol,BRI-005,bus,Accident,Low-Med,2,58,2909,TRUE
INC-201911-EDI-014-01,2019-11-07T22:07:00Z,Edinburgh,EDI-014,Underground,Passenger Incident,Medium,3,,8711,TRUE
INC-201911-EDI-001-01,2019-11-08T01:25:00Z,Edinburgh,EDI-001,Underground,Signal Failure,Medium,3,104,20492,TRUE
INC-201911-BRI-013-01,2019-11-08T06:01:00Z,bristol,BRI-013,Bus,Congestion,Low,1,6,225,TRUE
INC-201911-LON-013-01,2019-11-08T17:10:00Z,London,LON-013,Underground,Signal Failure,Med-High,4,180,45822,TRUE
INC-201911-MAN-015-04,2019-11-08T18:13:00Z,Manchester,MAN-015,Bus,Roadworks,Low,1,18,2032,TRUE
INC-201911-EDI-004-01,2019-11-09T09:03:00Z,Edinburgh,EDI-004,Bus,Accident,Low,1,5,248,TRUE
INC-201911-EDI-019-01,2019-11-10T06:50:00Z,Edinburgh,EDI-019,Tram,Roadworks,Low,1,16,532,TRUE
INC-201911-EDI-006-01,2019-11-10T09:20:00Z,Edinburgh,EDI-006,Underground,Station Closure,Medium,3,118,58801,TRUE
INC-201911-EDI-008-01,2019-11-10T20:36:00Z,Edinburgh,EDI-008,Bus,Roadworks,Low-Med,2,38,2984,TRUE
INC-201911-LON-020-01,2019-11-11T15:41:00Z,London,LON-020,Bus,Congestion,Medium,3,83,7488,FALSE
INC-201911-BRI-010-01,2019-11-11T19:26:00Z,Bristol,BRI-010,BikeShare,Vandalism,Low,1,10,110,TRUE
INC-201911-LON-013-03,2019-11-11T20:35:00Z,London,LON-013,Underground,Signal Failure,High,5,299,78645,TRUE
INC-201911-MAN-004-01,2019-11-12T02:46:00Z,Manchester,MAN-004,Bus,Vehicle Fault,Low-Med,2,64,1918,FALSE
INC-201911-MAN-008-01,2019-11-12T07:37:00Z,Manchester,MAN-008,Bus,Roadworks,Med-High,4,92,10114,TRUE
INC-201911-EDI-004-02,2019-11-12T09:14:00Z,Edinburgh,EDI-004,Bus,Congestion,Low-Med,2,32,1776,TRUE
INC-201911-LON-018-05,2019-11-12T22:54:00Z,London,LON-018,Bus,Congestion,High,5,246,50752,TRUE
INC-201911-EDI-002-01,2019-11-13T00:11:00Z,Edinburgh,EDI-002,Bus,Roadworks,Low,1,5,337,TRUE
INC-201911-MAN-010-03,2019-11-13T03:00:00Z,Manchester,MAN-010,Rail,Signal Failure,Medium,3,97,10801,TRUE
INC-201911-LON-004-01,2019-11-13T07:02:00Z,London,LON-004,Tram,Roadworks,Low,1,14,339,TRUE
INC-201911-EDI-005-01,2019-11-13T17:31:00Z,Edinburgh,EDI-005,Underground,Station Closure,Med-High,4,110,10113,TRUE
INC-201911-BRI-020-01,2019-11-13T18:42:00Z,Bristol,BRI-020,Rail,Track Fault,Low-Med,2,57,7498,TRUE
INC-201911-BRI-016-01,2019-11-13T19:28:00Z,Bristol,BRI-016,Rail,Rolling Stock,Low,1,26,4329,TRUE
INC-201911-LON-022-02,2019-11-13T19:53:00Z,London,LON-022,Underground,Passenger Incident,Medium,3,118,50856,TRUE
INC-201911-LON-018-01,2019-11-14T02:55:00Z,London,LON-018,Bus,Vehicle Fault,Medium,3,76,7843,TRUE
INC-201911-LON-015-01,2019-11-15T00:59:00Z,London,LON-015,Rail,Signal Failure,High,5,260,47388,TRUE
INC-201911-LON-014-02,2019-11-15T12:33:00Z,London,LON-014,Bus,Congestion,Low-Med,2,55,2580,TRUE
INC-201911-BRI-014-01,2019-11-16T02:59:00Z,Bristol,BRI-014,Bus,Staff Shortage,Med-High,4,104,9541,TRUE
INC-201911-MAN-013-01,2019-11-16T07:40:00Z,Manchester,MAN-013,Underground,Power Issue,Med-High,4,205,28227,TRUE
INC-201911-MAN-015-05,2019-11-16T11:13:00Z,Manchester,MAN-015,Bus,Vehicle Fault,Medium,3,98,5370,TRUE
INC-201911-EDI-004-03,2019-11-16T12:39:00Z,Edinburgh,EDI-004,Bus,Vehicle Fault,Low,1,26,917,FALSE
INC-201911-LON-008-01,2019-11-16T23:10:00Z,London,LON-008,Bus,Vehicle Fault,High,5,165,13125,TRUE
INC-201911-EDI-003-01,2019-11-17T03:16:00Z,Edinburgh,EDI-003,Bus,Vehicle Fault,Low-Med,2,38,1189,FALSE
INC-201911-EDI-003-02,2019-11-17T07:27:00Z,Edinburgh,EDI-003,Bus,Roadworks,Medium,3,,2322,TRUE
INC-201911-LON-021-01,2019-11-17T12:49:00Z,London,LON-021,bus,Roadworks,Low Med,2,58,9748,TRUE
INC-201911-MAN-013-02,2019-11-18T21:18:00Z,Manchester,MAN-013,Underground,Signal Failure,Medium,3,113,13879,TRUE
INC-201911-EDI-015-01,2019-11-19T09:40:00Z,Edinburgh,EDI-015,Bus,Roadworks,Low,1,15,876,TRUE
INC-201911-MAN-021-01,2019-11-19T11:09:00Z,Manchester,MAN-021,Rail,Rolling Stock,Low-Med,2,55,9048,TRUE
INC-201911-EDI-005-02,2019-11-19T12:18:00Z,Edinburgh,EDI-005,Underground,Power Issue,Low-Med,2,35,4742,TRUE
INC-201911-LON-017-01,2019-11-19T19:57:00Z,London,LON-017,bus,Congestion,Low-Med,2,27,2883,TRUE
INC-201911-MAN-010-01,2019-11-20T07:00:00Z,Manchester,MAN-010,Rail,Signal Failure,Low,1,24,2098,TRUE
INC-201911-EDI-010-01,2019-11-20T07:38:00Z,Edinburgh,EDI-010,Bus,Congestion,Low,1,8,137,TRUE
INC-201911-MAN-015-01,2019-11-20T14:49:00Z,Manchester,MAN-015,Bus,Roadworks,Low,1,10,707,TRUE
INC-201911-BRI-011-01,2019-11-20T17:11:00Z,Bristol,BRI-011,Bus,Roadworks,Low,1,13,343,TRUE
INC-201911-LON-016-02,2019-11-20T22:58:00Z,London,LON-016,Rail,Signal Failure,Med-High,4,162,21695,TRUE
INC-201911-MAN-010-02,2019-11-21T06:32:00Z,Manchester,MAN-010,Rail,Track Fault,Low Med,2,35,4293,TRUE
INC-201911-LON-009-02,2019-11-21T15:38:00Z,London,LON-009,Rail,Signal Failure,Med-High,4,148,37052,FALSE
INC-201911-EDI-014-02,2019-11-22T04:21:00Z,Edinburgh,EDI-014,Underground,Station Closure,Med-High,4,149,12246,TRUE
INC-201911-BRI-007-01,2019-11-22T04:47:00Z,bristol,BRI-007,Tram,Obstruction,Low,1,8,,TRUE
INC-201911-LON-008-02,2019-11-22T07:22:00Z,London,LON-008,Bus,Roadworks,Low,1,16,2050,TRUE
INC-201911-MAN-018-01,2019-11-22T14:32:00Z,Manchester,MAN-018,BikeShare,Bike Fault,Low,1,15,166,TRUE
INC-201911-LON-008-03,2019-11-22T20:17:00Z,LDN,LON-008,Bus,Vehicle Fault,Medium,3,89,11566,TRUE
INC-201911-MAN-015-02,2019-11-23T09:38:00Z,Manchester,MAN-015,Bus,Accident,Low,1,8,480,TRUE
INC-201911-MAN-017-01,2019-11-24T03:29:00Z,Manchester,MAN-017,Underground,Power Issue,Medium,3,106,43040,TRUE
INC-201911-EDI-020-01,2019-11-24T12:44:00Z,Edinburgh,EDI-020,Rail,Track Fault,Low,1,12,546,TRUE
INC-201911-MAN-003-01,2019-11-24T18:35:00Z,Manchester,MAN-003,BikeShare,Bike Fault,Low,1,16,493,TRUE
INC-201911-MAN-017-02,2019-11-24T22:55:00Z,Manchester,MAN-017,Underground,Passenger Incident,Medium,3,117,25609,TRUE
INC-201911-MAN-016-01,2019-11-25T05:42:00Z,Manchester,MAN-016,Bus,Roadworks,Low,1,16,6200,TRUE
INC-201911-BRI-022-01,2019-11-25T06:49:00Z,Bristol,BRI-022,Underground,Power Issue,Low-Med,2,46,13590,TRUE
INC-201911-LON-001-01,2019-11-26T12:43:00Z,London,LON-001,Bus,Congestion,Medium,3,93,7174,TRUE
INC-201911-LON-009-01,2019-11-26T16:02:00Z,London,LON-009,Rail,Signal Failure,Medium,3,103,22931,TRUE
INC-201911-LON-016-01,2019-11-26T20:59:00Z,London,LON-016,Rail,Weather,Med-High,4,111,,TRUE
INC-201911-LON-018-03,2019-11-28T04:33:00Z,London,LON-018,Bus,Congestion,Medium,3,76,6598,TRUE
INC-201911-BRI-006-01,2019-11-28T06:44:00Z,Bristol,BRI-006,Bus,Roadworks,Low-Med,2,54,1737,TRUE
INC-201911-LON-018-02,2019-11-28T13:05:00Z,London,LON-018,Bus,Accident,Medium,3,94,7757,TRUE
INC-201911-EDI-009-01,2019-11-28T14:20:00Z,Edinburgh,EDI-009,Bus,Congestion,Low,1,20,1165,TRUE
INC-201911-LON-014-01,2019-11-28T16:57:00Z,London,LON-014,Bus,Staff Shortage,Low,1,8,1078,TRUE
INC-201911-BRI-018-01,2019-11-28T20:36:00Z,Bristol,BRI-018,Bus,Roadworks,Low,1,21,566,TRUE
INC-202210-BRI-022-02,2019-11-29T07:38:00Z,London,LON-013,Underground,Power Issue,Med-High,4,167,90752,TRUE
INC-201911-LON-012-01,2019-11-29T09:52:00Z,london,LON-012,Bus,Staff Shortage,Low-Med,2,45,2060,TRUE
INC-201911-LON-002-01,2019-11-29T16:34:00Z,LDN,LON-002,Bus,Congestion,Low-Med,2,42,3368,TRUE
INC-201911-MAN-015-03,2019-11-29T17:32:00Z,Manchester,MAN-015,Bus,Roadworks,Medium,3,72,6914,TRUE
INC-201911-BRI-002-01,2019-11-30T07:02:00Z,Bristol,BRI-002,Bus,Roadworks,Low,1,8,169,TRUE
INC-201911-LON-020-02,2019-11-30T09:09:00Z,London,LON-020,Bus,Roadworks,Medium,3,89,,TRUE
INC-201911-EDI-012-01,2019-11-30T16:07:00Z,Edinburgh,EDI-012,Underground,Signal Failure,Med-High,4,98,54234,TRUE
INC-201911-BRI-017-01,2019-11-30T16:21:00Z,Bristol,BRI-017,Bus,Staff Shortage,Low-Med,2,27,2062,TRUE
INC-201911-BRI-022-02,2019-11-30T17:53:00Z,Bristol,BRI-022,Underground,,Medium,3,99,24840,TRUE
INC-201911-LON-022-01,2019-11-30T21:52:00Z,London,LON-022,Underground,Power Issue,Medium,3,107,37510,TRUE
INC-201912-EDI-003-01,2019-12-01T00:37:00Z,Edinburgh,EDI-003,Bus,Vehicle Fault,Low,1,20,567,TRUE
INC-201912-LON-020-02,2019-12-01T17:40:00Z,London,LON-020,bus,Roadworks,Low-Med,2,56,7050,TRUE
INC-201912-MAN-011-01,2019-12-01T18:15:00Z,Manchester,MAN-011,Bus,Congestion,Low,1,19,1871,TRUE
INC-201912-LON-015-03,2019-12-01T19:02:00Z,London,LON-015,Rail,Weather,Med-High,4,178,37726,TRUE
INC-201912-MAN-001-03,2019-12-01T23:50:00Z,Manchester,MAN-001,Bus,Roadworks,Low,1,8,471,TRUE
INC-201912-EDI-003-02,2019-12-02T00:03:00Z,Edinburgh,EDI-003,Bus,Accident,Low,1,27,898,TRUE
INC-201912-EDI-008-01,2019-12-02T02:09:00Z,Edinburgh,EDI-008,Bus,Roadworks,Low-Med,2,24,1446,TRUE
INC-201912-LON-013-01,2019-12-02T05:09:00Z,London,LON-013,Underground,Power Issue,Medium,3,76,8279,TRUE
INC-201912-LON-004-01,2019-12-02T08:07:00Z,London,LON-004,Tram,Roadworks,Low,1,16,1070,TRUE
INC-201912-MAN-020-02,2019-12-02T09:02:00Z,Manchester,MAN-020,Bus,Vehicle Fault,Low,1,12,560,TRUE
INC-201912-LON-005-03,2019-12-02T14:07:00Z,London,LON-005,Rail,Rolling Stock,Med-High,4,166,23244,TRUE
INC-201912-LON-013-02,2019-12-03T01:47:00Z,London,LON-013,Underground,Power Issue,High,5,211,66002,TRUE
INC-201912-BRI-017-01,2019-12-03T16:28:00Z,Bristol,BRI-017,Bus,Roadworks,Low,1,16,820,TRUE
INC-201912-EDI-013-01,2019-12-03T22:27:00Z,Edinburgh,EDI-013,Rail,Rolling Stock,Low,1,16,1323,FALSE
INC-201912-BRI-002-03,2019-12-04T06:14:00Z,Bristol,BRI-002,Bus,Congestion,Low,1,19,705,TRUE
INC-201912-MAN-001-02,2019-12-04T16:22:00Z,Manchester,MAN-001,Bus,Vehicle Fault,Low-Med,2,40,985,TRUE
INC-201912-MAN-020-03,2019-12-04T22:04:00Z,Manchester,MAN-020,Bus,Congestion,Low-Med,2,41,1325,TRUE
INC-201912-BRI-018-03,2019-12-06T01:52:00Z,Bristol,BRI-018,Bus,Staff Shortage,Low,1,5,156,TRUE
INC-201912-BRI-018-02,2019-12-06T09:42:00Z,Bristol,BRI-018,Bus,Congestion,Low,1,10,448,TRUE
INC-201912-BRI-007-01,2019-12-06T18:14:00Z,Bristol,BRI-007,Tram,Power Issue,Low,1,14,278,FALSE
INC-201912-LON-008-01,2019-12-06T18:31:00Z,London,LON-008,Bus,Staff Shortage,LOW-MED,2,,3988,TRUE
INC-201912-EDI-005-01,2019-12-06T22:33:00Z,Edinburgh,EDI-005,Underground,Power Issue,Low,1,15,1160,TRUE
INC-201912-LON-009-03,2019-12-07T03:18:00Z,London,LON-009,Rail,Signal Failure,Med-High,4,141,46054,TRUE
INC-201912-BRI-004-01,2019-12-07T07:20:00Z,Bristol,BRI-004,Underground,Power Issue,Med-High,4,134,19420,FALSE
INC-201912-MAN-005-01,2019-12-07T17:04:00Z,Manchester,MAN-005,Tram,Vehicle Fault,Medium,3,94,6192,TRUE
INC-201912-LON-014-01,2019-12-07T17:36:00Z,London,LON-014,Bus,Roadworks,Low-Med,2,51,10608,TRUE
INC-201912-MAN-018-01,2019-12-08T04:49:00Z,Manchester,MAN-018,BikeShare,App Outage,Low,1,11,231,FALSE
INC-201912-LON-022-04,2019-12-08T05:45:00Z,London,LON-022,Underground,Signal Failure,Medium,3,73,19833,TRUE
INC-201912-BRI-020-01,2019-12-09T00:11:00Z,Bristol,BRI-020,Rail,Track Fault,Low,1,31,2715,TRUE
INC-201912-LON-017-04,2019-12-09T16:37:00Z,London,LON-017,Bus,Vehicle Fault,Low,1,13,1903,TRUE
INC-201912-EDI-008-02,2019-12-09T18:20:00Z,Edinburgh,EDI-008,Bus,Roadworks,Low-Med,2,23,1920,TRUE
INC-201912-MAN-022-01,2019-12-10T01:39:00Z,Manchester,MAN-022,Rail,Weather,LOW-MED,2,50,5498,TRUE
INC-201912-BRI-021-01,2019-12-10T17:13:00Z,bristol,BRI-021,Rail,Rolling Stock,Medium,3,93,10275,TRUE
INC-201912-MAN-015-01,2019-12-10T22:06:00Z,Manchester,MAN-015,Bus,Roadworks,Medium,3,118,7101,FALSE
INC-201912-LON-007-02,2019-12-11T16:11:00Z,London,LON-007,Tram,Roadworks,Low-Med,2,47,1843,TRUE
INC-201912-BRI-001-01,2019-12-12T00:33:00Z,Bristol,BRI-001,Bus,Congestion,Low-Med,2,39,1146,TRUE
INC-201912-MAN-008-01,2019-12-13T09:17:00Z,MAN,MAN-008,Bus,Vehicle Fault,Low-Med,2,55,4011,FALSE
INC-201912-EDI-009-01,2019-12-13T12:27:00Z,Edinburgh,EDI-009,Bus,Accident,Low-Med,2,55,3434,TRUE
INC-201912-LON-017-03,2019-12-13T17:01:00Z,London,LON-017,Bus,Congestion,Low-Med,2,27,3289,TRUE
INC-201912-LON-015-01,2019-12-14T17:54:00Z,London,LON-015,Rail,Weather,Med-High,4,199,42913,TRUE
INC-201912-LON-022-02,2019-12-15T06:49:00Z,London,LON-022,Underground,Power Issue,Med-High,4,107,43541,TRUE
INC-201912-MAN-021-02,2019-12-16T10:50:00Z,Manchester,MAN-021,Rail,Signal Failure,Medium,3,115,8694,TRUE
INC-201912-BRI-002-01,2019-12-17T08:24:00Z,Bristol,BRI-002,Bus,Roadworks,Low,1,32,1414,TRUE
INC-201912-EDI-004-01,2019-12-18T07:05:00Z,EDI,EDI-004,Bus,Congestion,Low-Med,2,58,3871,TRUE
INC-201912-EDI-018-01,2019-12-18T09:48:00Z,Edinburgh,EDI-018,Rail,Weather,Low-Med,2,57,9009,TRUE
INC-201912-EDI-008-04,2019-12-18T09:50:00Z,Edinburgh,EDI-008,Bus,Congestion,Low,1,17,1502,TRUE
INC-201912-BRI-013-01,2019-12-19T06:20:00Z,Bristol,BRI-013,Bus,Congestion,Low,1,8,912,TRUE
INC-201912-LON-017-01,2019-12-19T07:06:00Z,London,LON-017,Bus,Staff Shortage,Med-High,4,112,8204,TRUE
INC-201912-MAN-005-02,2019-12-19T07:06:00Z,Manchester,MAN-005,Tram,Vehicle Fault,Medium,3,119,8199,TRUE
INC-201912-MAN-020-01,2019-12-19T18:19:00Z,Manchester,MAN-020,Bus,Congestion,Low-Med,2,51,2995,TRUE
INC-201912-MAN-019-01,2019-12-19T23:26:00Z,Manchester,MAN-019,Underground,Signal Failure,Low,1,11,2389,TRUE
INC-201912-MAN-012-01,2019-12-20T06:51:00Z,Manchester,MAN-012,Rail,Signal Failure,Low-Med,2,34,4696,TRUE
INC-201912-LON-022-01,2019-12-20T08:39:00Z,London,LON-022,Underground,Power Issue,Med-High,4,160,24853,FALSE
INC-201912-BRI-003-01,2019-12-20T18:24:00Z,Bristol,BRI-003,Rail,Signal Failure,Low-Med,2,25,1350,TRUE
INC-201912-EDI-015-02,2019-12-21T00:44:00Z,Edinburgh,EDI-015,Bus,Congestion,Low,1,5,283,TRUE
INC-201912-LON-016-01,2019-12-21T09:46:00Z,London,LON-016,Rail,Track Fault,Medium,3,90,12850,TRUE
INC-201912-MAN-001-01,2019-12-21T10:12:00Z,Manchester,MAN-001,Bus,Congestion,Low-Med,2,33,1689,TRUE
INC-201912-MAN-021-01,2019-12-21T14:30:00Z,Manchester,MAN-021,Rail,Signal Failure,LOW-MED,2,63,4083,TRUE
INC-201912-MAN-017-02,2019-12-21T15:04:00Z,Manchester,MAN-017,Underground,Signal Failure,Med-High,4,98,28152,TRUE
INC-201912-EDI-008-05,2019-12-21T17:43:00Z,Edinburgh,EDI-008,Bus,Congestion,Low-Med,2,35,4081,TRUE
INC-201912-LON-005-01,2019-12-21T20:31:00Z,London,LON-005,Rail,Signal Failure,Medium,3,122,12960,TRUE
INC-201912-LON-004-02,2019-12-22T07:20:00Z,London,LON-004,Tram,Power Issue,Medium,3,119,10936,TRUE
INC-201912-BRI-016-02,2019-12-22T13:47:00Z,Bristol,BRI-016,Rail,Signal Failure,Medium,3,132,6661,TRUE
INC-201912-LON-015-04,2019-12-22T21:03:00Z,London,LON-015,Rail,Rolling Stock,High,5,274,31504,TRUE
INC-201912-LON-017-02,2019-12-22T23:21:00Z,London,LON-017,Bus,Congestion,Medium,3,115,10574,TRUE
INC-201912-LON-009-04,2019-12-23T06:55:00Z,london,LON-009,Rail,Track Fault,High,5,266,57016,TRUE
INC-201912-BRI-018-01,2019-12-23T08:14:00Z,Bristol,BRI-018,Bus,Staff Shortage,LOW,1,15,518,FALSE
INC-201912-LON-009-02,2019-12-24T02:34:00Z,London,LON-009,Rail,Signal Failure,Med-High,4,200,59240,TRUE
INC-201912-LON-003-01,2019-12-24T17:48:00Z,London,LON-003,Bus,Roadworks,Medium,3,61,4253,TRUE
INC-201912-BRI-002-02,2019-12-24T23:28:00Z,Bristol,BRI-002,Bus,Congestion,Low,1,22,755,TRUE
INC-201912-LON-005-04,2019-12-24T23:30:00Z,London,LON-005,Rail,Signal Failure,Medium,3,118,29584,TRUE
INC-201912-MAN-017-01,2019-12-25T03:00:00Z,Manchester,MAN-017,Underground,Passenger Incident,Med-High,4,142,72188,TRUE
INC-201912-EDI-009-02,2019-12-25T04:48:00Z,Edinburgh,EDI-009,Bus,,Low,1,5,198,TRUE
INC-201912-MAN-014-01,2019-12-25T10:25:00Z,MAN,MAN-014,BikeShare,Vandalism,Low,1,8,95,FALSE
INC-201912-EDI-015-01,2019-12-25T17:03:00Z,Edinburgh,EDI-015,Bus,Roadworks,Medium,3,49,4623,TRUE
INC-201912-EDI-020-01,2019-12-26T12:06:00Z,Edinburgh,EDI-020,Rail,Signal Failure,Low-Med,2,43,3651,TRUE
INC-201912-BRI-014-01,2019-12-26T18:44:00Z,Bristol,BRI-014,Bus,Congestion,Low,1,17,793,TRUE
INC-201912-BRI-008-01,2019-12-26T20:18:00Z,Bristol,BRI-008,Rail,Signal Failure,Low,1,33,4160,TRUE
INC-201912-LON-020-01,2019-12-27T17:46:00Z,London,LON-020,Bus,Congestion,Medium,3,91,5988,TRUE
INC-201912-LON-008-02,2019-12-28T08:20:00Z,London,LON-008,Bus,Congestion,Low-Med,2,36,1798,FALSE
INC-201912-BRI-019-01,2019-12-28T18:47:00Z,Bristol,BRI-019,Rail,Track Fault,Low-Med,2,36,3519,TRUE
INC-201912-MAN-012-02,2019-12-29T08:37:00Z,Manchester,MAN-012,Rail,Signal Failure,Medium,3,97,10818,TRUE
INC-201912-LON-022-03,2019-12-29T10:22:00Z,London,LON-022,Underground,Power Issue,Medium,3,91,31093,TRUE
INC-201912-BRI-003-02,2019-12-29T15:58:00Z,Bristol,BRI-003,Rail,Track Fault,Low,1,5,487,TRUE
INC-201912-BRI-019-02,2019-12-29T16:27:00Z,Bristol,BRI-019,Rail,Track Fault,Low-Med,2,42,4700,TRUE
INC-201912-LON-005-02,2019-12-29T18:29:00Z,London,LON-005,Rail,Track Fault,Medium,3,78,12718,TRUE
INC-201912-LON-015-02,2019-12-29T18:38:00Z,London,LON-015,Rail,Signal Failure,MEDIUM,3,101,11500,TRUE
INC-201912-LON-007-01,2019-12-29T19:55:00Z,London,LON-007,Tram,Vehicle Fault,Low-Med,2,34,1419,FALSE
INC-201912-EDI-008-03,2019-12-30T09:30:00Z,Edinburgh,EDI-008,Bus,Congestion,Low-Med,2,49,3946,TRUE
INC-201912-LON-021-01,2019-12-30T16:50:00Z,London,LON-021,Bus,Roadworks,Low-Med,2,50,2720,FALSE
INC-201912-LON-018-01,2019-12-30T19:43:00Z,london,LON-018,Bus,Roadworks,Medium,3,105,5045,TRUE
INC-201912-BRI-022-01,2019-12-31T17:40:00Z,Bristol,BRI-022,Underground,Power Issue,Med-High,4,212,20847,TRUE
INC-201912-LON-009-01,2019-12-31T17:59:00Z,London,LON-009,Rail,Signal Failure,High,5,259,105900,TRUE
INC-201912-BRI-016-01,2019-12-31T19:16:00Z,Bristol,BRI-016,Rail,Signal Failure,Med-High,4,123,12035,TRUE
INC-201912-LON-010-01,2019-12-31T21:15:00Z,London,LON-010,BikeShare,Dock Empty,Low,1,15,114,TRUE
INC-202001-EDI-002-03,2020-01-01T08:57:00Z,Edinburgh,EDI-002,Bus,Congestion,Low-Med,2,21,1006,TRUE
INC-202001-MAN-007-02,2020-01-01T17:37:00Z,Manchester,MAN-007,Tram,Power Issue,Low,1,29,,TRUE
INC-202001-EDI-009-01,2020-01-01T18:52:00Z,Edinburgh,EDI-009,Bus,Accident,Low,1,19,,TRUE
INC-202001-EDI-002-01,2020-01-01T19:04:00Z,Edinburgh,EDI-002,Bus,Congestion,Low-Med,2,49,,TRUE
INC-202001-MAN-008-01,2020-01-02T00:56:00Z,Manchester,MAN-008,Bus,Vehicle Fault,Low,1,20,1357,TRUE
INC-202001-BRI-013-02,2020-01-02T08:24:00Z,Bristol,BRI-013,Bus,Roadworks,Low,1,13,386,TRUE
INC-202001-MAN-008-02,2020-01-02T20:38:00Z,Manchester,MAN-008,Bus,Roadworks,Medium,3,89,6374,TRUE
INC-202001-EDI-002-04,2020-01-03T09:23:00Z,Edinburgh,EDI-002,Bus,Vehicle Fault,Low,1,23,1007,TRUE
INC-202001-LON-002-01,2020-01-03T18:03:00Z,London,LON-002,Bus,Congestion,Medium,3,91,78528,FALSE
INC-202001-LON-019-03,2020-01-04T02:16:00Z,London,LON-019,Bus,Accident,Low-Med,2,40,2022,TRUE
INC-202001-BRI-006-02,2020-01-04T05:01:00Z,Bristol,BRI-006,Bus,Congestion,Low,1,5,,TRUE
INC-202001-LON-020-02,2020-01-04T07:03:00Z,London,LON-020,Bus,Accident,Low-Med,2,25,2360,TRUE
INC-202001-EDI-013-01,2020-01-04T08:14:00Z,Edinburgh,EDI-013,Rail,Track Fault,Low-Med,2,56,6966,TRUE
INC-202001-MAN-010-01,2020-01-04T12:15:00Z,Manchester,MAN-010,Rail,Signal Failure,Medium,3,92,12549,TRUE
INC-202001-BRI-017-02,2020-01-05T18:52:00Z,Bristol,BRI-017,Bus,Roadworks,Low,1,32,1963,FALSE
INC-202001-LON-019-05,2020-01-06T15:08:00Z,London,LON-019,Bus,Congestion,Low,1,38,2372,TRUE
INC-202001-MAN-021-03,2020-01-06T15:18:00Z,Manchester,MAN-021,Rail,Rolling Stock,Low-Med,2,50,7408,TRUE
INC-202001-MAN-011-01,2020-01-07T06:14:00Z,Manchester,MAN-011,Bus,Congestion,Low-Med,2,60,3331,TRUE
INC-202001-BRI-017-01,2020-01-07T06:30:00Z,Bristol,BRI-017,Bus,Vehicle Fault,Low,1,17,1702,TRUE
INC-202001-MAN-012-01,2020-01-07T08:28:00Z,Manchester,MAN-012,Rail,Signal Failure,Low Med,2,47,5445,TRUE
INC-202001-MAN-007-03,2020-01-08T01:39:00Z,Manchester,MAN-007,Tram,Roadworks,LOW,1,5,160,TRUE
INC-202001-EDI-008-01,2020-01-08T08:53:00Z,Edinburgh,EDI-008,Bus,Staff Shortage,Low-Med,2,43,1249,FALSE
INC-202001-LON-001-02,2020-01-08T14:30:00Z,London,LON-001,Bus,Vehicle Fault,Low-Med,2,44,2595,TRUE
INC-202001-MAN-008-03,2020-01-08T16:24:00Z,Manchester,MAN-008,Bus,Roadworks,Low-Med,2,50,1676,TRUE
INC-202001-LON-018-01,2020-01-08T18:20:00Z,London,LON-018,Bus,Staff Shortage,LOW,1,12,512,TRUE
INC-202001-BRI-007-01,2020-01-08T18:47:00Z,Bristol,BRI-007,Tram,Vehicle Fault,Low,1,10,230,TRUE
INC-202001-LON-017-01,2020-01-08T19:36:00Z,London,LON-017,Bus,Accident,Low-Med,2,45,4047,TRUE
INC-202001-MAN-008-04,2020-01-10T18:57:00Z,MAN,MAN-008,Bus,Staff Shortage,Low,1,17,1289,TRUE
INC-202001-EDI-006-01,2020-01-10T21:32:00Z,Edinburgh,EDI-006,Underground,Passenger Incident,Medium,3,127,46153,TRUE
INC-202001-MAN-019-01,2020-01-10T22:27:00Z,Manchester,MAN-019,Underground,Passenger Incident,Med-High,4,111,49181,TRUE
INC-202001-LON-004-02,2020-01-11T18:08:00Z,London,LON-004,Tram,Vehicle Fault,Low,1,15,655,TRUE
INC-202001-LON-021-01,2020-01-11T19:02:00Z,London,LON-021,Bus,Vehicle Fault,Medium,3,75,11402,TRUE
INC-202001-LON-019-04,2020-01-11T19:50:00Z,London,LON-019,Bus,Roadworks,Medium,3,84,6155,TRUE
INC-202001-EDI-003-02,2020-01-11T19:51:00Z,Edinburgh,EDI-003,Bus,Roadworks,Low,1,11,518,FALSE
INC-202001-MAN-016-01,2020-01-12T03:26:00Z,Manchester,MAN-016,Bus,Congestion,Medium,3,117,9883,TRUE
INC-202001-LON-020-01,2020-01-12T06:29:00Z,London,LON-020,Bus,Congestion,Medium,3,89,6056,TRUE
INC-202001-EDI-018-01,2020-01-12T06:35:00Z,Edinburgh,EDI-018,Rail,Signal Failure,Med-High,4,177,17281,FALSE
INC-202001-MAN-011-04,2020-01-12T09:04:00Z,Manchester,MAN-011,Bus,Roadworks,Medium,3,113,11577,FALSE
INC-202001-EDI-005-02,2020-01-12T11:21:00Z,Edinburgh,EDI-005,Underground,Passenger Incident,Low-Med,2,59,6922,TRUE
INC-202001-LON-019-02,2020-01-12T13:36:00Z,London,LON-019,Bus,Vehicle Fault,Medium,3,76,4837,TRUE
INC-202001-LON-015-02,2020-01-12T13:57:00Z,London,LON-015,Rail,Rolling Stock,High,5,157,33864,FALSE
INC-202001-MAN-013-01,2020-01-12T17:28:00Z,Manchester,MAN-013,Underground,Passenger Incident,Low-Med,2,55,14120,TRUE
INC-202001-EDI-017-01,2020-01-12T19:34:00Z,Edinburgh,EDI-017,Underground,Power Issue,Low-Med,2,62,49085,TRUE
INC-202001-BRI-013-01,2020-01-13T10:10:00Z,Bristol,BRI-013,Bus,Vehicle Fault,Low,1,23,791,TRUE
INC-202001-BRI-006-01,2020-01-13T17:33:00Z,Bristol,BRI-006,Bus,Vehicle Fault,Low,1,20,856,TRUE
INC-202001-LON-012-02,2020-01-14T02:01:00Z,London,LON-012,Bus,Vehicle Fault,Low-Med,2,32,3789,TRUE
INC-202001-EDI-005-03,2020-01-14T07:37:00Z,Edinburgh,EDI-005,Underground,Signal Failure,Medium,3,62,12251,TRUE
INC-202001-LON-003-02,2020-01-15T08:54:00Z,London,LON-003,Bus,Congestion,Low-Med,2,24,1089,TRUE
INC-202001-EDI-005-01,2020-01-15T10:31:00Z,Edinburgh,EDI-005,Underground,Signal Failure,Medium,3,107,18909,TRUE
INC-202001-BRI-004-01,2020-01-16T02:20:00Z,Bristol,BRI-004,Underground,Station Closure,Med-High,4,100,41928,TRUE
INC-202001-EDI-002-02,2020-01-16T06:27:00Z,Edinburgh,EDI-002,Bus,Congestion,Medium,3,55,1554,TRUE
INC-202001-LON-017-03,2020-01-16T06:41:00Z,London,LON-017,Bus,Roadworks,Medium,3,120,11667,TRUE
INC-202001-EDI-010-01,2020-01-17T06:54:00Z,Edinburgh,EDI-010,Bus,Staff Shortage,Low-Med,2,39,4403,TRUE
INC-202001-EDI-013-02,2020-01-17T09:07:00Z,Edinburgh,EDI-013,Rail,Signal Failure,Low,1,14,473,TRUE
INC-202001-EDI-003-01,2020-01-18T10:22:00Z,Edinburgh,EDI-003,Bus,Roadworks,Low,1,19,1111,TRUE
INC-202001-MAN-020-02,2020-01-18T22:58:00Z,Manchester,MAN-020,Bus,Congestion,Low,1,13,1306,TRUE
INC-202001-EDI-012-01,2020-01-19T08:14:00Z,Edinburgh,EDI-012,Underground,Signal Failure,Med-High,4,98,12475,TRUE
INC-202001-LON-012-01,2020-01-20T15:23:00Z,London,LON-012,bus,Staff Shortage,Low-Med,2,34,3827,TRUE
INC-202001-BRI-004-02,2020-01-20T17:26:00Z,Bristol,BRI-004,Underground,Station Closure,Med-High,4,117,209925,TRUE
INC-202001-MAN-015-01,2020-01-20T17:53:00Z,Manchester,MAN-015,Bus,Roadworks,Low,1,30,2535,TRUE
INC-202001-MAN-011-02,2020-01-21T07:02:00Z,Manchester,MAN-011,Bus,Staff Shortage,Medium,3,121,11694,TRUE
INC-202001-MAN-020-01,2020-01-22T00:47:00Z,Manchester,MAN-020,Bus,Congestion,Low-Med,2,41,6241,TRUE
INC-202001-EDI-014-01,2020-01-22T00:47:00Z,Edinburgh,EDI-014,Underground,Station Closure,Medium,3,73,13503,TRUE
INC-202001-LON-019-06,2020-01-22T15:36:00Z,London,LON-019,Bus,Congestion,Low-Med,2,43,2849,TRUE
INC-202001-BRI-008-01,2020-01-23T00:56:00Z,Bristol,BRI-008,Rail,Signal Failure,Low-Med,2,58,3346,FALSE
INC-202001-EDI-017-02,2020-01-23T09:42:00Z,Edinburgh,EDI-017,Underground,Signal Failure,Med-High,4,201,27607,FALSE
INC-202001-MAN-022-01,2020-01-23T12:28:00Z,Manchester,MAN-022,rail,Rolling Stock,Med-High,4,167,21440,TRUE
INC-202001-LON-019-01,2020-01-23T17:02:00Z,london,LON-019,Bus,Roadworks,Low-Med,2,55,4006,FALSE
INC-202001-MAN-021-02,2020-01-23T22:31:00Z,Manchester,MAN-021,Rail,Track Fault,Medium,3,103,9610,TRUE
INC-202001-LON-003-03,2020-01-24T05:00:00Z,London,LON-003,Bus,Vehicle Fault,Low,1,18,999,TRUE
INC-202001-MAN-017-02,2020-01-24T07:43:00Z,Manchester,MAN-017,Underground,Signal Failure,Medium,3,76,14747,TRUE
INC-202001-EDI-015-01,2020-01-24T19:31:00Z,Edinburgh,EDI-015,Bus,Staff Shortage,Low,1,11,501,TRUE
INC-202001-LON-003-01,2020-01-24T23:29:00Z,London,LON-003,Bus,Roadworks,Low,1,15,836,TRUE
INC-202001-LON-001-01,2020-01-25T07:48:00Z,London,LON-001,Bus,Staff Shortage,Med-High,4,144,8386,TRUE
INC-202001-MAN-007-01,2020-01-26T08:44:00Z,Manchester,MAN-007,Tram,Obstruction,Low-Med,2,44,1237,TRUE
INC-202001-LON-015-01,2020-01-26T08:55:00Z,London,LON-015,Rail,Track Fault,Med-High,4,134,12485,TRUE
INC-202001-BRI-016-01,2020-01-26T09:10:00Z,Bristol,BRI-016,Rail,Track Fault,Low-Med,2,36,,TRUE
INC-202001-LON-016-01,2020-01-27T18:50:00Z,London,LON-016,Rail,Track Fault,Med-High,4,141,22502,TRUE
INC-202001-MAN-019-02,2020-01-29T07:42:00Z,Manchester,MAN-019,Underground,Power Issue,High,5,164,24451,TRUE
INC-202001-MAN-011-03,2020-01-29T18:02:00Z,Manchester,MAN-011,Bus,Congestion,Med-High,4,99,13905,TRUE
INC-202001-BRI-004-03,2020-01-29T20:32:00Z,Bristol,BRI-004,Underground,Passenger Incident,High,5,310,52961,FALSE
INC-202001-MAN-003-01,2020-01-29T21:48:00Z,Manchester,MAN-003,BikeShare,Bike Fault,Low,1,11,235,TRUE
INC-202001-LON-009-01,2020-01-30T04:12:00Z,London,LON-009,Rail,Rolling Stock,High,5,309,36767,TRUE
INC-202001-MAN-017-01,2020-01-30T07:28:00Z,Manchester,MAN-017,Underground,Power Issue,High,5,198,37188,TRUE
INC-202001-LON-004-01,2020-01-30T13:35:00Z,london,LON-004,Tram,Obstruction,Low,1,13,569,TRUE
INC-202001-MAN-015-02,2020-01-30T19:47:00Z,Manchester,MAN-015,Bus,Congestion,Low,1,9,495,TRUE
INC-202001-LON-014-01,2020-01-31T08:25:00Z,London,LON-014,Bus,Roadworks,Medium,3,85,5785,TRUE
INC-202001-LON-015-03,2020-01-31T09:45:00Z,London,LON-015,Rail,Rolling Stock,Medium,3,66,10449,FALSE
INC-202001-MAN-021-01,2020-01-31T09:59:00Z,Manchester,MAN-021,Rail,Signal Failure,Medium,3,112,9533,TRUE
INC-202001-LON-017-02,2020-01-31T16:29:00Z,London,LON-017,Bus,Congestion,Medium,3,55,6520,TRUE
INC-202002-BRI-016-01,2020-02-01T07:05:00Z,Bristol,BRI-016,Rail,Track Fault,Low-Med,2,33,5075,FALSE
INC-202002-MAN-021-01,2020-02-01T08:30:00Z,Manchester,MAN-021,rail,Track Fault,Medium,3,60,4566,TRUE
INC-202002-MAN-012-01,2020-02-01T21:45:00Z,Manchester,MAN-012,Rail,Rolling Stock,Low-Med,2,56,8028,TRUE
INC-202002-MAN-022-01,2020-02-02T08:56:00Z,Manchester,MAN-022,Rail,Signal Failure,Med-High,4,100,22031,TRUE
INC-202002-BRI-020-01,2020-02-02T09:57:00Z,Bristol,BRI-020,Rail,Weather,Med-High,4,110,15567,TRUE
INC-202002-MAN-017-02,2020-02-02T10:04:00Z,Manchester,MAN-017,Underground,Signal Failure,Med-High,4,146,17836,TRUE
INC-202002-LON-015-01,2020-02-02T16:26:00Z,London,LON-015,Rail,,Med-High,4,192,19577,TRUE
INC-202002-MAN-007-02,2020-02-02T18:19:00Z,Manchester,MAN-007,Tram,Vehicle Fault,Low,1,19,1075,TRUE
INC-202002-BRI-022-01,2020-02-02T19:32:00Z,Bristol,BRI-022,Underground,Passenger Incident,Medium,3,82,13832,TRUE
INC-202002-EDI-005-03,2020-02-03T12:09:00Z,Edinburgh,EDI-005,Underground,Signal Failure,Low-Med,2,30,3258,FALSE
INC-202002-LON-019-01,2020-02-04T08:15:00Z,London,LON-019,Bus,Accident,High,5,205,16540,FALSE
INC-202002-BRI-003-03,2020-02-04T15:57:00Z,Bristol,BRI-003,Rail,Signal Failure,Medium,3,85,8400,TRUE
INC-202002-LON-015-02,2020-02-05T00:57:00Z,London,LON-015,Rail,Rolling Stock,Medium,3,141,21097,TRUE
INC-202002-BRI-019-01,2020-02-05T08:22:00Z,Bristol,BRI-019,Rail,Track Fault,Med-High,4,117,31249,TRUE
INC-202002-BRI-021-01,2020-02-05T08:28:00Z,Bristol,BRI-021,Rail,Rolling Stock,Medium,3,111,17946,TRUE
INC-202002-LON-021-03,2020-02-05T21:50:00Z,London,LON-021,Bus,Congestion,Low,1,19,1738,TRUE
INC-202002-MAN-020-02,2020-02-06T03:48:00Z,Manchester,MAN-020,Bus,Vehicle Fault,High,5,212,21421,TRUE
INC-202002-EDI-010-01,2020-02-06T06:28:00Z,Edinburgh,EDI-010,Bus,Roadworks,Low,1,16,456,TRUE
INC-202002-BRI-008-03,2020-02-06T16:00:00Z,Bristol,BRI-008,Rail,Track Fault,Medium,3,106,70050,TRUE
INC-202002-MAN-016-01,2020-02-07T04:22:00Z,Manchester,MAN-016,Bus,Vehicle Fault,Low Med,2,38,1959,TRUE
INC-202002-LON-008-03,2020-02-07T11:12:00Z,London,LON-008,bus,Roadworks,Low,1,23,845,TRUE
INC-202002-LON-020-02,2020-02-07T16:46:00Z,London,LON-020,Bus,Vehicle Fault,Low,1,5,293,TRUE
INC-202002-LON-013-02,2020-02-07T20:21:00Z,London,LON-013,Underground,Signal Failure,Med-High,4,138,94833,TRUE
INC-202002-EDI-005-04,2020-02-07T22:07:00Z,Edinburgh,EDI-005,Underground,Station Closure,Low-Med,2,35,5358,TRUE
INC-202002-BRI-008-01,2020-02-09T10:15:00Z,Bristol,BRI-008,Rail,Track Fault,Med-High,4,174,15191,TRUE
INC-202002-EDI-003-02,2020-02-10T08:22:00Z,Edinburgh,EDI-003,Bus,Congestion,Low,1,13,822,TRUE
INC-202002-LON-021-02,2020-02-10T17:45:00Z,London,LON-021,Bus,Vehicle Fault,Low-Med,2,42,6144,TRUE
INC-202002-MAN-006-01,2020-02-11T03:47:00Z,Manchester,MAN-006,Tram,Roadworks,Low,1,15,1101,FALSE
INC-202002-MAN-022-02,2020-02-11T04:45:00Z,Manchester,MAN-022,Rail,Signal Failure,Medium,3,99,13452,TRUE
INC-202002-EDI-006-01,2020-02-11T09:43:00Z,Edinburgh,EDI-006,Underground,Passenger Incident,Med-High,4,169,72622,TRUE
INC-202002-BRI-003-01,2020-02-11T17:10:00Z,Bristol,BRI-003,Rail,Rolling Stock,Medium,3,91,8275,TRUE
INC-202002-EDI-019-01,2020-02-11T20:27:00Z,Edinburgh,EDI-019,Tram,Power Issue,Low-Med,2,33,813,TRUE
INC-202002-LON-020-01,2020-02-13T05:58:00Z,london,LON-020,Bus,Vehicle Fault,Medium,3,103,6299,TRUE
INC-202002-LON-014-01,2020-02-13T17:51:00Z,London,LON-014,Bus,Roadworks,Low-Med,2,55,2971,TRUE
INC-202002-EDI-003-01,2020-02-14T13:27:00Z,Edinburgh,EDI-003,Bus,Roadworks,Low,1,15,772,TRUE
INC-202002-BRI-017-01,2020-02-14T18:23:00Z,Bristol,BRI-017,Bus,Vehicle Fault,Low-Med,2,36,1866,FALSE
INC-202002-LON-022-01,2020-02-15T02:47:00Z,London,LON-022,Underground,,Med-High,4,165,84183,FALSE
INC-202002-BRI-002-02,2020-02-15T09:45:00Z,Bristol,BRI-002,Bus,Vehicle Fault,Low-Med,2,36,1916,TRUE
INC-202002-BRI-008-02,2020-02-15T17:48:00Z,Bristol,BRI-008,Rail,Track Fault,Low,1,32,3301,TRUE
INC-202002-MAN-004-03,2020-02-16T05:13:00Z,Manchester,MAN-004,Bus,Congestion,Low-Med,2,43,3126,TRUE
INC-202002-BRI-016-02,2020-02-16T06:13:00Z,Bristol,BRI-016,Rail,Signal Failure,Medium,3,57,9710,TRUE
INC-202002-EDI-018-02,2020-02-16T18:46:00Z,Edinburgh,EDI-018,rail,Signal Failure,Med-High,4,171,14124,TRUE
INC-202002-LON-007-02,2020-02-16T23:25:00Z,London,LON-007,Tram,Obstruction,Low-Med,2,36,1867,TRUE
INC-202002-MAN-011-01,2020-02-17T07:45:00Z,Manchester,MAN-011,Bus,Staff Shortage,Low,1,20,839,TRUE
INC-202002-EDI-014-01,2020-02-17T14:47:00Z,Edinburgh,EDI-014,Underground,Signal Failure,Med-High,4,203,29903,TRUE
INC-202002-LON-013-01,2020-02-17T18:54:00Z,London,LON-013,underground,Signal Failure,Medium,3,69,59108,TRUE
INC-202002-MAN-009-01,2020-02-17T22:45:00Z,Manchester,MAN-009,Underground,Power Issue,Med-High,4,85,21341,TRUE
INC-202002-EDI-013-01,2020-02-18T07:19:00Z,Edinburgh,EDI-013,rail,Signal Failure,Low,1,26,2447,TRUE
INC-202002-MAN-004-01,2020-02-18T08:37:00Z,Manchester,MAN-004,Bus,Roadworks,Medium,3,93,4613,TRUE
INC-202002-LON-008-01,2020-02-19T06:01:00Z,London,LON-008,Bus,Congestion,Low,1,6,1755,TRUE
INC-202002-MAN-017-01,2020-02-19T18:47:00Z,Manchester,MAN-017,underground,Power Issue,Medium,3,121,30714,TRUE
INC-202002-BRI-002-01,2020-02-19T19:45:00Z,Bristol,BRI-002,Bus,Roadworks,Low,1,15,1249,TRUE
INC-202002-LON-012-03,2020-02-19T20:22:00Z,London,LON-012,Bus,Roadworks,Medium,3,106,9107,TRUE
INC-202002-LON-005-01,2020-02-20T10:06:00Z,London,LON-005,Rail,Signal Failure,Med-High,4,141,21136,TRUE
INC-202002-LON-021-01,2020-02-21T07:15:00Z,London,LON-021,Bus,Congestion,Medium,3,83,5285,FALSE
INC-202002-EDI-005-01,2020-02-21T07:29:00Z,Edinburgh,EDI-005,Underground,Signal Failure,High,5,212,45712,TRUE
INC-202002-LON-004-01,2020-02-21T11:32:00Z,London,LON-004,Tram,Vehicle Fault,Low,1,16,567,TRUE
INC-202002-LON-004-01,2020-02-21T11:34:00Z,London,LON-004,Tram,Vehicle Fault,Low,1,16,567,TRUE
INC-202002-BRI-003-02,2020-02-21T14:38:00Z,Bristol,BRI-003,rail,Signal Failure,Medium,3,126,9644,TRUE
INC-202002-MAN-010-01,2020-02-21T21:43:00Z,Manchester,MAN-010,Rail,Rolling Stock,Medium,3,76,9070,TRUE
INC-202002-BRI-017-03,2020-02-22T09:13:00Z,Bristol,BRI-017,Bus,Congestion,LOW,1,14,1084,TRUE
INC-202002-LON-022-03,2020-02-23T16:57:00Z,London,LON-022,Underground,Station Closure,High,5,207,73330,TRUE
INC-202002-MAN-004-02,2020-02-24T08:42:00Z,Manchester,MAN-004,Bus,Congestion,Medium,3,122,8863,TRUE
INC-202002-LON-016-01,2020-02-25T02:12:00Z,London,LON-016,Rail,Track Fault,Low-Med,2,46,6760,TRUE
INC-202002-LON-007-01,2020-02-25T19:37:00Z,London,LON-007,Tram,Vehicle Fault,Low Med,2,57,1960,FALSE
INC-202002-MAN-001-01,2020-02-26T06:52:00Z,Manchester,MAN-001,Bus,Roadworks,Med-High,4,161,5901,TRUE
INC-202002-BRI-020-02,2020-02-26T07:24:00Z,Bristol,BRI-020,Rail,Rolling Stock,Low-Med,2,47,6742,TRUE
INC-202002-BRI-018-01,2020-02-26T07:41:00Z,Bristol,BRI-018,Bus,Accident,Low-Med,2,49,1860,FALSE
INC-202002-EDI-012-01,2020-02-26T17:03:00Z,Edinburgh,EDI-012,Underground,Signal Failure,High,5,265,46352,TRUE
INC-202002-LON-022-02,2020-02-28T00:40:00Z,London,LON-022,Underground,Signal Failure,Med-High,4,178,52915,TRUE
INC-202002-LON-001-01,2020-02-28T06:34:00Z,London,LON-001,Bus,Roadworks,Low-Med,2,58,4633,TRUE
INC-202002-MAN-015-02,2020-02-28T08:10:00Z,Manchester,MAN-015,Bus,Vehicle Fault,Low,1,15,570,TRUE
INC-202002-EDI-015-01,2020-02-28T08:36:00Z,Edinburgh,EDI-015,Bus,Vehicle Fault,Low,1,18,1657,FALSE
INC-202002-LON-009-01,2020-02-28T18:19:00Z,london,LON-009,Rail,Signal Failure,Medium,3,116,,TRUE
INC-202002-MAN-016-02,2020-02-28T20:15:00Z,Manchester,MAN-016,Bus,Vehicle Fault,Low-Med,2,45,2046,TRUE
INC-202002-MAN-005-01,2020-02-28T20:31:00Z,Manchester,MAN-005,Tram,Vehicle Fault,Low,1,27,403,FALSE
INC-202002-LON-003-01,2020-02-28T21:29:00Z,London,LON-003,Bus,Vehicle Fault,Low-Med,2,33,2802,TRUE
INC-202002-MAN-002-01,2020-02-29T02:00:00Z,Manchester,MAN-002,Tram,Obstruction,Low,1,5,82,TRUE
INC-202002-MAN-020-01,2020-02-29T02:18:00Z,Manchester,MAN-020,Bus,Vehicle Fault,Med-High,4,125,7506,FALSE
INC-202002-LON-008-02,2020-02-29T05:19:00Z,London,LON-008,Bus,Roadworks,Low-Med,2,,1553,TRUE
INC-202002-MAN-013-01,2020-02-29T06:41:00Z,Manchester,MAN-013,Underground,Signal Failure,Medium,3,54,14545,TRUE
INC-202002-BRI-001-01,2020-02-29T07:06:00Z,bristol,BRI-001,Bus,Vehicle Fault,Low,1,8,402,FALSE
INC-202002-EDI-018-01,2020-02-29T07:12:00Z,Edinburgh,EDI-018,Rail,Signal Failure,Low,1,10,1829,TRUE
INC-202002-LON-012-01,2020-02-29T08:12:00Z,London,LON-012,Bus,Roadworks,Medium,3,107,12294,TRUE
INC-202002-EDI-005-02,2020-02-29T08:18:00Z,Edinburgh,EDI-005,Underground,Signal Failure,Medium,3,99,13042,TRUE
INC-202002-MAN-015-01,2020-02-29T08:42:00Z,Manchester,MAN-015,Bus,Staff Shortage,Low,1,25,806,TRUE
INC-202002-EDI-011-01,2020-02-29T11:28:00Z,Edinburgh,EDI-011,Bus,Vehicle Fault,Low-Med,2,16,565,TRUE
INC-202002-BRI-017-02,2020-02-29T12:07:00Z,Bristol,BRI-017,Bus,Vehicle Fault,Low-Med,2,26,1387,TRUE
INC-202002-MAN-007-01,2020-02-29T15:24:00Z,Manchester,MAN-007,Tram,Obstruction,Low-Med,2,49,1946,TRUE
INC-202002-LON-012-02,2020-02-29T22:38:00Z,London,LON-012,Bus,Roadworks,Medium,3,94,6786,TRUE
INC-202002-MAN-018-01,2020-02-29T23:23:00Z,Manchester,MAN-018,BikeShare,Dock Full,Low,1,15,100,FALSE
INC-202003-BRI-018-01,2020-03-01T07:23:00Z,Bristol,BRI-018,Bus,Vehicle Fault,Low,1,20,867,TRUE
INC-202003-LON-021-01,2020-03-01T09:36:00Z,london,LON-021,Bus,Vehicle Fault,Medium,3,58,4958,TRUE
INC-202003-LON-004-01,2020-03-01T11:17:00Z,London,LON-004,tram,Vehicle Fault,Low-Med,2,31,892,TRUE
INC-202003-LON-019-02,2020-03-01T17:12:00Z,London,LON-019,bus,Accident,Low-Med,2,53,4609,TRUE
INC-202003-EDI-002-01,2020-03-01T20:34:00Z,Edinburgh,EDI-002,Bus,Congestion,Low,1,19,670,TRUE
INC-202003-BRI-008-03,2020-03-02T16:47:00Z,Bristol,BRI-008,Rail,Signal Failure,Low-Med,2,35,4454,TRUE
INC-202003-LON-022-02,2020-03-02T16:49:00Z,London,LON-022,Underground,Signal Failure,Med-High,4,110,36279,TRUE
INC-202003-EDI-014-02,2020-03-02T17:30:00Z,Edinburgh,EDI-014,Underground,Signal Failure,Medium,3,115,30106,TRUE
INC-202003-EDI-005-01,2020-03-02T18:15:00Z,Edinburgh,EDI-005,Underground,Station Closure,Medium,3,103,20365,FALSE
INC-202003-BRI-001-02,2020-03-02T18:43:00Z,Bristol,BRI-001,Bus,Roadworks,Low-Med,2,36,2821,TRUE
INC-202003-LON-005-02,2020-03-02T18:59:00Z,London,LON-005,Rail,Rolling Stock,Medium,3,111,9579,TRUE
INC-202003-BRI-008-04,2020-03-03T03:19:00Z,Bristol,BRI-008,Rail,Track Fault,Medium,3,87,8227,TRUE
INC-202003-MAN-015-01,2020-03-04T03:29:00Z,Manchester,MAN-015,Bus,Roadworks,Medium,3,55,2705,TRUE
INC-202003-LON-008-02,2020-03-04T11:07:00Z,London,LON-008,Bus,Staff Shortage,Medium,3,93,6345,TRUE
INC-202308-MAN-013-02,2020-03-04T12:36:00Z,London,LON-008,Bus,Congestion,High,5,262,37449,TRUE
INC-202003-MAN-009-01,2020-03-05T12:50:00Z,Manchester,MAN-009,Underground,Passenger Incident,Med-High,4,108,31583,TRUE
INC-202003-MAN-009-01,2020-03-05T12:54:00Z,Manchester,MAN-009,Underground,Passenger Incident,Med-High,4,108,31583,TRUE
INC-202003-MAN-008-01,2020-03-05T18:01:00Z,Manchester,MAN-008,Bus,Vehicle Fault,Medium,3,116,4333,TRUE
INC-202003-LON-016-02,2020-03-06T06:30:00Z,London,LON-016,Rail,Signal Failure,Med-High,4,104,14142,TRUE
INC-202003-LON-013-01,2020-03-06T19:53:00Z,London,LON-013,Underground,Passenger Incident,Med-High,4,192,42419,TRUE
INC-202003-LON-019-01,2020-03-07T08:14:00Z,London,LON-019,Bus,Roadworks,Medium,3,103,7419,TRUE
INC-202003-BRI-020-02,2020-03-07T09:56:00Z,Bristol,BRI-020,Rail,Track Fault,Medium,3,49,11041,FALSE
INC-202003-BRI-020-01,2020-03-07T13:29:00Z,Bristol,BRI-020,Rail,Signal Failure,Low-Med,2,67,6261,TRUE
INC-202003-EDI-019-01,2020-03-07T17:18:00Z,Edinburgh,EDI-019,tram,Power Issue,LOW,1,10,141,TRUE
INC-202003-LON-003-03,2020-03-07T19:45:00Z,London,LON-003,Bus,Accident,Low-Med,2,40,5954,TRUE
INC-202003-BRI-013-01,2020-03-07T21:33:00Z,Bristol,BRI-013,Bus,Staff Shortage,Low,1,11,997,TRUE
INC-202003-EDI-004-02,2020-03-07T22:12:00Z,Edinburgh,EDI-004,Bus,Vehicle Fault,Low,1,5,342,TRUE
INC-202003-EDI-003-02,2020-03-07T22:36:00Z,Edinburgh,EDI-003,Bus,Roadworks,Low-Med,2,50,1908,TRUE
INC-202003-EDI-004-01,2020-03-07T23:31:00Z,Edinburgh,EDI-004,Bus,Roadworks,Low,1,21,721,TRUE
INC-202003-BRI-008-05,2020-03-08T09:07:00Z,Bristol,BRI-008,Rail,Weather,Low-Med,2,39,6256,TRUE
INC-202003-EDI-001-01,2020-03-08T16:38:00Z,Edinburgh,EDI-001,Underground,Power Issue,Low-Med,2,24,2628,FALSE
INC-202003-BRI-001-01,2020-03-08T17:19:00Z,Bristol,BRI-001,bus,Roadworks,Low-Med,2,36,2544,TRUE
INC-202003-LON-003-04,2020-03-08T17:23:00Z,London,LON-003,Bus,,Medium,3,111,14006,FALSE
INC-202003-BRI-021-01,2020-03-09T00:31:00Z,Bristol,BRI-021,Rail,Signal Failure,Medium,3,65,10367,TRUE
INC-202003-EDI-014-01,2020-03-09T09:21:00Z,Edinburgh,EDI-014,Underground,Signal Failure,High,5,262,57563,TRUE
INC-202003-EDI-018-01,2020-03-10T16:01:00Z,Edinburgh,EDI-018,Rail,,Med-High,4,111,8745,TRUE
INC-202003-MAN-012-02,2020-03-10T16:44:00Z,Manchester,MAN-012,Rail,Rolling Stock,Medium,3,77,12271,TRUE
INC-202003-MAN-017-01,2020-03-10T18:28:00Z,Manchester,MAN-017,Underground,Power Issue,Low-Med,2,35,12560,TRUE
INC-202003-LON-005-03,2020-03-10T18:43:00Z,London,LON-005,Rail,Weather,Med-High,4,139,13917,TRUE
INC-202003-BRI-003-01,2020-03-11T19:15:00Z,Bristol,BRI-003,Rail,Weather,Low-Med,2,45,6249,TRUE
INC-202003-LON-002-01,2020-03-12T06:58:00Z,London,LON-002,Bus,Roadworks,Medium,3,112,14618,TRUE
INC-202003-LON-003-02,2020-03-12T17:17:00Z,London,LON-003,bus,Vehicle Fault,Medium,3,,14291,FALSE
INC-202003-EDI-004-03,2020-03-13T07:13:00Z,Edinburgh,EDI-004,Bus,Roadworks,Med-High,4,131,6095,FALSE
INC-202003-LON-012-01,2020-03-13T19:32:00Z,London,LON-012,Bus,Staff Shortage,Medium,3,68,3089,TRUE
INC-202003-MAN-011-01,2020-03-13T19:43:00Z,Manchester,MAN-011,Bus,Roadworks,Low-Med,2,26,2916,TRUE
INC-202003-EDI-006-01,2020-03-13T21:00:00Z,EDI,EDI-006,Underground,Signal Failure,Medium,3,95,13466,TRUE
INC-202003-LON-016-01,2020-03-14T02:23:00Z,London,LON-016,Rail,Signal Failure,Low-Med,2,58,10298,TRUE
INC-202003-LON-012-02,2020-03-14T16:06:00Z,London,LON-012,Bus,Vehicle Fault,Low-Med,2,36,1950,TRUE
INC-202003-BRI-019-01,2020-03-14T16:48:00Z,Bristol,BRI-019,Rail,Signal Failure,Medium,3,113,10803,TRUE
INC-202003-BRI-008-01,2020-03-14T17:28:00Z,Bristol,BRI-008,Rail,Track Fault,Low,1,24,3723,TRUE
INC-202003-MAN-002-01,2020-03-15T03:20:00Z,Manchester,MAN-002,Tram,Power Issue,Low,1,22,355,TRUE
INC-202003-LON-006-01,2020-03-15T08:20:00Z,London,LON-006,BikeShare,Bike Fault,Low-Med,2,21,384,TRUE
INC-202003-BRI-018-03,2020-03-16T04:45:00Z,Bristol,BRI-018,bus,Vehicle Fault,Med-High,4,147,4998,TRUE
INC-202003-EDI-011-02,2020-03-16T08:22:00Z,EDI,EDI-011,Bus,,Low-Med,2,46,3340,TRUE
INC-202003-MAN-021-01,2020-03-16T18:23:00Z,Manchester,MAN-021,Rail,Rolling Stock,Medium,3,70,14460,TRUE
INC-202003-BRI-016-01,2020-03-17T07:56:00Z,Bristol,BRI-016,Rail,Track Fault,Low-Med,2,43,5146,TRUE
INC-202003-EDI-017-01,2020-03-17T09:53:00Z,Edinburgh,EDI-017,Underground,Signal Failure,Med-High,4,193,92762,TRUE
INC-202003-EDI-011-01,2020-03-17T11:12:00Z,Edinburgh,EDI-011,Bus,Accident,Medium,3,71,8222,TRUE
INC-202003-BRI-013-05,2020-03-17T16:26:00Z,Bristol,BRI-013,Bus,Roadworks,Low,1,13,940,TRUE
INC-202003-MAN-022-03,2020-03-17T23:29:00Z,Manchester,MAN-022,Rail,Track Fault,Medium,3,65,9066,TRUE
INC-202003-MAN-002-02,2020-03-18T15:40:00Z,MAN,MAN-002,Tram,Power Issue,Low,1,18,289,TRUE
INC-202003-BRI-007-01,2020-03-19T00:46:00Z,Bristol,BRI-007,Tram,Vehicle Fault,Low,1,9,1550,TRUE
INC-202003-LON-005-04,2020-03-19T11:14:00Z,London,LON-005,rail,Signal Failure,Med-High,4,196,18548,TRUE
INC-202003-BRI-013-03,2020-03-19T14:18:00Z,Bristol,BRI-013,Bus,Vehicle Fault,Low-Med,2,45,2903,TRUE
INC-202003-MAN-007-01,2020-03-19T14:21:00Z,Manchester,MAN-007,Tram,Power Issue,Low,1,20,1188,TRUE
INC-202003-MAN-007-01,2020-03-19T14:21:00Z,Manchester,MAN-007,Tram,Power Issue,Low,1,20,1188,TRUE
INC-202003-LON-002-02,2020-03-19T14:44:00Z,London,LON-002,Bus,Congestion,Medium,3,80,16697,TRUE
INC-202003-EDI-018-02,2020-03-19T18:13:00Z,Edinburgh,EDI-018,Rail,Rolling Stock,Low,1,18,2854,TRUE
INC-202003-MAN-003-01,2020-03-20T02:04:00Z,Manchester,MAN-003,BikeShare,Vandalism,Low,1,17,71,FALSE
INC-202003-MAN-022-01,2020-03-20T06:51:00Z,Manchester,MAN-022,Rail,Rolling Stock,Med-High,4,135,20439,TRUE
INC-202003-BRI-022-01,2020-03-20T08:26:00Z,Bristol,BRI-022,Underground,Power Issue,Med-High,4,132,10888,TRUE
INC-202003-BRI-021-02,2020-03-20T08:58:00Z,Bristol,BRI-021,Rail,Weather,Low,1,21,2496,TRUE
INC-202003-MAN-004-03,2020-03-20T18:53:00Z,Manchester,MAN-004,Bus,Congestion,Low,1,14,794,TRUE
INC-202003-MAN-004-01,2020-03-21T01:52:00Z,Manchester,MAN-004,Bus,Vehicle Fault,Low-Med,2,40,1702,TRUE
INC-202003-LON-017-01,2020-03-21T07:51:00Z,London,LON-017,Bus,Congestion,Low-Med,2,41,1765,TRUE
INC-202003-MAN-005-01,2020-03-21T23:34:00Z,Manchester,MAN-005,Tram,Roadworks,Low,1,,592,TRUE
INC-202003-LON-001-02,2020-03-22T03:22:00Z,London,LON-001,Bus,Roadworks,Medium,3,123,9414,TRUE
INC-202003-EDI-013-01,2020-03-22T09:43:00Z,Edinburgh,EDI-013,Rail,Track Fault,Low-Med,2,59,2928,TRUE
INC-202003-LON-003-05,2020-03-22T13:21:00Z,London,LON-003,Bus,Staff Shortage,Medium,3,106,18779,TRUE
INC-202003-BRI-013-02,2020-03-22T18:00:00Z,Bristol,BRI-013,Bus,Roadworks,Medium,3,116,21762,FALSE
INC-202003-MAN-015-02,2020-03-22T18:11:00Z,Manchester,MAN-015,Bus,Roadworks,Low-Med,2,30,693,TRUE
INC-202003-LON-019-03,2020-03-23T01:47:00Z,London,LON-019,Bus,Congestion,Medium,3,86,8865,TRUE
INC-202003-LON-019-05,2020-03-23T01:47:00Z,London,LON-019,Bus,Vehicle Fault,Low,1,23,1156,TRUE
INC-202003-BRI-018-02,2020-03-23T12:57:00Z,Bristol,BRI-018,Bus,Vehicle Fault,Low,1,22,1795,TRUE
INC-202003-BRI-013-04,2020-03-23T13:26:00Z,Bristol,BRI-013,Bus,Staff Shortage,Low-Med,2,27,2305,TRUE
INC-202003-MAN-019-01,2020-03-23T19:53:00Z,Manchester,MAN-019,Underground,Power Issue,Low-Med,2,56,10424,FALSE
INC-202003-MAN-004-02,2020-03-24T12:20:00Z,Manchester,MAN-004,Bus,Congestion,Low,1,8,552,TRUE
INC-202003-BRI-001-03,2020-03-24T14:22:00Z,Bristol,BRI-001,Bus,Congestion,Low-Med,2,59,2279,TRUE
INC-202003-MAN-021-02,2020-03-24T16:13:00Z,Manchester,MAN-021,Rail,Rolling Stock,Med-High,4,147,20685,TRUE
INC-202003-LON-005-01,2020-03-24T17:38:00Z,London,LON-005,Rail,Signal Failure,Med-High,4,223,,TRUE
INC-202003-EDI-009-01,2020-03-24T19:18:00Z,Edinburgh,EDI-009,Bus,Staff Shortage,Low,1,13,1158,TRUE
INC-202003-LON-022-01,2020-03-25T06:32:00Z,London,LON-022,Underground,Signal Failure,Med-High,4,165,57843,TRUE
INC-202003-MAN-017-02,2020-03-25T17:55:00Z,Manchester,MAN-017,Underground,Signal Failure,High,5,268,89690,TRUE
INC-202003-LON-018-01,2020-03-25T18:35:00Z,London,LON-018,Bus,Congestion,Low-Med,2,66,9659,TRUE
INC-202003-BRI-008-02,2020-03-25T19:35:00Z,Bristol,BRI-008,Rail,Rolling Stock,Medium,3,57,4182,TRUE
INC-202003-BRI-005-01,2020-03-26T00:10:00Z,Bristol,BRI-005,Bus,Congestion,Low,1,5,375,TRUE
INC-202003-MAN-022-02,2020-03-26T00:27:00Z,Manchester,MAN-022,Rail,Track Fault,Medium,3,88,9738,FALSE
INC-202003-LON-015-01,2020-03-26T08:03:00Z,London,LON-015,Rail,Signal Failure,Med-High,4,142,49824,TRUE
INC-202003-LON-019-04,2020-03-27T00:04:00Z,London,LON-019,Bus,Roadworks,Low,1,12,560,TRUE
INC-202003-LON-001-01,2020-03-27T04:51:00Z,London,LON-001,Bus,Congestion,Medium,3,96,13622,TRUE
INC-202003-BRI-011-01,2020-03-27T16:05:00Z,Bristol,BRI-011,Bus,Accident,Low,1,26,1560,TRUE
INC-202003-EDI-012-01,2020-03-27T17:12:00Z,Edinburgh,EDI-012,Underground,Passenger Incident,Medium,3,120,24689,TRUE
INC-202003-BRI-013-06,2020-03-28T01:41:00Z,Bristol,BRI-013,Bus,Congestion,Low,1,29,1403,TRUE
INC-202003-LON-014-01,2020-03-28T06:22:00Z,London,LON-014,Bus,Congestion,Low-Med,2,64,5057,TRUE
INC-202003-MAN-001-01,2020-03-28T19:51:00Z,Manchester,MAN-001,Bus,Roadworks,Low,1,15,928,TRUE
INC-202003-BRI-003-02,2020-03-29T19:38:00Z,Bristol,BRI-003,Rail,Weather,Medium,3,118,6459,TRUE
INC-202003-MAN-009-02,2020-03-29T21:17:00Z,Manchester,MAN-009,Underground,Signal Failure,Low-Med,2,48,13250,TRUE
INC-202003-BRI-016-02,2020-03-30T04:35:00Z,bristol,BRI-016,Rail,Track Fault,Low-Med,2,32,4498,TRUE
INC-202003-LON-014-02,2020-03-30T09:29:00Z,London,LON-014,Bus,Roadworks,Low,1,19,14360,TRUE
INC-202003-EDI-006-02,2020-03-30T21:05:00Z,Edinburgh,EDI-006,Underground,Signal Failure,Low-Med,2,46,12717,FALSE
INC-202003-MAN-007-02,2020-03-31T01:42:00Z,Manchester,MAN-007,Tram,Obstruction,Low,1,18,706,TRUE
INC-202003-EDI-003-01,2020-03-31T14:53:00Z,Edinburgh,EDI-003,Bus,Roadworks,Medium,3,94,4475,TRUE
INC-202003-BRI-005-02,2020-03-31T17:26:00Z,Bristol,BRI-005,Bus,Roadworks,LOW-MED,2,45,2032,TRUE
INC-202003-MAN-012-01,2020-03-31T22:55:00Z,Manchester,MAN-012,Rail,Signal Failure,Medium,3,107,16848,FALSE
INC-202003-LON-003-01,2020-03-31T23:40:00Z,London,LON-003,bus,Congestion,Med-High,4,170,10100,TRUE
INC-202004-EDI-004-01,2020-04-01T10:55:00Z,Edinburgh,EDI-004,Bus,Staff Shortage,Low-Med,2,64,2892,TRUE
INC-202004-MAN-019-02,2020-04-01T19:43:00Z,Manchester,MAN-019,Underground,Signal Failure,High,5,300,58967,TRUE
INC-202004-EDI-013-01,2020-04-01T19:51:00Z,Edinburgh,EDI-013,Rail,Rolling Stock,Medium,3,112,14234,TRUE
INC-202004-LON-010-01,2020-04-02T08:11:00Z,London,LON-010,BikeShare,Dock Full,Med-High,4,95,1827,FALSE
INC-202004-MAN-021-03,2020-04-02T08:17:00Z,Manchester,MAN-021,Rail,Signal Failure,Low-Med,2,36,3889,TRUE
INC-202004-BRI-006-02,2020-04-02T19:21:00Z,Bristol,BRI-006,Bus,Vehicle Fault,Low-Med,2,28,2386,TRUE
INC-202004-MAN-009-06,2020-04-02T19:26:00Z,Manchester,MAN-009,Underground,Power Issue,Med-High,4,166,43432,TRUE
INC-202004-MAN-009-05,2020-04-03T02:08:00Z,Manchester,MAN-009,Underground,Power Issue,Med-High,4,170,95600,TRUE
INC-202004-MAN-009-03,2020-04-03T21:08:00Z,Manchester,MAN-009,Underground,Power Issue,Med-High,4,148,56912,TRUE
INC-202004-LON-007-02,2020-04-04T13:16:00Z,London,LON-007,Tram,Obstruction,Low-Med,2,18,922,TRUE
INC-202004-MAN-011-02,2020-04-04T16:08:00Z,Manchester,MAN-011,Bus,Congestion,Low-Med,2,29,1708,TRUE
INC-202004-MAN-021-02,2020-04-04T18:42:00Z,Manchester,MAN-021,Rail,Track Fault,Med-High,4,,20476,TRUE
INC-202004-LON-022-02,2020-04-04T21:04:00Z,London,LON-022,Underground,Signal Failure,Med-High,4,,24505,TRUE
INC-202004-LON-001-01,2020-04-05T09:23:00Z,London,LON-001,Bus,Congestion,Low-Med,2,40,1528,TRUE
INC-202004-MAN-009-07,2020-04-05T15:28:00Z,Manchester,MAN-009,Underground,Station Closure,Low-Med,2,36,14435,TRUE
INC-202004-EDI-020-01,2020-04-05T15:47:00Z,Edinburgh,EDI-020,Rail,Track Fault,Low-Med,2,700,1607,TRUE
INC-202004-LON-003-03,2020-04-05T18:55:00Z,London,LON-003,Bus,Roadworks,Low-Med,2,,2273,TRUE
INC-202004-LON-003-04,2020-04-05T19:00:00Z,London,LON-003,Bus,Vehicle Fault,Med-High,4,185,14324,TRUE
INC-202004-LON-018-01,2020-04-05T21:04:00Z,London,LON-018,Bus,Vehicle Fault,Low,1,11,1460,TRUE
INC-202004-LON-007-01,2020-04-06T01:19:00Z,London,LON-007,Tram,Power Issue,Low,1,12,296,TRUE
INC-202004-MAN-021-01,2020-04-06T12:38:00Z,Manchester,MAN-021,Rail,Rolling Stock,Medium,3,94,18816,TRUE
INC-202004-MAN-001-03,2020-04-07T06:33:00Z,Manchester,MAN-001,Bus,Vehicle Fault,Low-Med,2,49,3445,TRUE
INC-202004-EDI-008-01,2020-04-07T06:44:00Z,Edinburgh,EDI-008,Bus,Roadworks,Low,1,5,289,FALSE
INC-202004-LON-013-02,2020-04-07T13:50:00Z,London,LON-013,Underground,Station Closure,Med-High,4,170,51050,TRUE
INC-202004-MAN-022-01,2020-04-07T18:28:00Z,Manchester,MAN-022,Rail,Signal Failure,Medium,3,139,17135,TRUE
INC-202004-LON-008-02,2020-04-07T19:23:00Z,London,LON-008,Bus,Congestion,Med-High,4,164,11468,TRUE
INC-202004-LON-019-01,2020-04-07T22:28:00Z,London,LON-019,Bus,Roadworks,Med-High,4,161,25008,TRUE
INC-202004-MAN-015-01,2020-04-08T01:55:00Z,Manchester,MAN-015,Bus,Roadworks,Low,1,25,1012,TRUE
INC-202004-LON-012-01,2020-04-09T04:02:00Z,London,LON-012,Bus,Roadworks,Low-Med,2,38,2032,FALSE
INC-202004-MAN-011-01,2020-04-09T07:41:00Z,Manchester,MAN-011,Bus,Congestion,Low,1,27,1666,TRUE
INC-202004-MAN-005-01,2020-04-09T08:23:00Z,Manchester,MAN-005,Tram,Power Issue,Low-Med,2,30,1798,TRUE
INC-202004-LON-004-03,2020-04-09T08:26:00Z,London,LON-004,Tram,Vehicle Fault,Low-Med,2,52,4042,FALSE
INC-202004-LON-017-03,2020-04-09T11:58:00Z,London,LON-017,Bus,Roadworks,Medium,3,74,7055,TRUE
INC-202004-BRI-008-01,2020-04-09T18:22:00Z,Bristol,BRI-008,Rail,Track Fault,Low-Med,2,48,2784,TRUE
INC-202004-LON-003-01,2020-04-09T18:54:00Z,London,LON-003,Bus,Roadworks,Medium,3,64,4712,TRUE
INC-202004-EDI-010-01,2020-04-09T22:23:00Z,Edinburgh,EDI-010,Bus,Congestion,Low,1,9,456,TRUE
INC-202004-BRI-005-02,2020-04-10T08:39:00Z,Bristol,BRI-005,Bus,Accident,Low-Med,2,52,2583,TRUE
INC-202004-MAN-015-03,2020-04-11T02:16:00Z,Manchester,MAN-015,Bus,Accident,Low,1,14,894,TRUE
INC-202004-BRI-007-01,2020-04-11T03:29:00Z,Bristol,BRI-007,Tram,Obstruction,Med-High,4,132,3859,TRUE
INC-202004-BRI-007-01,2020-04-11T03:33:00Z,Bristol,BRI-007,Tram,Obstruction,Med-High,4,132,3859,TRUE
INC-202004-LON-018-02,2020-04-11T07:07:00Z,London,LON-018,bus,Vehicle Fault,Low-Med,2,23,1476,TRUE
INC-202004-MAN-001-01,2020-04-11T19:59:00Z,Manchester,MAN-001,Bus,Vehicle Fault,Low-Med,2,39,3756,TRUE
INC-202004-MAN-001-05,2020-04-11T20:52:00Z,Manchester,MAN-001,Bus,Congestion,Low,1,10,469,TRUE
INC-202004-LON-002-01,2020-04-12T06:49:00Z,London,LON-002,Bus,Staff Shortage,High,5,147,15942,TRUE
INC-202004-BRI-006-03,2020-04-12T16:34:00Z,Bristol,BRI-006,Bus,Roadworks,Low,1,14,610,TRUE
INC-202004-MAN-012-02,2020-04-12T17:01:00Z,Manchester,MAN-012,rail,Track Fault,Med-High,4,130,16806,TRUE
INC-202004-BRI-017-01,2020-04-12T18:00:00Z,bristol,BRI-017,Bus,Congestion,Low-Med,2,20,795,TRUE
INC-202004-BRI-015-01,2020-04-13T12:08:00Z,Bristol,BRI-015,BikeShare,Vandalism,Low,1,9,141,FALSE
INC-202004-MAN-020-01,2020-04-14T08:24:00Z,Manchester,MAN-020,Bus,Congestion,Low,1,13,968,TRUE
INC-202004-LON-011-01,2020-04-14T11:33:00Z,London,LON-011,Tram,Obstruction,Low,1,29,690,TRUE
INC-202004-MAN-019-03,2020-04-14T14:30:00Z,Manchester,MAN-019,underground,Signal Failure,High,5,200,62144,TRUE
INC-202004-LON-004-02,2020-04-14T20:01:00Z,London,LON-004,Tram,Roadworks,Low,1,27,777,TRUE
INC-202004-LON-005-01,2020-04-16T11:31:00Z,LDN,LON-005,Rail,Signal Failure,High,5,152,13156,TRUE
INC-202004-LON-005-01,2020-04-16T11:35:00Z,LDN,LON-005,Rail,Signal Failure,High,5,152,13156,TRUE
INC-202004-BRI-006-01,2020-04-16T19:32:00Z,Bristol,BRI-006,Bus,Vehicle Fault,Low-Med,2,27,1342,TRUE
INC-202004-MAN-001-02,2020-04-17T08:41:00Z,Manchester,MAN-001,Bus,Roadworks,Medium,3,87,12259,TRUE
INC-202004-BRI-005-01,2020-04-18T05:58:00Z,Bristol,BRI-005,Bus,Congestion,Low-Med,2,28,1267,TRUE
INC-202004-LON-003-02,2020-04-18T09:46:00Z,London,LON-003,bus,Congestion,MEDIUM,3,64,4570,TRUE
INC-202004-EDI-012-01,2020-04-18T15:37:00Z,EDI,EDI-012,Underground,Signal Failure,Medium,3,117,13590,TRUE
INC-202004-LON-014-01,2020-04-18T17:43:00Z,London,LON-014,Bus,Vehicle Fault,Med-High,4,202,32621,TRUE
INC-202004-MAN-015-02,2020-04-19T18:57:00Z,Manchester,MAN-015,Bus,Congestion,LOW-MED,2,35,915,TRUE
INC-202004-MAN-012-01,2020-04-19T23:42:00Z,Manchester,MAN-012,Rail,Rolling Stock,High,5,302,32236,TRUE
INC-202004-MAN-004-01,2020-04-20T13:57:00Z,Manchester,MAN-004,Bus,Roadworks,Low,1,25,2261,TRUE
INC-202004-MAN-013-01,2020-04-20T17:09:00Z,Manchester,MAN-013,Underground,Power Issue,Low-Med,2,30,5218,TRUE
INC-202004-LON-017-01,2020-04-20T18:42:00Z,London,LON-017,Bus,Congestion,Med-High,4,95,14388,TRUE
INC-202004-EDI-020-02,2020-04-20T22:22:00Z,Edinburgh,EDI-020,Rail,Track Fault,Low-Med,2,53,2876,TRUE
INC-202004-LON-003-05,2020-04-21T05:36:00Z,London,LON-003,Bus,,Med-High,4,170,8990,TRUE
INC-202004-EDI-014-02,2020-04-21T07:37:00Z,Edinburgh,EDI-014,Underground,Station Closure,Med-High,4,136,20416,TRUE
INC-202004-LON-013-01,2020-04-21T08:37:00Z,London,LON-013,Underground,Passenger Incident,Med-High,4,140,47735,TRUE
INC-202004-BRI-022-01,2020-04-22T10:50:00Z,Bristol,BRI-022,Underground,Signal Failure,Med-High,4,91,8133,TRUE
INC-202004-EDI-018-01,2020-04-22T13:44:00Z,Edinburgh,EDI-018,Rail,Track Fault,Low Med,2,55,4929,TRUE
INC-202004-MAN-009-04,2020-04-22T16:01:00Z,Manchester,MAN-009,Underground,Signal Failure,Med-High,4,138,65050,TRUE
INC-202004-BRI-019-01,2020-04-22T17:57:00Z,Bristol,BRI-019,Rail,,Low-Med,2,48,4543,TRUE
INC-202004-EDI-006-01,2020-04-22T19:28:00Z,Edinburgh,EDI-006,Underground,Power Issue,Low-Med,2,36,8539,FALSE
INC-202004-LON-008-01,2020-04-23T07:11:00Z,london,LON-008,Bus,Congestion,Low-Med,2,36,3735,TRUE
INC-202004-BRI-014-01,2020-04-23T18:42:00Z,Bristol,BRI-014,Bus,Congestion,Low,1,9,331,TRUE
INC-202004-BRI-003-01,2020-04-23T20:31:00Z,Bristol,BRI-003,Rail,Rolling Stock,Low-Med,2,41,3096,TRUE
INC-202004-EDI-003-01,2020-04-24T10:58:00Z,Edinburgh,EDI-003,Bus,Roadworks,Low,1,5,123,FALSE
INC-202004-BRI-011-01,2020-04-24T17:15:00Z,Bristol,BRI-011,Bus,Roadworks,Low-Med,2,28,1703,FALSE
INC-202004-LON-009-01,2020-04-24T18:12:00Z,London,LON-009,rail,Signal Failure,Med-High,4,2100,50278,TRUE
INC-202004-EDI-006-03,2020-04-24T19:32:00Z,Edinburgh,EDI-006,Underground,Passenger Incident,Medium,3,93,12631,TRUE
INC-202004-MAN-009-02,2020-04-25T05:38:00Z,Manchester,MAN-009,Underground,Passenger Incident,High,5,150,42118,TRUE
INC-202004-EDI-009-01,2020-04-25T18:05:00Z,Edinburgh,EDI-009,Bus,Vehicle Fault,LOW,1,20,1790,FALSE
INC-202004-EDI-006-02,2020-04-25T22:10:00Z,Edinburgh,EDI-006,Underground,Station Closure,Med-High,4,121,60246,TRUE
INC-202004-BRI-007-02,2020-04-26T08:19:00Z,Bristol,BRI-007,Tram,Vehicle Fault,Medium,3,,6950,TRUE
INC-202004-LON-022-01,2020-04-26T18:05:00Z,London,LON-022,Underground,Power Issue,Medium,3,62,15355,TRUE
INC-202004-MAN-001-04,2020-04-27T04:20:00Z,Manchester,MAN-001,Bus,Congestion,Medium,3,108,9510,TRUE
INC-202004-LON-014-02,2020-04-27T07:58:00Z,London,LON-014,Bus,Roadworks,Med-High,4,99,8597,TRUE
INC-202004-LON-009-02,2020-04-27T17:46:00Z,London,LON-009,Rail,Signal Failure,High,5,,30715,TRUE
INC-202004-BRI-009-01,2020-04-27T18:43:00Z,bristol,BRI-009,Tram,Vehicle Fault,Low,1,18,391,TRUE
INC-202004-LON-005-02,2020-04-27T23:20:00Z,London,LON-005,Rail,Weather,Med-High,4,113,19676,TRUE
INC-202004-MAN-019-01,2020-04-27T23:48:00Z,Manchester,MAN-019,Underground,Power Issue,Med-High,4,201,89287,FALSE
INC-202004-EDI-009-02,2020-04-28T00:38:00Z,Edinburgh,EDI-009,Bus,Congestion,Low,1,17,592,TRUE
INC-202004-MAN-004-02,2020-04-28T16:40:00Z,Manchester,MAN-004,bus,Congestion,Medium,3,870,3821,FALSE
INC-202004-MAN-004-03,2020-04-28T18:54:00Z,Manchester,MAN-004,Bus,Vehicle Fault,Low-Med,2,47,1248,TRUE
INC-202004-MAN-017-01,2020-04-29T02:06:00Z,Manchester,MAN-017,Underground,Signal Failure,Med-High,4,102,27960,TRUE
INC-202004-LON-017-02,2020-04-29T08:59:00Z,London,LON-017,Bus,Roadworks,Med-High,4,176,17553,TRUE
INC-202004-LON-004-01,2020-04-29T17:07:00Z,London,LON-004,Tram,Obstruction,Low-Med,2,38,1888,TRUE
INC-202004-MAN-009-01,2020-04-30T00:33:00Z,Manchester,MAN-009,Underground,Signal Failure,High,5,208,67115,TRUE
INC-202004-LON-001-02,2020-04-30T03:09:00Z,London,LON-001,Bus,Congestion,Low,1,5,333,TRUE
INC-202004-EDI-017-01,2020-04-30T03:14:00Z,Edinburgh,EDI-017,Underground,Station Closure,Med-High,4,172,79394,TRUE
INC-202004-MAN-020-02,2020-04-30T07:07:00Z,Manchester,MAN-020,Bus,Vehicle Fault,Low,1,22,769,TRUE
INC-202004-EDI-022-01,2020-04-30T07:55:00Z,Edinburgh,EDI-022,BikeShare,Dock Full,Low,1,10,66,TRUE
INC-202004-MAN-021-04,2020-04-30T14:19:00Z,Manchester,MAN-021,Rail,Signal Failure,Low-Med,2,45,12261,TRUE
INC-202004-EDI-014-01,2020-04-30T18:50:00Z,Edinburgh,EDI-014,Underground,Passenger Incident,Low-Med,2,29,5024,TRUE
INC-202004-LON-021-01,2020-04-30T21:29:00Z,London,LON-021,Bus,Vehicle Fault,Low-Med,2,55,9439,TRUE
INC-202005-LON-011-01,2020-05-01T05:32:00Z,London,LON-011,Tram,Vehicle Fault,Low-Med,2,37,2588,TRUE
INC-202005-BRI-011-02,2020-05-01T06:43:00Z,Bristol,BRI-011,Bus,Accident,Low,1,21,1174,TRUE
INC-202005-BRI-009-01,2020-05-01T06:50:00Z,Bristol,BRI-009,Tram,Roadworks,Low,1,16,373,TRUE
INC-202005-MAN-015-01,2020-05-01T13:05:00Z,Manchester,MAN-015,Bus,Congestion,Medium,3,108,5557,TRUE
INC-202210-LON-012-01,2020-05-01T19:33:00Z,Bristol,BRI-019,Rail,Rolling Stock,Low-Med,2,54,13147,TRUE
INC-202005-LON-005-02,2020-05-01T19:40:00Z,LDN,LON-005,Rail,Track Fault,Med-High,4,101,,TRUE
INC-202005-MAN-016-02,2020-05-01T20:41:00Z,Manchester,MAN-016,Bus,Staff Shortage,High,5,153,8624,TRUE
INC-202005-MAN-021-02,2020-05-03T16:19:00Z,MAN,MAN-021,Rail,Signal Failure,Med-High,4,,,TRUE
INC-202005-BRI-016-02,2020-05-03T17:56:00Z,Bristol,BRI-016,Rail,Weather,Low-Med,2,51,10839,TRUE
INC-202005-MAN-016-04,2020-05-03T18:26:00Z,Manchester,MAN-016,Bus,Congestion,Low,1,17,1308,FALSE
INC-202005-BRI-006-02,2020-05-04T03:55:00Z,Bristol,BRI-006,Bus,Staff Shortage,Low-Med,2,47,2465,TRUE
INC-202005-MAN-022-02,2020-05-04T05:21:00Z,Manchester,MAN-022,Rail,Rolling Stock,High,5,150,26988,TRUE
INC-202005-LON-019-02,2020-05-04T08:38:00Z,London,LON-019,Bus,Vehicle Fault,Low-Med,2,31,1230,TRUE
INC-202005-BRI-013-02,2020-05-05T01:05:00Z,Bristol,BRI-013,Bus,Roadworks,Low-Med,2,45,3095,TRUE
INC-202005-LON-005-01,2020-05-05T09:02:00Z,London,LON-005,Rail,Signal Failure,Med-High,4,86,14139,FALSE
INC-202005-MAN-016-06,2020-05-05T16:16:00Z,Manchester,MAN-016,Bus,Staff Shortage,Med-High,4,193,13472,TRUE
INC-202005-MAN-021-01,2020-05-05T17:49:00Z,Manchester,MAN-021,Rail,Weather,Med High,4,137,12738,TRUE
INC-202005-EDI-004-02,2020-05-06T04:41:00Z,Edinburgh,EDI-004,Bus,Roadworks,Low-Med,2,48,3072,TRUE
INC-202005-LON-017-01,2020-05-06T19:35:00Z,London,LON-017,Bus,Roadworks,Low-Med,2,52,7116,TRUE
INC-202005-EDI-014-01,2020-05-06T20:01:00Z,Edinburgh,EDI-014,Underground,Power Issue,Medium,3,124,36545,TRUE
INC-202005-LON-016-01,2020-05-07T19:18:00Z,LDN,LON-016,Rail,Weather,High,5,264,25466,TRUE
INC-202005-BRI-007-01,2020-05-08T03:42:00Z,bristol,BRI-007,Tram,Roadworks,Low,1,24,1190,TRUE
INC-202005-BRI-021-01,2020-05-08T07:56:00Z,Bristol,BRI-021,Rail,Signal Failure,Low-Med,2,62,9213,TRUE
INC-202005-BRI-008-01,2020-05-08T11:30:00Z,Bristol,BRI-008,Rail,Track Fault,Medium,3,82,14947,TRUE
INC-202005-MAN-001-04,2020-05-08T11:51:00Z,Manchester,MAN-001,Bus,Roadworks,Medium,3,90,7834,TRUE
INC-202108-MAN-017-02,2020-05-08T19:06:00Z,Bristol,BRI-004,Underground,Power Issue,Medium,3,70,21757,TRUE
INC-202005-BRI-006-03,2020-05-09T08:27:00Z,Bristol,BRI-006,Bus,Roadworks,Low-Med,2,36,1535,TRUE
INC-202005-LON-016-02,2020-05-09T18:18:00Z,LDN,LON-016,Rail,Signal Failure,Med High,4,210,38558,TRUE
INC-202005-LON-020-03,2020-05-10T08:21:00Z,London,LON-020,Bus,Congestion,Low-Med,2,50,6465,TRUE
INC-202005-MAN-016-03,2020-05-10T08:21:00Z,Manchester,MAN-016,Bus,Congestion,Medium,3,49,7249,TRUE
INC-202005-EDI-010-01,2020-05-10T17:22:00Z,Edinburgh,EDI-010,Bus,Roadworks,Low-Med,2,50,1984,TRUE
INC-202005-LON-012-03,2020-05-10T18:08:00Z,London,LON-012,Bus,Congestion,Medium,3,78,3147,TRUE
INC-202005-EDI-015-02,2020-05-10T20:06:00Z,Edinburgh,EDI-015,Bus,Staff Shortage,Low-Med,2,44,2576,TRUE
INC-202005-EDI-012-02,2020-05-11T16:57:00Z,Edinburgh,EDI-012,Underground,Signal Failure,Medium,3,95,21778,TRUE
INC-202005-MAN-001-02,2020-05-12T05:03:00Z,Manchester,MAN-001,Bus,Roadworks,Med High,4,201,29806,TRUE
INC-202005-BRI-011-01,2020-05-12T21:02:00Z,Bristol,BRI-011,Bus,Accident,Low-Med,2,35,2495,TRUE
INC-202005-LON-004-01,2020-05-13T04:09:00Z,London,LON-004,Tram,Vehicle Fault,Low-Med,2,42,1604,TRUE
INC-202005-LON-007-01,2020-05-13T07:25:00Z,London,LON-007,Tram,Roadworks,Low-Med,2,30,1086,FALSE
INC-202005-LON-020-01,2020-05-13T07:35:00Z,London,LON-020,Bus,Congestion,Med-High,4,204,17648,TRUE
INC-202005-LON-017-02,2020-05-13T09:13:00Z,London,LON-017,Bus,Staff Shortage,Med-High,4,190,24497,TRUE
INC-202005-LON-001-01,2020-05-13T10:50:00Z,LDN,LON-001,Bus,Congestion,Low,1,10,990,TRUE
INC-202005-LON-007-02,2020-05-13T17:04:00Z,London,LON-007,Tram,Power Issue,Low-Med,2,46,,TRUE
INC-202005-LON-003-01,2020-05-13T18:07:00Z,London,LON-003,Bus,Vehicle Fault,Low-Med,2,36,3210,TRUE
INC-202005-EDI-006-01,2020-05-13T21:06:00Z,Edinburgh,EDI-006,Underground,Station Closure,Medium,3,88,51532,TRUE
INC-202005-EDI-020-03,2020-05-14T00:52:00Z,Edinburgh,EDI-020,Rail,Weather,Medium,3,57,10269,TRUE
INC-202005-EDI-009-01,2020-05-14T05:24:00Z,Edinburgh,EDI-009,Bus,Staff Shortage,Low-Med,2,28,990,FALSE
INC-202005-MAN-016-01,2020-05-14T06:53:00Z,Manchester,MAN-016,Bus,Congestion,Low-Med,2,56,5459,TRUE
INC-202005-EDI-017-01,2020-05-14T08:22:00Z,Edinburgh,EDI-017,Underground,Signal Failure,MEDIUM,3,68,23986,TRUE
INC-202005-EDI-020-02,2020-05-14T11:25:00Z,Edinburgh,EDI-020,Rail,Signal Failure,Low,1,13,608,TRUE
INC-202005-EDI-008-01,2020-05-14T17:44:00Z,Edinburgh,EDI-008,Bus,Roadworks,Low,1,24,2246,TRUE
INC-202005-BRI-021-02,2020-05-14T18:27:00Z,Bristol,BRI-021,Rail,Track Fault,Medium,3,82,6021,TRUE
INC-202005-EDI-020-01,2020-05-14T22:10:00Z,Edinburgh,EDI-020,Rail,Rolling Stock,Low,1,18,882,TRUE
INC-202005-EDI-015-01,2020-05-16T17:07:00Z,Edinburgh,EDI-015,Bus,Congestion,Low,1,18,851,TRUE
INC-202005-EDI-006-02,2020-05-16T17:23:00Z,Edinburgh,EDI-006,Underground,Signal Failure,High,5,253,46665,TRUE
INC-202005-EDI-010-02,2020-05-17T19:39:00Z,Edinburgh,EDI-010,Bus,Vehicle Fault,Low,1,14,1225,TRUE
INC-202005-BRI-006-01,2020-05-17T19:53:00Z,Bristol,BRI-006,Bus,Congestion,Medium,3,80,3306,TRUE
INC-202005-LON-011-03,2020-05-17T22:02:00Z,London,LON-011,Tram,Power Issue,Low-Med,2,59,3162,TRUE
INC-202005-BRI-014-01,2020-05-18T07:17:00Z,Bristol,BRI-014,Bus,Roadworks,Low,1,14,774,TRUE
INC-202005-EDI-020-04,2020-05-18T12:58:00Z,Edinburgh,EDI-020,Rail,Signal Failure,Low-Med,2,54,8778,TRUE
INC-202005-EDI-008-02,2020-05-18T14:25:00Z,Edinburgh,EDI-008,Bus,Roadworks,Low,1,23,1466,TRUE
INC-202005-LON-005-03,2020-05-18T19:50:00Z,London,LON-005,Rail,Track Fault,Med-High,4,159,31585,TRUE
INC-202005-LON-008-01,2020-05-18T23:43:00Z,London,LON-008,Bus,Vehicle Fault,Med-High,4,201,28686,TRUE
INC-202005-MAN-017-01,2020-05-19T02:25:00Z,Manchester,MAN-017,Underground,,Med-High,4,105,35978,TRUE
INC-202005-LON-022-01,2020-05-19T06:52:00Z,London,LON-022,Underground,Passenger Incident,Med-High,4,108,43992,TRUE
INC-202005-MAN-004-01,2020-05-19T08:35:00Z,Manchester,MAN-004,Bus,Roadworks,Medium,3,104,5158,TRUE
INC-202005-EDI-003-02,2020-05-19T18:54:00Z,Edinburgh,EDI-003,Bus,Vehicle Fault,Low,1,21,2365,TRUE
INC-202005-BRI-005-01,2020-05-20T08:48:00Z,Bristol,BRI-005,Bus,Congestion,Low,1,11,638,TRUE
INC-202005-BRI-020-01,2020-05-20T13:40:00Z,Bristol,BRI-020,Rail,Weather,Low Med,2,54,4786,TRUE
INC-202005-MAN-016-05,2020-05-20T16:45:00Z,Manchester,MAN-016,Bus,Roadworks,Medium,3,86,9335,TRUE
INC-202005-LON-019-03,2020-05-20T17:44:00Z,London,LON-019,Bus,Congestion,Low-Med,2,23,1819,TRUE
INC-202005-LON-019-03,2020-05-20T17:49:00Z,London,LON-019,Bus,Congestion,Low-Med,2,23,1819,TRUE
INC-202005-MAN-015-02,2020-05-20T18:09:00Z,Manchester,MAN-015,Bus,Roadworks,Medium,3,104,9970,TRUE
INC-202005-BRI-018-01,2020-05-21T00:19:00Z,Bristol,BRI-018,Bus,Roadworks,Low,1,10,624,TRUE
INC-202005-MAN-012-01,2020-05-21T08:34:00Z,Manchester,MAN-012,Rail,Weather,Medium,3,126,12260,TRUE
INC-202005-MAN-009-02,2020-05-21T16:56:00Z,Manchester,MAN-009,Underground,Signal Failure,Med-High,4,173,33367,TRUE
INC-202005-EDI-004-01,2020-05-21T21:51:00Z,Edinburgh,EDI-004,Bus,Congestion,Low,1,21,837,TRUE
INC-202005-MAN-009-01,2020-05-22T04:44:00Z,Manchester,MAN-009,Underground,Passenger Incident,High,5,159,61570,TRUE
INC-202005-MAN-013-01,2020-05-22T08:15:00Z,Manchester,MAN-013,Underground,Station Closure,Medium,3,121,25741,TRUE
INC-202005-LON-008-02,2020-05-22T16:48:00Z,London,LON-008,Bus,Congestion,Medium,3,660,7093,TRUE
INC-202005-MAN-022-03,2020-05-23T00:21:00Z,Manchester,MAN-022,Rail,Rolling Stock,Medium,3,79,5523,TRUE
INC-202005-LON-021-01,2020-05-23T09:32:00Z,London,LON-021,Bus,Vehicle Fault,Low-Med,2,47,4379,TRUE
INC-202005-EDI-018-01,2020-05-23T16:51:00Z,Edinburgh,EDI-018,Rail,Signal Failure,Medium,3,104,12313,TRUE
INC-202005-BRI-017-01,2020-05-23T17:22:00Z,Bristol,BRI-017,bus,Roadworks,Low,1,14,932,TRUE
INC-202005-MAN-002-01,2020-05-23T19:08:00Z,Manchester,MAN-002,Tram,Roadworks,Low,1,9,464,TRUE
INC-202005-BRI-013-01,2020-05-23T20:06:00Z,Bristol,BRI-013,Bus,Congestion,Low-Med,2,49,2659,TRUE
INC-202005-LON-021-02,2020-05-24T09:38:00Z,London,LON-021,Bus,Vehicle Fault,Low-Med,2,58,4760,TRUE
INC-202211-MAN-022-01,2020-05-24T18:35:00Z,London,LON-019,Bus,Vehicle Fault,LOW-MED,2,44,2026,TRUE
INC-202005-LON-012-02,2020-05-25T03:58:00Z,London,LON-012,Bus,Roadworks,Low,1,27,1761,TRUE
INC-202005-MAN-001-03,2020-05-25T14:38:00Z,Manchester,MAN-001,Bus,Congestion,Medium,3,68,8548,TRUE
INC-202005-MAN-009-03,2020-05-26T06:05:00Z,Manchester,MAN-009,Underground,Power Issue,Med-High,4,152,31189,TRUE
INC-202005-LON-012-01,2020-05-27T01:17:00Z,London,LON-012,Bus,Staff Shortage,Medium,3,61,3762,TRUE
INC-202005-BRI-002-01,2020-05-27T08:51:00Z,Bristol,BRI-002,Bus,Roadworks,Low-Med,2,53,3113,FALSE
INC-202005-LON-020-02,2020-05-28T00:23:00Z,London,LON-020,Bus,Roadworks,Med-High,4,199,11863,FALSE
INC-202005-EDI-016-01,2020-05-28T08:51:00Z,Edinburgh,EDI-016,BikeShare,Bike Fault,Low,1,8,171,TRUE
INC-202005-BRI-021-03,2020-05-28T11:22:00Z,Bristol,BRI-021,Rail,Weather,LOW-MED,2,45,3383,TRUE
INC-202005-EDI-005-01,2020-05-28T12:19:00Z,Edinburgh,EDI-005,Underground,Station Closure,High,5,205,39937,TRUE
INC-202005-LON-008-03,2020-05-28T16:36:00Z,London,LON-008,bus,Roadworks,MEDIUM,3,51,6109,TRUE
INC-202005-EDI-015-03,2020-05-28T17:35:00Z,Edinburgh,EDI-015,Bus,Roadworks,Medium,3,124,4301,TRUE
INC-202005-BRI-004-02,2020-05-28T18:57:00Z,Bristol,BRI-004,Underground,Station Closure,Low Med,2,34,4607,TRUE
INC-202005-LON-002-01,2020-05-29T07:01:00Z,London,LON-002,Bus,Congestion,Low-Med,2,24,2091,TRUE
INC-201909-LON-014-02,2020-05-29T08:54:00Z,Edinburgh,EDI-003,Bus,Roadworks,Low,1,13,1613,TRUE
INC-202005-LON-011-02,2020-05-29T10:15:00Z,London,LON-011,Tram,Obstruction,Med-High,4,105,6674,TRUE
INC-202005-MAN-018-01,2020-05-29T21:23:00Z,MAN,MAN-018,BikeShare,Dock Empty,Low,1,9,196,TRUE
INC-202005-EDI-021-01,2020-05-30T02:19:00Z,Edinburgh,EDI-021,Tram,Vehicle Fault,Low,1,7,329,TRUE
INC-202005-MAN-022-01,2020-05-30T18:15:00Z,Manchester,MAN-022,Rail,Track Fault,Medium,3,84,,TRUE
INC-202005-EDI-012-01,2020-05-30T20:43:00Z,Edinburgh,EDI-012,Underground,Signal Failure,Med-High,4,149,14063,TRUE
INC-202005-MAN-001-01,2020-05-30T21:24:00Z,Manchester,MAN-001,Bus,Accident,Low-Med,2,31,4482,TRUE
INC-202005-MAN-012-02,2020-05-31T06:17:00Z,Manchester,MAN-012,Rail,Rolling Stock,Med-High,4,94,5741,FALSE
INC-202005-BRI-016-01,2020-05-31T13:55:00Z,Bristol,BRI-016,Rail,Rolling Stock,Medium,3,121,20513,TRUE
INC-202006-MAN-021-01,2020-06-01T08:05:00Z,Manchester,MAN-021,Rail,Weather,Low-Med,2,480,7935,TRUE
INC-202006-EDI-010-01,2020-06-02T06:17:00Z,Edinburgh,EDI-010,Bus,Roadworks,Low-Med,2,34,3143,TRUE
INC-202006-BRI-022-02,2020-06-02T08:46:00Z,Bristol,BRI-022,Underground,Signal Failure,Low-Med,2,44,5246,TRUE
INC-202006-LON-017-01,2020-06-02T16:32:00Z,London,LON-017,Bus,Congestion,Medium,3,118,7959,TRUE
INC-202006-LON-018-01,2020-06-02T17:49:00Z,London,LON-018,Bus,Vehicle Fault,Low-Med,2,46,2557,TRUE
INC-202006-MAN-011-01,2020-06-02T18:20:00Z,Manchester,MAN-011,Bus,Congestion,Low,1,5,351,TRUE
INC-202006-BRI-020-01,2020-06-02T20:47:00Z,Bristol,BRI-020,Rail,Weather,Medium,3,93,55208,TRUE
INC-202006-MAN-001-02,2020-06-03T05:07:00Z,MAN,MAN-001,Bus,Vehicle Fault,Medium,3,52,4278,TRUE
INC-202006-BRI-002-03,2020-06-03T07:06:00Z,Bristol,BRI-002,Bus,Vehicle Fault,Low,1,18,661,TRUE
INC-202006-BRI-002-02,2020-06-03T08:14:00Z,Bristol,BRI-002,Bus,Roadworks,Low,1,7,341,TRUE
INC-202006-LON-014-01,2020-06-03T18:13:00Z,London,LON-014,Bus,Congestion,Low-Med,2,54,2340,TRUE
INC-202006-MAN-022-01,2020-06-04T03:17:00Z,Manchester,MAN-022,Rail,Rolling Stock,Med-High,4,159,14687,TRUE
INC-202006-EDI-004-02,2020-06-04T08:15:00Z,Edinburgh,EDI-004,Bus,Roadworks,Low-Med,2,57,2507,TRUE
INC-202006-EDI-004-02,2020-06-04T08:15:00Z,Edinburgh,EDI-004,Bus,Roadworks,Low-Med,2,57,2507,TRUE
INC-202006-MAN-016-03,2020-06-04T16:10:00Z,Manchester,MAN-016,Bus,Staff Shortage,Medium,3,94,6282,TRUE
INC-202006-EDI-009-01,2020-06-04T19:01:00Z,Edinburgh,EDI-009,Bus,Congestion,Low,1,11,633,TRUE
INC-202006-EDI-016-01,2020-06-05T08:59:00Z,Edinburgh,EDI-016,BikeShare,Vandalism,Low,1,14,111,TRUE
INC-202006-LON-017-02,2020-06-05T17:22:00Z,London,LON-017,Bus,Vehicle Fault,Medium,3,64,3487,TRUE
INC-202006-LON-022-02,2020-06-06T08:43:00Z,London,LON-022,Underground,Power Issue,Med-High,4,143,40590,TRUE
INC-202006-EDI-017-01,2020-06-06T11:42:00Z,Edinburgh,EDI-017,Underground,Passenger Incident,Medium,3,89,12454,TRUE
INC-202006-LON-011-01,2020-06-06T15:46:00Z,London,LON-011,Tram,Obstruction,Low-Med,2,44,2473,TRUE
INC-202006-BRI-010-01,2020-06-06T22:47:00Z,Bristol,BRI-010,BikeShare,Dock Empty,Low,1,22,180,FALSE
INC-202006-EDI-004-03,2020-06-07T01:57:00Z,Edinburgh,EDI-004,Bus,Vehicle Fault,Low-Med,2,56,2242,TRUE
INC-202006-MAN-010-02,2020-06-07T02:44:00Z,Manchester,MAN-010,Rail,Weather,Low-Med,2,65,2458,TRUE
INC-202006-MAN-010-01,2020-06-07T18:05:00Z,Manchester,MAN-010,Rail,Rolling Stock,Low-Med,2,43,4890,TRUE
INC-202006-MAN-011-02,2020-06-07T18:39:00Z,Manchester,MAN-011,bus,Vehicle Fault,Low-Med,2,24,2390,FALSE
INC-202006-EDI-005-01,2020-06-08T01:53:00Z,Edinburgh,EDI-005,Underground,Signal Failure,Medium,3,113,25881,TRUE
INC-202006-BRI-004-01,2020-06-08T05:59:00Z,Bristol,BRI-004,Underground,Signal Failure,High,5,157,30805,TRUE
INC-202006-EDI-013-01,2020-06-09T06:00:00Z,Edinburgh,EDI-013,rail,Signal Failure,Low-Med,2,48,7670,TRUE
INC-202006-LON-001-01,2020-06-09T14:55:00Z,London,LON-001,Bus,Accident,Medium,3,54,4158,TRUE
INC-202006-LON-013-01,2020-06-09T19:06:00Z,London,LON-013,Underground,Station Closure,High,5,263,60052,TRUE
INC-202006-LON-007-01,2020-06-11T05:58:00Z,London,LON-007,Tram,Vehicle Fault,Low,1,20,1569,TRUE
INC-202006-LON-006-01,2020-06-11T13:27:00Z,London,LON-006,BikeShare,Dock Empty,Low-Med,2,31,949,TRUE
INC-202006-EDI-017-02,2020-06-11T18:00:00Z,Edinburgh,EDI-017,Underground,Signal Failure,Medium,3,90,14887,TRUE
INC-202006-BRI-013-01,2020-06-12T07:13:00Z,Bristol,BRI-013,Bus,Roadworks,Medium,3,107,3086,TRUE
INC-202006-MAN-008-01,2020-06-13T08:30:00Z,Manchester,MAN-008,Bus,Vehicle Fault,Low-Med,2,,1682,TRUE
INC-202006-MAN-019-01,2020-06-13T20:20:00Z,Manchester,MAN-019,Underground,Passenger Incident,Low-Med,2,50,8784,FALSE
INC-202006-MAN-022-02,2020-06-14T02:42:00Z,Manchester,MAN-022,Rail,Rolling Stock,High,5,155,30962,TRUE
INC-202006-LON-011-03,2020-06-14T06:25:00Z,London,LON-011,Tram,Roadworks,Medium,3,121,16071,TRUE
INC-202006-BRI-017-01,2020-06-14T11:40:00Z,Bristol,BRI-017,Bus,Accident,Low-Med,2,30,3745,TRUE
INC-202501-MAN-022-01,2020-06-15T02:45:00Z,London,LON-002,Bus,Vehicle Fault,Medium,3,94,11263,TRUE
INC-202006-LON-013-02,2020-06-15T11:50:00Z,London,LON-013,Underground,Power Issue,Medium,3,108,33426,TRUE
INC-202006-EDI-011-01,2020-06-15T18:23:00Z,Edinburgh,EDI-011,Bus,Roadworks,Low,1,6,567,TRUE
INC-202006-BRI-021-01,2020-06-15T19:11:00Z,Bristol,BRI-021,Rail,Signal Failure,High,5,263,38849,TRUE
INC-202006-MAN-007-01,2020-06-16T11:27:00Z,Manchester,MAN-007,Tram,Obstruction,Low-Med,2,31,1367,TRUE
INC-202006-LON-022-01,2020-06-17T01:29:00Z,London,LON-022,Underground,Signal Failure,High,5,312,128422,TRUE
INC-202006-LON-017-03,2020-06-17T08:10:00Z,London,LON-017,Bus,Accident,Medium,3,105,7425,TRUE
INC-202006-EDI-004-04,2020-06-17T08:58:00Z,Edinburgh,EDI-004,Bus,Staff Shortage,Low,1,11,412,TRUE
INC-202006-MAN-001-01,2020-06-18T07:41:00Z,Manchester,MAN-001,Bus,Staff Shortage,Low,1,10,571,FALSE
INC-202006-BRI-011-01,2020-06-18T10:36:00Z,Bristol,BRI-011,Bus,Staff Shortage,Low,1,17,404,TRUE
INC-202006-LON-009-01,2020-06-18T14:07:00Z,London,LON-009,Rail,Signal Failure,Medium,3,125,21698,TRUE
INC-202006-LON-013-04,2020-06-18T16:30:00Z,London,LON-013,Underground,Power Issue,Med-High,4,162,65102,FALSE
INC-202006-BRI-015-01,2020-06-18T17:29:00Z,Bristol,BRI-015,BikeShare,Bike Fault,Low,1,15,102,FALSE
INC-202006-LON-017-04,2020-06-19T08:13:00Z,London,LON-017,Bus,Roadworks,Low-Med,2,36,3615,TRUE
INC-202006-LON-014-03,2020-06-19T12:44:00Z,London,LON-014,Bus,Congestion,Medium,3,115,16274,TRUE
INC-202006-LON-014-02,2020-06-20T08:21:00Z,London,LON-014,Bus,Congestion,Medium,3,64,5712,TRUE
INC-202006-MAN-011-03,2020-06-20T08:24:00Z,Manchester,MAN-011,Bus,Congestion,Low,1,15,991,TRUE
INC-202112-MAN-001-01,2020-06-21T05:15:00Z,Manchester,MAN-016,Bus,Vehicle Fault,Low-Med,2,63,4417,TRUE
INC-202006-MAN-016-04,2020-06-21T18:26:00Z,Manchester,MAN-016,Bus,Vehicle Fault,Low-Med,2,49,2998,TRUE
INC-202006-LON-019-02,2020-06-23T04:41:00Z,London,LON-019,Bus,Roadworks,Low-Med,2,27,3507,TRUE
INC-202006-MAN-016-01,2020-06-23T06:06:00Z,Manchester,MAN-016,Bus,Roadworks,Low,1,18,919,TRUE
INC-202006-EDI-019-01,2020-06-23T17:09:00Z,Edinburgh,EDI-019,Tram,Vehicle Fault,Low,1,16,579,TRUE
INC-202006-MAN-014-01,2020-06-23T18:06:00Z,Manchester,MAN-014,BikeShare,Dock Empty,Low,1,7,79,TRUE
INC-202006-BRI-012-01,2020-06-24T14:32:00Z,Bristol,BRI-012,BikeShare,Bike Fault,Low,1,9,24,TRUE
INC-202006-BRI-022-01,2020-06-24T18:49:00Z,Bristol,BRI-022,Underground,Station Closure,Medium,3,100,18338,TRUE
INC-202006-BRI-008-01,2020-06-24T21:22:00Z,Bristol,BRI-008,Rail,Track Fault,Medium,3,113,,TRUE
INC-202006-LON-004-01,2020-06-25T02:51:00Z,London,LON-004,Tram,Roadworks,Med-High,4,123,5756,TRUE
INC-202006-EDI-004-05,2020-06-25T19:59:00Z,Edinburgh,EDI-004,bus,Congestion,Low-Med,2,40,1879,TRUE
INC-202006-LON-011-02,2020-06-25T20:52:00Z,London,LON-011,Tram,Vehicle Fault,Medium,3,107,8553,TRUE
INC-202006-LON-019-01,2020-06-25T23:47:00Z,London,LON-019,Bus,Congestion,Medium,3,65,5466,TRUE
INC-202006-EDI-003-01,2020-06-26T00:27:00Z,Edinburgh,EDI-003,Bus,Congestion,Low-Med,2,38,1357,TRUE
INC-202006-BRI-002-01,2020-06-26T04:03:00Z,Bristol,BRI-002,Bus,Congestion,Low-Med,2,55,1956,FALSE
INC-202006-LON-014-04,2020-06-26T05:57:00Z,London,LON-014,Bus,Roadworks,Medium,3,72,6061,TRUE
INC-202006-LON-005-01,2020-06-26T07:51:00Z,London,LON-005,rail,Track Fault,Med-High,4,214,44104,TRUE
INC-202006-LON-002-01,2020-06-26T19:45:00Z,London,LON-002,Bus,Congestion,Low-Med,2,55,3020,TRUE
INC-202006-EDI-004-01,2020-06-27T05:18:00Z,Edinburgh,EDI-004,Bus,Congestion,Low,1,26,1448,TRUE
INC-202006-EDI-004-06,2020-06-27T06:51:00Z,Edinburgh,EDI-004,Bus,Roadworks,Low-Med,2,58,1966,TRUE
INC-202006-BRI-021-02,2020-06-27T14:30:00Z,Bristol,BRI-021,Rail,Rolling Stock,Low-Med,2,25,1728,FALSE
INC-202006-EDI-008-01,2020-06-27T23:51:00Z,Edinburgh,EDI-008,Bus,Congestion,Low,1,20,1063,TRUE
INC-202006-LON-013-03,2020-06-28T09:23:00Z,London,LON-013,Underground,Power Issue,Med-High,4,111,15694,TRUE
INC-202006-LON-008-01,2020-06-28T12:35:00Z,London,LON-008,Bus,Roadworks,Medium,3,70,6624,TRUE
INC-202006-MAN-001-03,2020-06-28T14:10:00Z,Manchester,MAN-001,Bus,Staff Shortage,Medium,3,86,8482,TRUE
INC-202006-EDI-014-01,2020-06-29T02:12:00Z,Edinburgh,EDI-014,Underground,Passenger Incident,Medium,3,79,14948,TRUE
INC-202006-LON-022-03,2020-06-29T08:26:00Z,London,LON-022,Underground,Signal Failure,Med-High,4,137,33298,TRUE
INC-202006-LON-010-01,2020-06-30T01:11:00Z,London,LON-010,BikeShare,Dock Full,Low,1,15,174,TRUE
INC-202006-MAN-011-04,2020-06-30T04:51:00Z,Manchester,MAN-011,Bus,Roadworks,Low-Med,2,,2765,TRUE
INC-202006-MAN-012-01,2020-06-30T09:59:00Z,Manchester,MAN-012,Rail,Signal Failure,Med-High,4,183,29501,TRUE
INC-202006-EDI-010-02,2020-06-30T17:21:00Z,Edinburgh,EDI-010,Bus,Congestion,Low-Med,2,51,2562,TRUE
INC-202006-LON-008-02,2020-06-30T17:57:00Z,London,LON-008,Bus,Vehicle Fault,Medium,3,1760,8145,TRUE
INC-202007-EDI-008-01,2020-07-01T11:57:00Z,Edinburgh,EDI-008,Bus,Staff Shortage,Low-Med,2,48,1516,TRUE
INC-202007-BRI-019-01,2020-07-01T18:36:00Z,Bristol,BRI-019,Rail,Track Fault,Med-High,4,102,18954,TRUE
INC-202007-BRI-011-03,2020-07-02T04:37:00Z,Bristol,BRI-011,Bus,Roadworks,Medium,3,61,2772,TRUE
INC-202007-EDI-006-01,2020-07-02T07:17:00Z,Edinburgh,EDI-006,Underground,Signal Failure,Med-High,4,153,,TRUE
INC-202007-MAN-005-01,2020-07-02T14:11:00Z,Manchester,MAN-005,Tram,Obstruction,Medium,3,117,9847,TRUE
INC-202007-EDI-010-02,2020-07-02T14:58:00Z,Edinburgh,EDI-010,Bus,Staff Shortage,Medium,3,59,3365,FALSE
INC-202007-EDI-022-02,2020-07-03T00:04:00Z,Edinburgh,EDI-022,BikeShare,Bike Fault,Low,1,15,,TRUE
INC-202007-MAN-013-03,2020-07-03T01:02:00Z,Manchester,MAN-013,Underground,Power Issue,Med-High,4,110,25074,TRUE
INC-202007-EDI-004-02,2020-07-03T06:39:00Z,Edinburgh,EDI-004,Bus,Vehicle Fault,Low-Med,2,47,3750,TRUE
INC-202007-EDI-011-01,2020-07-03T07:07:00Z,Edinburgh,EDI-011,Bus,Accident,Low-Med,2,55,5207,TRUE
INC-202007-LON-003-02,2020-07-03T16:51:00Z,london,LON-003,Bus,Vehicle Fault,Low,1,10,908,TRUE
INC-202007-BRI-015-01,2020-07-03T18:48:00Z,Bristol,BRI-015,BikeShare,App Outage,Low,1,19,219,TRUE
INC-202007-MAN-008-03,2020-07-04T00:21:00Z,Manchester,MAN-008,Bus,Congestion,Medium,3,50,6037,FALSE
INC-202007-BRI-007-01,2020-07-04T08:05:00Z,Bristol,BRI-007,Tram,Power Issue,Medium,3,118,8419,TRUE
INC-202007-BRI-013-01,2020-07-05T07:13:00Z,Bristol,BRI-013,Bus,Vehicle Fault,Low,1,26,1335,TRUE
INC-202007-LON-017-02,2020-07-05T12:25:00Z,London,LON-017,Bus,Congestion,Low-Med,2,54,2024,TRUE
INC-202007-BRI-013-02,2020-07-06T08:01:00Z,Bristol,BRI-013,Bus,Congestion,Low,1,21,1149,TRUE
INC-202007-LON-007-01,2020-07-07T09:25:00Z,London,LON-007,Tram,Vehicle Fault,Low-Med,2,51,1262,TRUE
INC-202007-BRI-018-01,2020-07-07T10:16:00Z,Bristol,BRI-018,Bus,Vehicle Fault,Medium,3,78,6934,TRUE
INC-202007-LON-019-01,2020-07-08T12:22:00Z,London,LON-019,Bus,Congestion,Medium,3,113,9859,TRUE
INC-202007-LON-018-01,2020-07-08T14:36:00Z,London,LON-018,Bus,Staff Shortage,Medium,3,87,8877,TRUE
INC-202007-BRI-009-01,2020-07-08T21:49:00Z,Bristol,BRI-009,Tram,Obstruction,Low,1,,,TRUE
INC-202007-EDI-005-01,2020-07-09T01:51:00Z,Edinburgh,EDI-005,Underground,Signal Failure,Medium,3,76,25761,TRUE
INC-202007-EDI-003-02,2020-07-09T07:47:00Z,Edinburgh,EDI-003,Bus,Congestion,Low-Med,2,14,478,TRUE
INC-202007-BRI-001-01,2020-07-09T07:59:00Z,Bristol,BRI-001,Bus,Roadworks,Low-Med,2,37,1310,TRUE
INC-202007-EDI-017-01,2020-07-09T17:58:00Z,Edinburgh,EDI-017,Underground,Passenger Incident,Medium,3,84,12013,TRUE
INC-202007-MAN-017-01,2020-07-09T18:15:00Z,Manchester,MAN-017,Underground,Passenger Incident,High,5,163,57728,TRUE
INC-202007-LON-010-03,2020-07-11T05:14:00Z,London,LON-010,BikeShare,Dock Full,Low,1,11,138,TRUE
INC-202007-MAN-020-01,2020-07-11T09:43:00Z,Manchester,MAN-020,Bus,Roadworks,Medium,3,112,8616,TRUE
INC-202007-MAN-013-01,2020-07-11T17:03:00Z,Manchester,MAN-013,Underground,Station Closure,Med-High,4,2680,106642,TRUE
INC-202007-MAN-011-01,2020-07-11T21:41:00Z,Manchester,MAN-011,Bus,Congestion,Low,1,15,1134,TRUE
INC-202007-EDI-003-01,2020-07-12T13:13:00Z,EDI,EDI-003,Bus,Roadworks,Low,1,12,893,TRUE
INC-202007-LON-003-01,2020-07-13T09:10:00Z,London,LON-003,Bus,Accident,Low-Med,2,48,5213,TRUE
INC-202007-LON-020-02,2020-07-13T17:46:00Z,London,LON-020,Bus,Vehicle Fault,Medium,3,79,9230,TRUE
INC-202007-MAN-008-01,2020-07-13T18:06:00Z,Manchester,MAN-008,Bus,Congestion,Med-High,4,205,20640,TRUE
INC-202007-EDI-015-02,2020-07-13T23:22:00Z,Edinburgh,EDI-015,Bus,Roadworks,Medium,3,57,5112,TRUE
INC-202007-EDI-004-01,2020-07-14T01:15:00Z,Edinburgh,EDI-004,Bus,Roadworks,Med-High,4,126,6459,TRUE
INC-202007-EDI-010-06,2020-07-14T03:59:00Z,Edinburgh,EDI-010,Bus,Vehicle Fault,Medium,3,,11272,TRUE
INC-202007-LON-022-01,2020-07-14T09:37:00Z,London,LON-022,Underground,Station Closure,Med-High,4,98,42607,TRUE
INC-202007-MAN-018-01,2020-07-14T11:51:00Z,Manchester,MAN-018,BikeShare,Bike Fault,Low,1,5,30,TRUE
INC-202007-LON-009-01,2020-07-15T13:58:00Z,London,LON-009,Rail,Signal Failure,Medium,3,120,34551,TRUE
INC-202007-MAN-008-02,2020-07-16T03:04:00Z,Manchester,MAN-008,Bus,Vehicle Fault,Medium,3,53,5764,TRUE
INC-202007-EDI-017-02,2020-07-16T20:41:00Z,Edinburgh,EDI-017,Underground,Power Issue,High,5,154,38218,TRUE
INC-202007-BRI-007-02,2020-07-16T22:14:00Z,Bristol,BRI-007,Tram,Roadworks,Med-High,4,198,10509,TRUE
INC-202007-EDI-010-07,2020-07-17T05:16:00Z,Edinburgh,EDI-010,Bus,Congestion,Low-Med,2,29,1335,TRUE
INC-202007-LON-009-02,2020-07-17T17:04:00Z,London,LON-009,rail,Rolling Stock,Med-High,4,106,14958,TRUE
INC-202007-EDI-014-01,2020-07-17T17:27:00Z,Edinburgh,EDI-014,Underground,Signal Failure,Medium,3,77,27199,TRUE
INC-202007-EDI-022-03,2020-07-17T17:28:00Z,Edinburgh,EDI-022,BikeShare,App Outage,Low,1,5,32,TRUE
INC-202007-EDI-014-02,2020-07-17T18:12:00Z,Edinburgh,EDI-014,Underground,Signal Failure,Medium,3,121,19960,TRUE
INC-202007-MAN-013-02,2020-07-18T07:39:00Z,Manchester,MAN-013,Underground,Signal Failure,Med-High,4,195,83242,TRUE
INC-202007-LON-017-01,2020-07-18T12:19:00Z,London,LON-017,Bus,Vehicle Fault,Medium,3,118,9334,TRUE
INC-202007-LON-008-01,2020-07-18T18:29:00Z,London,LON-008,Bus,Vehicle Fault,Low-Med,2,32,3965,TRUE
INC-202007-EDI-010-05,2020-07-18T18:30:00Z,Edinburgh,EDI-010,Bus,Congestion,Low-Med,2,45,3864,TRUE
INC-202007-LON-015-01,2020-07-19T02:40:00Z,London,LON-015,Rail,Rolling Stock,Med-High,4,111,21760,TRUE
INC-202007-EDI-010-04,2020-07-19T19:19:00Z,Edinburgh,EDI-010,Bus,Congestion,Low-Med,2,35,1468,TRUE
INC-202007-EDI-015-03,2020-07-20T00:52:00Z,Edinburgh,EDI-015,Bus,Roadworks,Low-Med,2,,4351,TRUE
INC-202007-MAN-016-01,2020-07-20T03:23:00Z,Manchester,MAN-016,Bus,Vehicle Fault,Low,1,22,1909,TRUE
INC-202007-EDI-015-04,2020-07-20T07:18:00Z,Edinburgh,EDI-015,Bus,Vehicle Fault,Low-Med,2,28,3688,FALSE
INC-202007-BRI-020-01,2020-07-20T17:55:00Z,Bristol,BRI-020,Rail,Signal Failure,Medium,3,90,12404,TRUE
INC-202007-BRI-021-01,2020-07-20T18:46:00Z,Bristol,BRI-021,Rail,Signal Failure,Medium,3,67,6806,TRUE
INC-202007-EDI-010-03,2020-07-20T19:11:00Z,Edinburgh,EDI-010,Bus,Congestion,Medium,3,114,6235,TRUE
INC-202007-MAN-004-02,2020-07-21T02:55:00Z,Manchester,MAN-004,Bus,Vehicle Fault,Low,1,9,,TRUE
INC-202007-BRI-011-01,2020-07-21T17:29:00Z,Bristol,BRI-011,Bus,Congestion,Low,1,24,803,TRUE
INC-202007-BRI-014-01,2020-07-22T17:40:00Z,Bristol,BRI-014,Bus,Congestion,Medium,3,48,4084,TRUE
INC-202007-MAN-011-02,2020-07-22T17:44:00Z,Manchester,MAN-011,Bus,Congestion,LOW-MED,2,42,2459,TRUE
INC-202007-MAN-021-01,2020-07-23T07:12:00Z,Manchester,MAN-021,Rail,Rolling Stock,Med-High,4,102,17561,TRUE
INC-202007-EDI-012-01,2020-07-23T11:50:00Z,Edinburgh,EDI-012,Underground,Passenger Incident,Medium,3,126,36109,TRUE
INC-202007-BRI-019-02,2020-07-24T00:16:00Z,Bristol,BRI-019,Rail,Signal Failure,Medium,3,132,17817,TRUE
INC-202007-EDI-022-01,2020-07-24T01:41:00Z,Edinburgh,EDI-022,BikeShare,Vandalism,Low,1,15,163,TRUE
INC-202007-MAN-018-03,2020-07-24T05:28:00Z,Manchester,MAN-018,BikeShare,App Outage,LOW,1,11,84,TRUE
INC-202007-BRI-011-02,2020-07-24T06:40:00Z,Bristol,BRI-011,Bus,Congestion,Low,1,11,497,TRUE
INC-202007-BRI-006-01,2020-07-24T11:47:00Z,Bristol,BRI-006,Bus,Congestion,Medium,3,57,4919,TRUE
INC-202007-LON-018-02,2020-07-24T22:07:00Z,London,LON-018,Bus,Accident,Medium,3,106,6318,TRUE
INC-202007-BRI-005-01,2020-07-26T01:48:00Z,Bristol,BRI-005,Bus,Vehicle Fault,Low,1,5,270,FALSE
INC-202007-EDI-015-01,2020-07-26T07:36:00Z,Edinburgh,EDI-015,Bus,Congestion,Low-Med,2,31,3857,TRUE
INC-202007-LON-004-01,2020-07-26T09:37:00Z,London,LON-004,Tram,Vehicle Fault,Low-Med,2,62,3630,TRUE
INC-202007-MAN-018-02,2020-07-26T16:07:00Z,Manchester,MAN-018,bikeshare,Dock Full,Low,1,14,199,TRUE
INC-202007-MAN-020-02,2020-07-26T16:12:00Z,Manchester,MAN-020,Bus,Roadworks,Low-Med,2,40,3243,TRUE
INC-202007-MAN-004-01,2020-07-26T16:20:00Z,Manchester,MAN-004,Bus,Staff Shortage,Low-Med,2,47,1865,TRUE
INC-202007-LON-002-02,2020-07-26T17:13:00Z,London,LON-002,Bus,Staff Shortage,Medium,3,97,16116,TRUE
INC-202007-BRI-017-02,2020-07-27T05:41:00Z,Bristol,BRI-017,Bus,Congestion,Medium,3,780,3293,TRUE
INC-202007-MAN-013-04,2020-07-27T17:34:00Z,Manchester,MAN-013,Underground,Passenger Incident,Medium,3,94,20182,TRUE
INC-202007-EDI-002-01,2020-07-28T01:26:00Z,Edinburgh,EDI-002,Bus,,Low-Med,2,33,1759,TRUE
INC-202007-MAN-011-03,2020-07-28T07:49:00Z,Manchester,MAN-011,Bus,Staff Shortage,Low,1,9,443,TRUE
INC-202007-LON-010-01,2020-07-28T12:03:00Z,London,LON-010,BikeShare,,Low,1,10,170,TRUE
INC-202007-LON-002-01,2020-07-28T23:43:00Z,London,LON-002,Bus,Vehicle Fault,Low-Med,2,40,3458,TRUE
INC-202007-EDI-010-01,2020-07-29T16:37:00Z,Edinburgh,EDI-010,Bus,Roadworks,Low-Med,2,38,2150,TRUE
INC-202007-LON-021-01,2020-07-29T22:13:00Z,London,LON-021,Bus,Congestion,Medium,3,79,8704,TRUE
INC-202007-LON-010-02,2020-07-30T05:53:00Z,London,LON-010,BikeShare,Vandalism,Low,1,17,374,TRUE
INC-202007-MAN-008-04,2020-07-30T20:53:00Z,Manchester,MAN-008,bus,Congestion,Low-Med,2,18,1564,TRUE
INC-202007-BRI-017-01,2020-07-30T23:13:00Z,Bristol,BRI-017,Bus,Accident,MEDIUM,3,107,2286,TRUE
INC-202007-EDI-005-02,2020-07-31T16:16:00Z,Edinburgh,EDI-005,Underground,Signal Failure,Medium,3,50,16143,TRUE
INC-202007-LON-020-01,2020-07-31T18:13:00Z,London,LON-020,Bus,Roadworks,Medium,3,116,6445,TRUE
INC-202008-MAN-018-01,2020-08-01T20:47:00Z,Manchester,MAN-018,BikeShare,Dock Full,Low,1,14,84,TRUE
INC-202008-EDI-009-03,2020-08-02T10:18:00Z,EDI,EDI-009,Bus,Staff Shortage,Low,1,8,555,TRUE
INC-202008-BRI-004-01,2020-08-03T11:03:00Z,Bristol,BRI-004,Underground,Signal Failure,High,5,159,35763,TRUE
INC-202008-BRI-010-03,2020-08-04T05:25:00Z,Bristol,BRI-010,BikeShare,Dock Full,Low,1,8,69,TRUE
INC-202008-LON-022-01,2020-08-04T17:38:00Z,London,LON-022,Underground,Signal Failure,Medium,3,55,11202,TRUE
INC-202008-LON-006-03,2020-08-05T01:15:00Z,London,LON-006,BikeShare,Dock Empty,Low,1,13,178,TRUE
INC-202008-LON-022-02,2020-08-05T07:29:00Z,London,LON-022,Underground,Signal Failure,Med-High,4,184,62674,TRUE
INC-202008-LON-016-03,2020-08-05T08:44:00Z,London,LON-016,Rail,Rolling Stock,Med-High,4,98,38980,TRUE
INC-202008-MAN-011-02,2020-08-06T18:03:00Z,Manchester,MAN-011,Bus,Congestion,Medium,3,96,5659,TRUE
INC-202008-MAN-009-01,2020-08-06T19:08:00Z,Manchester,MAN-009,Underground,Power Issue,Low-Med,2,69,34549,TRUE
INC-202008-LON-019-05,2020-08-06T19:32:00Z,London,LON-019,bus,Congestion,Low-Med,2,36,3738,TRUE
INC-202008-EDI-017-01,2020-08-07T00:54:00Z,Edinburgh,EDI-017,Underground,Signal Failure,Med-High,4,175,72452,TRUE
INC-202008-MAN-005-01,2020-08-07T04:49:00Z,Manchester,MAN-005,Tram,Obstruction,Low-Med,2,46,1152,TRUE
INC-202008-EDI-002-01,2020-08-07T05:04:00Z,Edinburgh,EDI-002,Bus,Congestion,Medium,3,75,3923,TRUE
INC-202008-MAN-008-01,2020-08-07T07:39:00Z,Manchester,MAN-008,Bus,Roadworks,Low,1,14,913,TRUE
INC-202008-LON-020-01,2020-08-08T11:15:00Z,London,LON-020,Bus,Accident,Medium,3,59,4159,TRUE
INC-202008-LON-002-01,2020-08-09T09:09:00Z,London,LON-002,Bus,Roadworks,Med-High,4,201,20694,TRUE
INC-202008-LON-008-01,2020-08-09T16:12:00Z,London,LON-008,Bus,Roadworks,Low-Med,2,21,1284,TRUE
INC-202008-EDI-009-04,2020-08-09T18:03:00Z,Edinburgh,EDI-009,Bus,Congestion,Low,1,13,536,TRUE
INC-202008-BRI-001-01,2020-08-10T11:44:00Z,Bristol,BRI-001,Bus,Vehicle Fault,Low-Med,2,27,1923,FALSE
INC-202008-MAN-012-01,2020-08-10T13:34:00Z,Manchester,MAN-012,Rail,Track Fault,Low-Med,2,53,8059,TRUE
INC-202008-MAN-007-01,2020-08-10T17:48:00Z,Manchester,MAN-007,Tram,Roadworks,Low,1,10,336,TRUE
INC-202008-BRI-022-01,2020-08-10T21:02:00Z,Bristol,BRI-022,Underground,Power Issue,Medium,3,79,18811,TRUE
INC-202008-BRI-014-02,2020-08-11T08:34:00Z,Bristol,BRI-014,Bus,Congestion,Low,1,6,477,TRUE
INC-202008-MAN-011-01,2020-08-11T17:25:00Z,Manchester,MAN-011,Bus,Vehicle Fault,Low-Med,2,48,1833,TRUE
INC-202008-LON-006-01,2020-08-11T19:16:00Z,London,LON-006,BikeShare,Bike Fault,Low,1,15,350,TRUE
INC-202008-LON-004-02,2020-08-12T00:08:00Z,London,LON-004,Tram,Vehicle Fault,Low,1,15,734,TRUE
INC-202008-BRI-008-02,2020-08-12T07:53:00Z,Bristol,BRI-008,Rail,Rolling Stock,High,5,271,34959,TRUE
INC-202008-LON-002-02,2020-08-12T08:09:00Z,London,LON-002,Bus,Congestion,Med-High,4,177,28647,TRUE
INC-202008-MAN-020-01,2020-08-12T08:27:00Z,Manchester,MAN-020,Bus,Vehicle Fault,Medium,3,84,8201,TRUE
INC-202008-LON-017-02,2020-08-12T10:17:00Z,London,LON-017,Bus,Roadworks,Low,1,16,968,TRUE
INC-202008-EDI-014-01,2020-08-12T12:12:00Z,Edinburgh,EDI-014,Underground,Signal Failure,Med-High,4,145,39582,TRUE
INC-202008-LON-016-05,2020-08-12T16:30:00Z,London,LON-016,Rail,Rolling Stock,High,5,268,475808,TRUE
INC-202008-BRI-005-03,2020-08-12T18:56:00Z,Bristol,BRI-005,Bus,Accident,Low,1,28,1652,TRUE
INC-202008-LON-019-02,2020-08-12T19:13:00Z,London,LON-019,Bus,Staff Shortage,Medium,3,88,,TRUE
INC-202008-EDI-009-05,2020-08-13T07:26:00Z,Edinburgh,EDI-009,Bus,Congestion,Low-Med,2,,2324,TRUE
INC-202008-MAN-005-02,2020-08-13T09:12:00Z,MAN,MAN-005,Tram,Obstruction,Low,1,15,441,TRUE
INC-202008-LON-004-03,2020-08-14T09:34:00Z,London,LON-004,Tram,Power Issue,Low,1,10,422,TRUE
INC-202008-LON-019-04,2020-08-14T16:12:00Z,London,LON-019,Bus,Vehicle Fault,Low-Med,2,20,854,TRUE
INC-202008-BRI-013-01,2020-08-14T19:02:00Z,Bristol,BRI-013,Bus,Staff Shortage,Medium,3,103,4504,TRUE
INC-202008-LON-009-02,2020-08-15T03:46:00Z,London,LON-009,Rail,Rolling Stock,Med-High,4,128,16399,TRUE
INC-202008-EDI-009-01,2020-08-15T04:54:00Z,Edinburgh,EDI-009,Bus,Congestion,Low,1,10,580,FALSE
INC-202008-MAN-015-01,2020-08-15T06:27:00Z,Manchester,MAN-015,Bus,Congestion,Medium,3,59,5891,TRUE
INC-202008-MAN-019-01,2020-08-15T15:49:00Z,Manchester,MAN-019,Underground,Power Issue,Medium,3,89,21199,TRUE
INC-202008-EDI-006-01,2020-08-16T00:00:00Z,Edinburgh,EDI-006,underground,Power Issue,Med-High,4,96,27552,TRUE
INC-202008-EDI-020-02,2020-08-16T17:16:00Z,Edinburgh,EDI-020,Rail,Weather,Med-High,4,129,,TRUE
INC-202008-EDI-004-01,2020-08-17T06:34:00Z,Edinburgh,EDI-004,Bus,Vehicle Fault,Low,1,17,1518,TRUE
INC-202008-LON-017-01,2020-08-17T18:32:00Z,London,LON-017,Bus,Congestion,Low-Med,2,29,2674,TRUE
INC-202008-LON-003-01,2020-08-18T04:08:00Z,London,LON-003,Bus,Vehicle Fault,Med-High,4,142,10196,TRUE
INC-202008-BRI-008-01,2020-08-18T06:46:00Z,Bristol,BRI-008,Rail,Track Fault,Medium,3,70,81616,TRUE
INC-202008-MAN-013-02,2020-08-18T07:58:00Z,Manchester,MAN-013,Underground,Station Closure,High,5,303,68802,FALSE
INC-202008-BRI-014-01,2020-08-18T11:05:00Z,Bristol,BRI-014,Bus,Roadworks,Low,1,7,1870,TRUE
INC-202008-LON-019-01,2020-08-18T17:13:00Z,London,LON-019,Bus,Congestion,Medium,3,82,3473,TRUE
INC-202008-MAN-015-03,2020-08-18T23:13:00Z,Manchester,MAN-015,Bus,Congestion,Low-Med,2,26,6725,TRUE
INC-202008-MAN-016-02,2020-08-19T09:41:00Z,Manchester,MAN-016,Bus,Vehicle Fault,Low-Med,2,54,3917,FALSE
INC-202008-MAN-016-02,2020-08-19T09:46:00Z,Manchester,MAN-016,Bus,Vehicle Fault,Low-Med,2,54,3917,FALSE
INC-202008-LON-016-02,2020-08-19T15:01:00Z,London,LON-016,Rail,Signal Failure,Medium,3,93,35736,TRUE
INC-202008-MAN-017-01,2020-08-21T09:45:00Z,Manchester,MAN-017,Underground,Passenger Incident,High,5,206,69927,FALSE
INC-202008-LON-013-01,2020-08-21T17:13:00Z,London,LON-013,Underground,Power Issue,Medium,3,122,188825,TRUE
INC-202008-BRI-016-01,2020-08-21T19:33:00Z,Bristol,BRI-016,Rail,Rolling Stock,Medium,3,74,6339,FALSE
INC-202008-LON-008-03,2020-08-22T01:14:00Z,London,LON-008,Bus,Roadworks,MED-HIGH,4,175,24930,TRUE
INC-202008-BRI-001-02,2020-08-22T08:58:00Z,Bristol,BRI-001,Bus,Accident,Medium,3,118,9268,TRUE
INC-202008-LON-012-01,2020-08-22T12:23:00Z,London,LON-012,Bus,Vehicle Fault,Low,1,23,1354,TRUE
INC-202008-LON-018-01,2020-08-22T19:22:00Z,London,LON-018,Bus,Congestion,Medium,3,80,8281,TRUE
INC-202008-MAN-016-01,2020-08-22T19:26:00Z,Manchester,MAN-016,Bus,Roadworks,Medium,3,94,10744,FALSE
INC-202008-EDI-009-02,2020-08-22T20:46:00Z,Edinburgh,EDI-009,Bus,Congestion,Low-Med,2,43,2086,FALSE
INC-202008-MAN-001-01,2020-08-23T00:49:00Z,Manchester,MAN-001,Bus,Staff Shortage,Low,1,6,275,TRUE
INC-202008-BRI-005-01,2020-08-23T16:15:00Z,Bristol,BRI-005,bus,Accident,Low-Med,2,44,3065,TRUE
INC-202008-BRI-018-01,2020-08-23T17:08:00Z,Bristol,BRI-018,Bus,Accident,Low-Med,2,47,2853,TRUE
INC-202008-LON-009-01,2020-08-24T07:08:00Z,London,LON-009,Rail,Signal Failure,Medium,3,119,16564,FALSE
INC-202008-BRI-005-02,2020-08-24T09:03:00Z,Bristol,BRI-005,Bus,Accident,Low-Med,2,48,3345,TRUE
INC-202008-BRI-010-01,2020-08-24T22:22:00Z,Bristol,BRI-010,BikeShare,Bike Fault,Low,1,17,107,TRUE
INC-202008-LON-004-01,2020-08-25T01:58:00Z,London,LON-004,Tram,Roadworks,Medium,3,114,12249,FALSE
INC-202008-LON-008-04,2020-08-25T04:43:00Z,London,LON-008,Bus,Roadworks,Med-High,4,94,13201,FALSE
INC-202008-LON-019-03,2020-08-25T07:19:00Z,London,LON-019,bus,Roadworks,Low-Med,2,29,1288,TRUE
INC-202008-BRI-010-02,2020-08-25T15:41:00Z,Bristol,BRI-010,BikeShare,Vandalism,Low,1,13,124,TRUE
INC-202008-LON-008-02,2020-08-25T17:46:00Z,London,LON-008,Bus,Congestion,Med-High,4,193,23425,TRUE
INC-202008-EDI-020-01,2020-08-26T17:20:00Z,Edinburgh,EDI-020,Rail,Signal Failure,Med-High,4,88,10495,TRUE
INC-202008-EDI-013-01,2020-08-28T14:51:00Z,Edinburgh,EDI-013,Rail,Weather,Medium,3,67,4211,FALSE
INC-202008-EDI-013-01,2020-08-28T14:51:00Z,Edinburgh,EDI-013,Rail,Weather,Medium,3,67,4211,FALSE
INC-202008-LON-016-04,2020-08-28T17:05:00Z,London,LON-016,rail,Signal Failure,Medium,3,76,26507,TRUE
INC-202008-LON-016-01,2020-08-29T07:08:00Z,London,LON-016,Rail,Rolling Stock,Medium,3,68,26549,TRUE
INC-202008-MAN-013-03,2020-08-29T09:40:00Z,Manchester,MAN-013,Underground,Signal Failure,Low-Med,2,49,10975,TRUE
INC-202008-BRI-003-01,2020-08-29T20:15:00Z,Bristol,BRI-003,Rail,Signal Failure,Med-High,4,127,9598,TRUE
INC-202008-MAN-015-02,2020-08-30T06:49:00Z,Manchester,MAN-015,Bus,Accident,Medium,3,126,6449,TRUE
INC-202008-MAN-009-02,2020-08-30T14:34:00Z,Manchester,MAN-009,Underground,Signal Failure,Low-Med,2,55,8011,TRUE
INC-202008-LON-006-02,2020-08-30T14:42:00Z,London,LON-006,BikeShare,Dock Empty,Low,1,5,60,TRUE
INC-202008-MAN-021-01,2020-08-30T15:57:00Z,Manchester,MAN-021,Rail,Rolling Stock,Medium,3,74,10643,FALSE
INC-202008-MAN-020-02,2020-08-30T21:31:00Z,Manchester,MAN-020,Bus,Congestion,Medium,3,101,8515,TRUE
INC-202008-BRI-007-01,2020-08-31T09:41:00Z,Bristol,BRI-007,Tram,Obstruction,Low-Med,2,38,851,TRUE
INC-202008-MAN-013-01,2020-08-31T18:43:00Z,Manchester,MAN-013,Underground,Signal Failure,High,5,260,36648,TRUE
INC-202009-EDI-008-01,2020-09-01T00:18:00Z,Edinburgh,EDI-008,Bus,Staff Shortage,Low-Med,2,42,2912,TRUE
INC-202009-BRI-004-01,2020-09-01T01:22:00Z,Bristol,BRI-004,Underground,Power Issue,Med-High,4,132,43568,TRUE
INC-202009-EDI-016-01,2020-09-01T06:08:00Z,Edinburgh,EDI-016,BikeShare,Vandalism,Low,1,13,119,TRUE
INC-202009-MAN-019-03,2020-09-01T17:15:00Z,Manchester,MAN-019,Underground,Station Closure,Low-Med,2,60,8063,TRUE
INC-202009-MAN-010-01,2020-09-01T17:23:00Z,Manchester,MAN-010,Rail,Rolling Stock,Medium,3,38,2770,TRUE
INC-202009-LON-012-02,2020-09-02T18:29:00Z,london,LON-012,Bus,Vehicle Fault,Medium,3,53,8243,TRUE
INC-202009-BRI-005-01,2020-09-03T01:00:00Z,Bristol,BRI-005,Bus,Vehicle Fault,Low,1,6,307,TRUE
INC-202009-MAN-013-04,2020-09-03T04:22:00Z,Manchester,MAN-013,Underground,Signal Failure,Medium,3,100,25443,TRUE
INC-202009-MAN-015-01,2020-09-03T17:03:00Z,Manchester,MAN-015,Bus,Vehicle Fault,Medium,3,94,5437,TRUE
INC-202009-MAN-013-03,2020-09-03T18:28:00Z,Manchester,MAN-013,Underground,Signal Failure,Med-High,4,177,36912,TRUE
INC-202009-MAN-009-01,2020-09-04T07:19:00Z,Manchester,MAN-009,Underground,Passenger Incident,Med-High,4,208,43524,TRUE
INC-202111-LON-022-01,2020-09-04T19:58:00Z,London,LON-007,Tram,Vehicle Fault,Low,1,22,839,FALSE
INC-202009-LON-013-03,2020-09-06T07:58:00Z,London,LON-013,Underground,Signal Failure,Medium,3,79,20039,TRUE
INC-202009-LON-015-02,2020-09-06T14:39:00Z,London,LON-015,Rail,Track Fault,Medium,3,120,19013,FALSE
INC-202009-LON-001-03,2020-09-06T14:45:00Z,London,LON-001,Bus,Accident,Medium,3,72,5296,TRUE
INC-202009-LON-017-02,2020-09-07T03:41:00Z,London,LON-017,Bus,Congestion,Medium,3,104,6390,TRUE
INC-202009-MAN-016-02,2020-09-07T04:56:00Z,Manchester,MAN-016,Bus,Congestion,Med-High,4,200,19454,TRUE
INC-202009-MAN-010-03,2020-09-07T19:37:00Z,Manchester,MAN-010,Rail,Signal Failure,High,5,162,30472,TRUE
INC-202009-LON-001-04,2020-09-08T04:06:00Z,London,LON-001,Bus,Congestion,Medium,3,60,6385,TRUE
INC-202009-EDI-012-04,2020-09-08T08:12:00Z,Edinburgh,EDI-012,Underground,Power Issue,Medium,3,68,12147,FALSE
INC-202009-LON-015-01,2020-09-08T08:45:00Z,London,LON-015,Rail,Signal Failure,Medium,3,66,9051,TRUE
INC-202009-LON-008-01,2020-09-08T13:33:00Z,London,LON-008,Bus,Congestion,Low-Med,2,40,2256,TRUE
INC-202009-MAN-009-02,2020-09-09T06:15:00Z,Manchester,MAN-009,underground,Power Issue,Med-High,4,126,22000,TRUE
INC-202009-LON-009-01,2020-09-09T17:17:00Z,London,LON-009,Rail,Track Fault,High,5,309,54632,TRUE
INC-202009-BRI-021-01,2020-09-10T05:31:00Z,Bristol,BRI-021,Rail,Signal Failure,Low-Med,2,40,3660,TRUE
INC-202009-LON-009-02,2020-09-10T16:24:00Z,london,LON-009,Rail,Track Fault,Med-High,4,96,13077,TRUE
INC-202009-MAN-006-01,2020-09-11T03:42:00Z,Manchester,MAN-006,Tram,Power Issue,Low-Med,2,23,476,TRUE
INC-202106-BRI-019-03,2020-09-11T07:19:00Z,Edinburgh,EDI-006,Underground,Signal Failure,Med-High,4,99,37198,TRUE
INC-202009-LON-002-01,2020-09-11T08:59:00Z,London,LON-002,Bus,Staff Shortage,Low-Med,2,54,2054,TRUE
INC-202009-MAN-001-01,2020-09-11T11:17:00Z,Manchester,MAN-001,Bus,Roadworks,Med-High,4,175,17921,TRUE
INC-202009-EDI-012-02,2020-09-11T14:38:00Z,Edinburgh,EDI-012,Underground,Signal Failure,Medium,3,119,17044,TRUE
INC-202009-BRI-010-02,2020-09-12T02:43:00Z,Bristol,BRI-010,BikeShare,Dock Empty,Low,1,13,114,TRUE
INC-202401-LON-020-04,2020-09-12T05:38:00Z,London,LON-016,Rail,Track Fault,Low-Med,2,28,5623,TRUE
INC-202009-LON-013-01,2020-09-12T08:29:00Z,London,LON-013,Underground,Signal Failure,Med High,4,103,38471,TRUE
INC-202009-EDI-009-01,2020-09-12T12:44:00Z,Edinburgh,EDI-009,Bus,Congestion,Low,1,8,354,TRUE
INC-202009-EDI-001-01,2020-09-12T16:49:00Z,Edinburgh,EDI-001,Underground,Signal Failure,Medium,3,121,14360,FALSE
INC-202009-MAN-013-01,2020-09-12T19:04:00Z,Manchester,MAN-013,Underground,Signal Failure,Low-Med,2,46,8393,TRUE
INC-202009-BRI-004-02,2020-09-12T23:25:00Z,Bristol,BRI-004,Underground,Signal Failure,Med-High,4,143,54314,TRUE
INC-202009-MAN-018-01,2020-09-13T00:15:00Z,Manchester,MAN-018,BikeShare,Dock Empty,Low,1,12,116,TRUE
INC-202009-LON-014-01,2020-09-13T00:18:00Z,London,LON-014,Bus,Staff Shortage,Low-Med,2,40,3849,TRUE
INC-202009-EDI-014-01,2020-09-13T06:12:00Z,Edinburgh,EDI-014,Underground,Signal Failure,Med-High,4,136,28045,FALSE
INC-202004-EDI-006-03,2020-09-13T19:39:00Z,Edinburgh,EDI-004,Bus,Staff Shortage,Low-Med,2,27,1977,TRUE
INC-202009-EDI-018-02,2020-09-13T21:47:00Z,Edinburgh,EDI-018,Rail,Signal Failure,Medium,3,109,13914,TRUE
INC-202009-EDI-018-02,2020-09-13T21:49:00Z,Edinburgh,EDI-018,Rail,Signal Failure,Medium,3,109,13914,TRUE
INC-202009-LON-014-03,2020-09-13T23:25:00Z,London,LON-014,Bus,Vehicle Fault,Low-Med,2,54,4509,TRUE
INC-202009-LON-013-02,2020-09-14T01:16:00Z,London,LON-013,Underground,Power Issue,High,5,259,53595,TRUE
INC-202009-LON-006-01,2020-09-14T08:39:00Z,LDN,LON-006,BikeShare,Vandalism,Medium,3,93,1347,TRUE
INC-202009-MAN-019-04,2020-09-15T07:05:00Z,Manchester,MAN-019,Underground,Passenger Incident,Med-High,4,187,42601,FALSE
INC-202009-LON-016-03,2020-09-15T08:09:00Z,London,LON-016,Rail,Track Fault,Med-High,4,,25083,TRUE
INC-202009-BRI-005-02,2020-09-15T09:03:00Z,Bristol,BRI-005,Bus,Congestion,Low-Med,2,38,2318,TRUE
INC-202009-BRI-010-01,2020-09-15T16:27:00Z,Bristol,BRI-010,BikeShare,Bike Fault,Low,1,14,100,TRUE
INC-202009-LON-021-01,2020-09-15T19:29:00Z,london,LON-021,Bus,Vehicle Fault,Low-Med,2,26,2334,TRUE
INC-202009-LON-017-01,2020-09-16T03:20:00Z,London,LON-017,Bus,Accident,Low-Med,2,39,5250,TRUE
INC-202009-LON-016-01,2020-09-17T07:12:00Z,London,LON-016,Rail,Rolling Stock,Medium,3,126,18263,TRUE
INC-202009-LON-018-01,2020-09-17T08:12:00Z,London,LON-018,Bus,Roadworks,Low-Med,2,25,1448,TRUE
INC-202009-LON-001-02,2020-09-17T17:03:00Z,LDN,LON-001,bus,Congestion,Medium,3,51,5333,TRUE
INC-202009-EDI-012-01,2020-09-18T19:11:00Z,Edinburgh,EDI-012,Underground,Power Issue,Med High,4,135,19561,TRUE
INC-202009-EDI-006-01,2020-09-18T20:15:00Z,Edinburgh,EDI-006,Underground,Signal Failure,High,5,309,164704,TRUE
INC-202009-MAN-013-02,2020-09-18T23:11:00Z,Manchester,MAN-013,Underground,Signal Failure,Medium,3,78,15453,TRUE
INC-202009-MAN-019-05,2020-09-19T08:33:00Z,Manchester,MAN-019,Underground,Signal Failure,Medium,3,63,10907,TRUE
INC-202009-LON-021-02,2020-09-19T08:48:00Z,London,LON-021,Bus,Vehicle Fault,Low,1,23,2316,TRUE
INC-202009-LON-001-01,2020-09-19T18:40:00Z,London,LON-001,Bus,Congestion,Medium,3,70,4723,TRUE
INC-202009-BRI-008-01,2020-09-20T08:40:00Z,Bristol,BRI-008,Rail,Signal Failure,Low-Med,2,64,7718,TRUE
INC-202009-LON-019-02,2020-09-20T10:31:00Z,London,LON-019,Bus,Congestion,Med-High,4,213,13439,TRUE
INC-202209-LON-001-01,2020-09-22T08:21:00Z,London,LON-011,Tram,Vehicle Fault,Low,1,14,861,TRUE
INC-202009-MAN-016-01,2020-09-22T19:40:00Z,MAN,MAN-016,Bus,Congestion,Low-Med,2,39,3925,TRUE
INC-202009-LON-017-03,2020-09-23T07:02:00Z,London,LON-017,Bus,Roadworks,Low-Med,2,52,4223,TRUE
INC-202009-LON-014-02,2020-09-23T07:40:00Z,London,LON-014,Bus,Staff Shortage,Low-Med,2,44,3436,TRUE
INC-202009-MAN-010-02,2020-09-24T08:06:00Z,Manchester,MAN-010,Rail,Signal Failure,Low-Med,2,30,3298,FALSE
INC-202009-MAN-019-02,2020-09-24T08:06:00Z,Manchester,MAN-019,Underground,Signal Failure,Medium,3,123,43290,TRUE
INC-202009-MAN-020-01,2020-09-24T10:03:00Z,Manchester,MAN-020,Bus,Staff Shortage,Low-Med,2,58,1878,TRUE
INC-202009-LON-012-01,2020-09-24T10:20:00Z,London,LON-012,Bus,Congestion,Med High,4,208,30327,TRUE
INC-202009-MAN-009-03,2020-09-24T15:24:00Z,Manchester,MAN-009,Underground,Signal Failure,Med-High,4,142,56228,FALSE
INC-202009-BRI-021-02,2020-09-24T17:53:00Z,Bristol,BRI-021,Rail,Signal Failure,Low-Med,2,38,4994,TRUE
INC-202009-BRI-009-01,2020-09-24T18:11:00Z,Bristol,BRI-009,Tram,Roadworks,Low,1,13,415,TRUE
INC-202009-BRI-011-01,2020-09-25T07:41:00Z,Bristol,BRI-011,Bus,Congestion,Low-Med,2,34,3306,TRUE
INC-202009-LON-019-01,2020-09-26T06:38:00Z,London,LON-019,Bus,Congestion,Med-High,4,165,10645,TRUE
INC-202009-EDI-010-01,2020-09-27T00:45:00Z,Edinburgh,EDI-010,Bus,Congestion,Low-Med,2,48,3525,TRUE
INC-202009-LON-004-01,2020-09-27T07:17:00Z,London,LON-004,Tram,Obstruction,Low,1,5,145,TRUE
INC-202009-EDI-010-03,2020-09-27T07:58:00Z,Edinburgh,EDI-010,Bus,Roadworks,Low,1,14,737,TRUE
INC-202009-EDI-022-01,2020-09-27T09:07:00Z,Edinburgh,EDI-022,BikeShare,Vandalism,Low,1,13,41,TRUE
INC-202009-EDI-010-02,2020-09-27T09:59:00Z,Edinburgh,EDI-010,Bus,Vehicle Fault,Low,1,14,777,TRUE
INC-202009-BRI-010-03,2020-09-27T16:32:00Z,Bristol,BRI-010,BikeShare,Bike Fault,Low,1,5,61,TRUE
INC-202009-MAN-005-01,2020-09-27T20:13:00Z,Manchester,MAN-005,Tram,Power Issue,Low-Med,2,34,1831,TRUE
INC-202009-LON-020-01,2020-09-28T01:13:00Z,London,LON-020,Bus,Staff Shortage,Med-High,4,159,15479,TRUE
INC-202009-MAN-019-01,2020-09-28T11:45:00Z,Manchester,MAN-019,Underground,Power Issue,Med-High,4,135,23236,TRUE
INC-202009-EDI-002-01,2020-09-28T17:17:00Z,Edinburgh,EDI-002,Bus,Staff Shortage,Low,1,26,946,TRUE
INC-202009-LON-011-01,2020-09-28T19:42:00Z,london,LON-011,Tram,Roadworks,Low-Med,2,49,3003,TRUE
INC-202009-MAN-012-01,2020-09-29T02:08:00Z,Manchester,MAN-012,Rail,Weather,Med-High,4,113,11386,TRUE
INC-202009-LON-004-02,2020-09-29T17:08:00Z,London,LON-004,Tram,Roadworks,Low,1,24,1570,TRUE
INC-202009-MAN-001-02,2020-09-29T18:10:00Z,Manchester,MAN-001,Bus,Congestion,Medium,3,74,11146,TRUE
INC-202009-MAN-004-01,2020-09-29T18:26:00Z,Manchester,MAN-004,Bus,Congestion,Medium,3,112,6855,TRUE
INC-202009-BRI-018-01,2020-09-29T18:31:00Z,Bristol,BRI-018,Bus,Accident,Low,1,18,1090,FALSE
INC-202009-LON-021-03,2020-09-30T01:28:00Z,London,LON-021,Bus,Vehicle Fault,Low-Med,2,32,4243,TRUE
INC-202009-MAN-008-01,2020-09-30T06:18:00Z,Manchester,MAN-008,Bus,Vehicle Fault,Low-Med,2,32,3009,TRUE
INC-202009-MAN-014-01,2020-09-30T07:09:00Z,Manchester,MAN-014,BikeShare,Dock Empty,Low,1,13,58,TRUE
INC-202009-EDI-012-03,2020-09-30T08:30:00Z,Edinburgh,EDI-012,Underground,Signal Failure,Low-Med,2,32,5566,TRUE
INC-202009-EDI-018-01,2020-09-30T08:36:00Z,Edinburgh,EDI-018,Rail,Track Fault,Medium,3,117,10232,TRUE
INC-202009-LON-009-03,2020-09-30T14:31:00Z,London,LON-009,Rail,Signal Failure,Medium,3,93,23514,TRUE
INC-202009-LON-001-05,2020-09-30T17:56:00Z,London,LON-001,Bus,Congestion,Medium,3,79,12187,FALSE
INC-202009-MAN-017-01,2020-09-30T18:00:00Z,Manchester,MAN-017,Underground,Station Closure,Med-High,4,177,98636,TRUE
INC-202509-MAN-016-01,2020-10-01T06:55:00Z,Edinburgh,EDI-017,Underground,Signal Failure,Low-Med,2,30,11179,TRUE
INC-202203-EDI-015-02,2020-10-01T19:02:00Z,London,LON-001,Bus,Staff Shortage,Low-Med,2,1000,7430,TRUE
INC-202010-LON-005-01,2020-10-01T23:56:00Z,London,LON-005,Rail,Signal Failure,Med-High,4,105,11711,TRUE
INC-202010-LON-016-01,2020-10-02T03:44:00Z,London,LON-016,Rail,Signal Failure,Med-High,4,127,20271,TRUE
INC-202010-BRI-008-02,2020-10-02T03:54:00Z,Bristol,BRI-008,Rail,Rolling Stock,Low-Med,2,41,7262,FALSE
INC-202010-EDI-020-01,2020-10-02T14:22:00Z,Edinburgh,EDI-020,Rail,Rolling Stock,Medium,3,83,8596,TRUE
INC-202010-LON-020-03,2020-10-02T16:40:00Z,London,LON-020,Bus,Vehicle Fault,Medium,3,87,4643,TRUE
INC-202010-MAN-015-01,2020-10-02T17:07:00Z,Manchester,MAN-015,Bus,Roadworks,Low,1,17,857,TRUE
INC-202010-MAN-017-01,2020-10-02T19:05:00Z,Manchester,MAN-017,Underground,Signal Failure,Medium,3,105,23364,TRUE
INC-202010-MAN-013-01,2020-10-02T20:30:00Z,Manchester,MAN-013,Underground,Signal Failure,Medium,3,77,16357,TRUE
INC-202010-MAN-009-01,2020-10-03T08:25:00Z,Manchester,MAN-009,Underground,Station Closure,Med-High,4,204,33263,TRUE
INC-202010-MAN-008-01,2020-10-03T18:09:00Z,MAN,MAN-008,Bus,Congestion,Low,1,29,1060,TRUE
INC-202010-BRI-017-01,2020-10-04T06:37:00Z,Bristol,BRI-017,Bus,Vehicle Fault,Medium,3,74,7140,TRUE
INC-202010-LON-022-05,2020-10-04T11:40:00Z,London,LON-022,Underground,Passenger Incident,Med-High,4,176,81295,TRUE
INC-202010-LON-020-02,2020-10-05T13:54:00Z,London,LON-020,Bus,Congestion,Low,1,17,1170,TRUE
INC-202010-EDI-017-02,2020-10-05T14:03:00Z,Edinburgh,EDI-017,Underground,Power Issue,Low-Med,2,59,16773,TRUE
INC-202010-LON-019-01,2020-10-05T17:15:00Z,London,LON-019,Bus,Congestion,Med-High,4,166,20894,TRUE
INC-202010-MAN-020-01,2020-10-05T20:16:00Z,Manchester,MAN-020,Bus,Roadworks,Low,1,18,806,TRUE
INC-202010-BRI-013-01,2020-10-06T02:14:00Z,Bristol,BRI-013,Bus,Congestion,Low-Med,2,36,2683,TRUE
INC-202010-LON-006-02,2020-10-06T04:39:00Z,LDN,LON-006,BikeShare,Dock Empty,Low-Med,2,40,683,FALSE
INC-202010-MAN-004-01,2020-10-08T11:25:00Z,Manchester,MAN-004,Bus,Congestion,Low-Med,2,59,4109,TRUE
INC-202010-BRI-011-01,2020-10-08T12:45:00Z,Bristol,BRI-011,Bus,Vehicle Fault,Medium,3,48,4014,TRUE
INC-202010-LON-001-03,2020-10-09T00:30:00Z,London,LON-001,Bus,Roadworks,Low-Med,2,24,2230,TRUE
INC-202010-BRI-004-01,2020-10-09T03:53:00Z,Bristol,BRI-004,Underground,Passenger Incident,Med-High,4,206,48254,TRUE
INC-202010-MAN-012-01,2020-10-09T05:11:00Z,Manchester,MAN-012,Rail,Rolling Stock,Low-Med,2,35,2747,TRUE
INC-202010-LON-020-01,2020-10-09T09:00:00Z,LDN,LON-020,bus,Congestion,Low-Med,2,33,2310,TRUE
INC-202010-LON-022-02,2020-10-09T17:03:00Z,London,LON-022,Underground,Station Closure,Low-Med,2,50,17834,TRUE
INC-202010-MAN-003-01,2020-10-10T00:13:00Z,Manchester,MAN-003,BikeShare,Vandalism,Low,1,7,73,TRUE
INC-202010-BRI-008-01,2020-10-10T16:43:00Z,Bristol,BRI-008,Rail,Signal Failure,Med-High,4,116,11216,TRUE
INC-202010-MAN-022-01,2020-10-11T09:38:00Z,Manchester,MAN-022,Rail,Signal Failure,Medium,3,,9584,TRUE
INC-202010-LON-009-02,2020-10-11T17:46:00Z,London,LON-009,Rail,Track Fault,High,5,217,17233,FALSE
INC-202010-EDI-019-02,2020-10-11T20:23:00Z,Edinburgh,EDI-019,Tram,Obstruction,Low,1,27,1193,TRUE
INC-202010-LON-006-01,2020-10-12T06:35:00Z,London,LON-006,BikeShare,Bike Fault,Medium,3,93,2482,TRUE
INC-202010-BRI-002-01,2020-10-12T17:07:00Z,Bristol,BRI-002,Bus,Accident,Low,1,24,9576,TRUE
INC-202010-BRI-020-01,2020-10-13T03:13:00Z,Bristol,BRI-020,Rail,Rolling Stock,Med-High,4,199,20397,TRUE
INC-202010-BRI-019-01,2020-10-13T07:39:00Z,Bristol,BRI-019,Rail,Weather,Low-Med,2,61,11567,TRUE
INC-202010-LON-022-03,2020-10-13T17:12:00Z,london,LON-022,Underground,Passenger Incident,Med-High,4,204,144048,TRUE
INC-202010-LON-012-03,2020-10-13T21:28:00Z,London,LON-012,Bus,Staff Shortage,Medium,3,105,9593,TRUE
INC-202010-LON-022-01,2020-10-14T06:11:00Z,London,LON-022,Underground,Passenger Incident,Medium,3,80,18587,FALSE
INC-202010-LON-022-04,2020-10-14T08:41:00Z,London,LON-022,Underground,Signal Failure,Med-High,4,145,55076,TRUE
INC-202010-BRI-006-01,2020-10-15T07:44:00Z,Bristol,BRI-006,Bus,Roadworks,Low,1,17,1505,TRUE
INC-202010-MAN-016-01,2020-10-15T23:06:00Z,Manchester,MAN-016,bus,Roadworks,Low-Med,2,13,697,TRUE
INC-202010-EDI-004-01,2020-10-16T08:13:00Z,Edinburgh,EDI-004,Bus,Congestion,Low-Med,2,51,2191,FALSE
INC-202010-LON-010-01,2020-10-16T08:49:00Z,London,LON-010,BikeShare,Dock Empty,Low-Med,2,46,1218,TRUE
INC-202010-LON-012-02,2020-10-16T13:20:00Z,London,LON-012,Bus,Vehicle Fault,Med-High,4,99,16775,TRUE
INC-202010-EDI-002-01,2020-10-16T16:28:00Z,Edinburgh,EDI-002,Bus,Roadworks,Low,1,16,461,TRUE
INC-202010-EDI-005-01,2020-10-17T03:15:00Z,Edinburgh,EDI-005,Underground,Power Issue,Medium,3,110,41590,TRUE
INC-202010-EDI-015-01,2020-10-17T06:29:00Z,Edinburgh,EDI-015,Bus,Staff Shortage,Low,1,27,899,TRUE
INC-202010-BRI-013-02,2020-10-17T10:08:00Z,Bristol,BRI-013,Bus,Roadworks,Low-Med,2,34,,TRUE
INC-202010-EDI-010-01,2020-10-17T15:16:00Z,Edinburgh,EDI-010,Bus,Roadworks,Low-Med,2,48,1264,TRUE
INC-202010-LON-013-01,2020-10-17T17:38:00Z,London,LON-013,Underground,Station Closure,Low-Med,2,55,19050,TRUE
INC-202010-MAN-006-01,2020-10-18T11:10:00Z,Manchester,MAN-006,Tram,Power Issue,Low,1,7,230,TRUE
INC-202010-LON-015-01,2020-10-18T18:48:00Z,London,LON-015,Rail,Signal Failure,Medium,3,91,13934,TRUE
INC-202010-LON-001-01,2020-10-20T14:42:00Z,London,LON-001,Bus,Roadworks,Med-High,4,119,18329,FALSE
INC-202010-MAN-005-01,2020-10-20T17:45:00Z,Manchester,MAN-005,Tram,Roadworks,Low-Med,2,31,1008,TRUE
INC-202010-MAN-021-01,2020-10-21T17:15:00Z,Manchester,MAN-021,Rail,Track Fault,Low-Med,2,65,4772,TRUE
INC-202010-BRI-009-01,2020-10-22T09:48:00Z,Bristol,BRI-009,Tram,Roadworks,Low,1,11,388,TRUE
INC-202010-MAN-016-02,2020-10-22T17:04:00Z,Manchester,MAN-016,Bus,Vehicle Fault,Low,1,22,1315,TRUE
INC-202010-BRI-006-02,2020-10-23T16:18:00Z,bristol,BRI-006,Bus,Roadworks,Low-Med,2,18,,TRUE
INC-202010-EDI-016-01,2020-10-23T19:22:00Z,Edinburgh,EDI-016,BikeShare,Bike Fault,Low,1,13,98,TRUE
INC-202010-BRI-003-01,2020-10-24T18:38:00Z,Bristol,BRI-003,Rail,Track Fault,Low-Med,2,51,11140,TRUE
INC-202010-MAN-012-02,2020-10-24T19:36:00Z,Manchester,MAN-012,Rail,Track Fault,Low-Med,2,48,4335,TRUE
INC-202010-LON-012-01,2020-10-25T00:20:00Z,London,LON-012,Bus,Vehicle Fault,Medium,3,59,8128,FALSE
INC-202010-LON-019-03,2020-10-25T08:06:00Z,London,LON-019,Bus,Roadworks,Low-Med,2,1300,2774,TRUE
INC-202010-LON-019-02,2020-10-25T20:21:00Z,London,LON-019,Bus,Vehicle Fault,Low-Med,2,30,2094,TRUE
INC-202010-LON-011-01,2020-10-26T00:18:00Z,London,LON-011,Tram,Roadworks,Medium,3,66,3700,TRUE
INC-202010-MAN-017-02,2020-10-26T15:23:00Z,Manchester,MAN-017,Underground,Power Issue,Med-High,4,162,63360,TRUE
INC-202010-LON-001-02,2020-10-26T17:46:00Z,London,LON-001,Bus,Roadworks,Low-Med,2,58,4771,TRUE
INC-202010-BRI-007-01,2020-10-27T09:16:00Z,Bristol,BRI-007,Tram,Obstruction,Low,1,5,133,TRUE
INC-202010-BRI-018-01,2020-10-27T14:04:00Z,Bristol,BRI-018,Bus,Vehicle Fault,Low,1,12,231,TRUE
INC-202010-MAN-016-03,2020-10-27T16:36:00Z,Manchester,MAN-016,Bus,Congestion,Low,1,5,411,TRUE
INC-202010-BRI-011-02,2020-10-27T18:05:00Z,Bristol,BRI-011,Bus,Congestion,Low,1,16,993,TRUE
INC-202010-EDI-006-01,2020-10-28T02:24:00Z,Edinburgh,EDI-006,Underground,Signal Failure,High,5,245,69831,TRUE
INC-202010-MAN-017-03,2020-10-28T02:46:00Z,Manchester,MAN-017,Underground,Signal Failure,Med-High,4,174,34175,TRUE
INC-202010-LON-016-02,2020-10-28T07:28:00Z,London,LON-016,Rail,Weather,Medium,3,81,9579,FALSE
INC-202010-EDI-019-01,2020-10-30T02:16:00Z,Edinburgh,EDI-019,Tram,Vehicle Fault,Low,1,7,221,TRUE
INC-202010-LON-005-02,2020-10-30T08:45:00Z,London,LON-005,Rail,Track Fault,High,5,307,82272,FALSE
INC-202010-LON-013-02,2020-10-30T15:08:00Z,London,LON-013,Underground,Power Issue,High,5,168,31044,TRUE
INC-202010-EDI-014-01,2020-10-30T18:57:00Z,Edinburgh,EDI-014,Underground,Power Issue,Low-Med,2,46,6778,TRUE
INC-202010-LON-021-01,2020-10-30T19:06:00Z,London,LON-021,Bus,Congestion,Low-Med,2,54,5234,TRUE
INC-202010-BRI-011-03,2020-10-30T21:59:00Z,Bristol,BRI-011,Bus,Congestion,Low-Med,2,37,650,TRUE
INC-202010-EDI-014-02,2020-10-31T08:29:00Z,Edinburgh,EDI-014,Underground,Signal Failure,Low-Med,2,38,2722,TRUE
INC-202010-LON-003-01,2020-10-31T08:37:00Z,London,LON-003,Bus,Roadworks,Medium,3,83,5053,TRUE
INC-202010-LON-018-01,2020-10-31T17:05:00Z,London,LON-018,Bus,Congestion,Low,1,11,651,TRUE
INC-202010-LON-009-01,2020-10-31T18:36:00Z,London,LON-009,Rail,Signal Failure,Med-High,4,201,24199,FALSE
INC-202011-MAN-001-02,2020-11-01T11:29:00Z,Manchester,MAN-001,Bus,Roadworks,Medium,3,100,6666,TRUE
INC-202011-LON-019-01,2020-11-01T17:58:00Z,London,LON-019,Bus,Staff Shortage,Medium,3,53,5804,TRUE
INC-202011-BRI-013-01,2020-11-01T19:04:00Z,Bristol,BRI-013,Bus,Accident,Medium,3,58,1893,TRUE
INC-202011-LON-016-01,2020-11-01T22:41:00Z,London,LON-016,Rail,Rolling Stock,Medium,3,46,7792,TRUE
INC-202011-LON-002-02,2020-11-02T07:06:00Z,London,LON-002,Bus,Vehicle Fault,Medium,3,124,13203,TRUE
INC-202011-EDI-005-01,2020-11-02T13:51:00Z,Edinburgh,EDI-005,Underground,Passenger Incident,Medium,3,60,9074,TRUE
INC-202011-LON-009-01,2020-11-02T18:09:00Z,London,LON-009,Rail,Signal Failure,Medium,3,65,5704,TRUE
INC-202011-LON-013-02,2020-11-02T18:38:00Z,London,LON-013,Underground,Power Issue,Med-High,4,163,49051,TRUE
INC-202011-LON-006-01,2020-11-03T03:27:00Z,London,LON-006,BikeShare,Vandalism,Low,1,19,281,TRUE
INC-202011-LON-015-03,2020-11-03T05:26:00Z,London,LON-015,Rail,Track Fault,Medium,3,92,15770,TRUE
INC-202011-EDI-018-01,2020-11-03T07:35:00Z,Edinburgh,EDI-018,Rail,Rolling Stock,Low,1,20,2019,TRUE
INC-202011-EDI-020-01,2020-11-03T17:12:00Z,Edinburgh,EDI-020,Rail,Rolling Stock,Low,1,16,2532,TRUE
INC-202011-EDI-007-01,2020-11-04T01:56:00Z,Edinburgh,EDI-007,BikeShare,Vandalism,Low,1,13,104,FALSE
INC-202011-EDI-010-01,2020-11-05T06:20:00Z,Edinburgh,EDI-010,Bus,Vehicle Fault,Low,1,14,1190,TRUE
INC-202011-MAN-017-02,2020-11-05T08:49:00Z,Manchester,MAN-017,Underground,Signal Failure,Med-High,4,188,56122,TRUE
INC-202011-BRI-005-02,2020-11-06T16:28:00Z,Bristol,BRI-005,Bus,Staff Shortage,Low-Med,2,57,2258,TRUE
INC-202011-EDI-008-01,2020-11-06T18:11:00Z,Edinburgh,EDI-008,Bus,Congestion,Low,1,12,396,TRUE
INC-202011-MAN-013-04,2020-11-07T09:12:00Z,Manchester,MAN-013,Underground,Power Issue,Med-High,4,173,62880,TRUE
INC-202011-MAN-011-01,2020-11-08T03:08:00Z,Manchester,MAN-011,Bus,Accident,Low,1,6,302,TRUE
INC-202011-EDI-001-02,2020-11-08T06:41:00Z,Edinburgh,EDI-001,Underground,Station Closure,Medium,3,65,210480,FALSE
INC-202011-LON-021-05,2020-11-08T08:15:00Z,London,LON-021,Bus,Vehicle Fault,Medium,3,,3694,TRUE
INC-202011-BRI-017-01,2020-11-08T17:34:00Z,Bristol,BRI-017,Bus,Vehicle Fault,Low,1,12,418,TRUE
INC-202011-MAN-016-01,2020-11-09T06:33:00Z,Manchester,MAN-016,Bus,Congestion,Low-Med,2,44,2165,TRUE
INC-202011-LON-004-01,2020-11-09T06:59:00Z,London,LON-004,Tram,Roadworks,Med-High,4,197,9620,TRUE
INC-202011-MAN-019-01,2020-11-09T19:27:00Z,Manchester,MAN-019,Underground,Power Issue,Low,1,23,4235,TRUE
INC-202011-LON-017-01,2020-11-10T06:03:00Z,London,LON-017,Bus,Congestion,Medium,3,,13845,TRUE
INC-202011-LON-014-02,2020-11-10T06:08:00Z,London,LON-014,Bus,Staff Shortage,Low-Med,2,43,6086,TRUE
INC-202011-LON-013-01,2020-11-10T06:58:00Z,London,LON-013,Underground,Power Issue,Med-High,4,128,29115,TRUE
INC-202011-LON-015-01,2020-11-10T16:52:00Z,London,LON-015,Rail,Signal Failure,Med-High,4,145,22328,TRUE
INC-202011-LON-004-03,2020-11-11T09:18:00Z,London,LON-004,tram,Vehicle Fault,Low-Med,2,42,4316,TRUE
INC-202011-BRI-006-01,2020-11-12T03:20:00Z,Bristol,BRI-006,bus,Congestion,Low-Med,2,42,,TRUE
INC-202011-LON-005-01,2020-11-13T18:41:00Z,London,LON-005,Rail,Signal Failure,Med-High,4,131,33506,TRUE
INC-202011-LON-021-04,2020-11-14T08:19:00Z,London,LON-021,Bus,Congestion,Medium,3,54,2971,TRUE
INC-202011-BRI-010-01,2020-11-14T08:37:00Z,Bristol,BRI-010,BikeShare,Dock Empty,Low,1,17,26,TRUE
INC-202011-LON-021-03,2020-11-14T09:54:00Z,London,LON-021,Bus,Roadworks,Low,1,16,,TRUE
INC-202011-LON-004-04,2020-11-14T12:20:00Z,london,LON-004,Tram,Obstruction,Low,1,14,481,TRUE
INC-202011-LON-012-01,2020-11-15T07:07:00Z,London,LON-012,Bus,Accident,Medium,3,78,11944,TRUE
INC-202011-MAN-009-01,2020-11-16T01:15:00Z,MAN,MAN-009,Underground,Power Issue,Med-High,4,138,,TRUE
INC-202011-LON-021-02,2020-11-16T15:10:00Z,London,LON-021,Bus,Roadworks,Medium,3,107,7638,TRUE
INC-202011-LON-004-02,2020-11-16T16:52:00Z,London,LON-004,Tram,Roadworks,Medium,3,106,6124,TRUE
INC-202011-LON-016-02,2020-11-17T08:07:00Z,London,LON-016,Rail,Rolling Stock,High,5,173,29268,TRUE
INC-202011-LON-006-02,2020-11-18T03:18:00Z,London,LON-006,BikeShare,Bike Fault,Low,1,17,197,TRUE
INC-202011-MAN-022-02,2020-11-18T08:17:00Z,Manchester,MAN-022,Rail,Track Fault,Medium,3,89,14816,TRUE
INC-202011-BRI-017-02,2020-11-18T18:17:00Z,Bristol,BRI-017,Bus,Accident,Low,1,15,678,TRUE
INC-202011-BRI-006-02,2020-11-18T19:03:00Z,Bristol,BRI-006,Bus,Staff Shortage,Low-Med,2,43,1076,TRUE
INC-202011-BRI-005-01,2020-11-19T19:17:00Z,Bristol,BRI-005,Bus,Staff Shortage,Low-Med,2,42,1600,TRUE
INC-202011-MAN-022-03,2020-11-19T19:41:00Z,Manchester,MAN-022,Rail,Track Fault,High,5,,40067,TRUE
INC-202011-EDI-002-01,2020-11-19T22:01:00Z,Edinburgh,EDI-002,Bus,Roadworks,Low,1,12,606,TRUE
INC-202011-BRI-021-01,2020-11-20T07:08:00Z,Bristol,BRI-021,Rail,Track Fault,Medium,3,99,5882,TRUE
INC-202011-EDI-022-01,2020-11-20T08:49:00Z,Edinburgh,EDI-022,BikeShare,Dock Full,Low,1,9,90,FALSE
INC-202011-EDI-014-01,2020-11-20T23:39:00Z,Edinburgh,EDI-014,Underground,Power Issue,Low-Med,2,36,6417,TRUE
INC-202011-LON-002-01,2020-11-21T09:33:00Z,London,LON-002,Bus,Vehicle Fault,Medium,3,73,5658,TRUE
INC-202011-LON-008-02,2020-11-22T05:08:00Z,London,LON-008,Bus,Vehicle Fault,Low-Med,2,19,1349,TRUE
INC-202011-MAN-013-05,2020-11-23T01:43:00Z,Manchester,MAN-013,Underground,Signal Failure,High,5,162,36607,TRUE
INC-202011-BRI-003-02,2020-11-23T04:08:00Z,Bristol,BRI-003,Rail,Rolling Stock,Medium,3,116,12152,TRUE
INC-202011-BRI-013-02,2020-11-23T18:51:00Z,Bristol,BRI-013,Bus,Staff Shortage,Low-Med,2,36,1139,TRUE
INC-202011-BRI-003-01,2020-11-24T00:04:00Z,Bristol,BRI-003,Rail,Signal Failure,Low-Med,2,67,10365,TRUE
INC-202011-BRI-017-03,2020-11-24T04:13:00Z,Bristol,BRI-017,Bus,Roadworks,Low,1,17,730,FALSE
INC-202011-EDI-001-01,2020-11-24T17:46:00Z,Edinburgh,EDI-001,Underground,Station Closure,Medium,3,89,31103,TRUE
INC-202011-LON-010-01,2020-11-25T03:14:00Z,London,LON-010,bikeshare,App Outage,Low,1,8,124,TRUE
INC-202011-MAN-013-03,2020-11-25T09:47:00Z,Manchester,MAN-013,Underground,Signal Failure,High,5,241,78512,TRUE
INC-202011-MAN-003-01,2020-11-26T09:58:00Z,Manchester,MAN-003,BikeShare,Dock Empty,Low-Med,2,33,362,FALSE
INC-202011-MAN-013-02,2020-11-26T12:45:00Z,Manchester,MAN-013,Underground,Signal Failure,Medium,3,71,39960,TRUE
INC-202011-MAN-022-01,2020-11-27T02:02:00Z,Manchester,MAN-022,Rail,Track Fault,Med-High,4,172,20347,TRUE
INC-202011-LON-008-01,2020-11-27T02:35:00Z,London,LON-008,Bus,Roadworks,Med-High,4,137,13105,TRUE
INC-202011-LON-014-03,2020-11-28T19:35:00Z,london,LON-014,Bus,Roadworks,Low-Med,2,39,2624,TRUE
INC-202011-MAN-001-01,2020-11-29T03:59:00Z,Manchester,MAN-001,Bus,Vehicle Fault,Low-Med,2,44,8052,TRUE
INC-202011-MAN-013-01,2020-11-29T04:25:00Z,Manchester,MAN-013,Underground,,Medium,3,119,32826,TRUE
INC-202011-MAN-019-02,2020-11-29T05:25:00Z,Manchester,MAN-019,Underground,Signal Failure,Low-Med,2,51,7431,TRUE
INC-202011-LON-015-02,2020-11-29T06:20:00Z,London,LON-015,Rail,Weather,Low-Med,2,45,8505,TRUE
INC-202011-MAN-017-01,2020-11-29T11:25:00Z,Manchester,MAN-017,Underground,Power Issue,Medium,3,76,9532,TRUE
INC-202011-LON-014-01,2020-11-30T06:36:00Z,London,LON-014,Bus,Accident,Low,1,9,579,FALSE
INC-202011-MAN-020-01,2020-11-30T06:55:00Z,Manchester,MAN-020,Bus,Congestion,Low,1,170,1891,TRUE
INC-202011-LON-020-01,2020-11-30T10:50:00Z,London,LON-020,Bus,Accident,Medium,3,84,13078,TRUE
INC-202011-EDI-008-02,2020-11-30T15:26:00Z,Edinburgh,EDI-008,Bus,Accident,Low-Med,2,49,2758,TRUE
INC-202011-LON-021-01,2020-11-30T15:44:00Z,London,LON-021,Bus,Congestion,LOW,1,17,1565,TRUE
INC-202011-MAN-010-01,2020-11-30T17:03:00Z,Manchester,MAN-010,Rail,Rolling Stock,Low-Med,2,38,11533,TRUE
INC-202011-MAN-009-02,2020-11-30T17:09:00Z,Manchester,MAN-009,Underground,Signal Failure,MEDIUM,3,109,21854,TRUE
INC-202012-LON-008-01,2020-12-01T02:34:00Z,London,LON-008,Bus,Congestion,Med-High,4,169,7254,TRUE
INC-202012-EDI-006-01,2020-12-01T08:04:00Z,Edinburgh,EDI-006,Underground,Passenger Incident,Medium,3,114,37412,FALSE
INC-202012-MAN-007-02,2020-12-01T08:44:00Z,Manchester,MAN-007,Tram,Vehicle Fault,Low-Med,2,45,1964,TRUE
INC-202012-BRI-010-02,2020-12-01T08:47:00Z,Bristol,BRI-010,BikeShare,Bike Fault,Low,1,14,101,TRUE
INC-202012-LON-021-01,2020-12-01T13:09:00Z,London,LON-021,Bus,Congestion,Med-High,4,142,9674,TRUE
INC-202012-LON-013-02,2020-12-01T15:00:00Z,London,LON-013,Underground,Power Issue,Med-High,4,137,83436,TRUE
INC-202012-MAN-010-01,2020-12-01T16:02:00Z,Manchester,MAN-010,Rail,Signal Failure,Low-Med,2,31,2559,TRUE
INC-202012-EDI-004-01,2020-12-02T00:48:00Z,Edinburgh,EDI-004,Bus,Staff Shortage,Low,1,14,657,FALSE
INC-202012-BRI-015-01,2020-12-02T01:22:00Z,Bristol,BRI-015,BikeShare,Dock Full,Low,1,10,75,TRUE
INC-202012-LON-002-04,2020-12-02T04:05:00Z,London,LON-002,Bus,Accident,Medium,3,59,9322,TRUE
INC-202012-MAN-007-01,2020-12-02T14:51:00Z,Manchester,MAN-007,Tram,Obstruction,Low,1,7,202,TRUE
INC-202012-MAN-021-01,2020-12-02T17:55:00Z,Manchester,MAN-021,Rail,Track Fault,Medium,3,100,13601,TRUE
INC-202012-MAN-010-02,2020-12-02T19:34:00Z,Manchester,MAN-010,Rail,Weather,Low-Med,2,66,4899,TRUE
INC-202012-LON-015-01,2020-12-03T00:25:00Z,London,LON-015,Rail,Rolling Stock,High,5,147,19293,TRUE
INC-202012-EDI-004-02,2020-12-03T09:59:00Z,Edinburgh,EDI-004,Bus,,Low,1,5,349,TRUE
INC-202012-EDI-004-02,2020-12-03T10:04:00Z,Edinburgh,EDI-004,Bus,,Low,1,5,349,TRUE
INC-202012-BRI-010-01,2020-12-04T16:15:00Z,Bristol,BRI-010,BikeShare,Dock Empty,Low,1,9,98,TRUE
INC-202012-LON-020-01,2020-12-05T00:08:00Z,London,LON-020,Bus,Roadworks,Medium,3,81,8008,TRUE
INC-202012-MAN-011-01,2020-12-05T08:24:00Z,Manchester,MAN-011,Bus,Vehicle Fault,Low-Med,2,38,2174,TRUE
INC-202012-BRI-010-03,2020-12-05T14:58:00Z,Bristol,BRI-010,BikeShare,Bike Fault,Low,1,9,119,TRUE
INC-202012-EDI-017-01,2020-12-06T05:14:00Z,Edinburgh,EDI-017,Underground,Signal Failure,Low-Med,2,43,12315,TRUE
INC-202012-LON-009-02,2020-12-06T16:36:00Z,London,LON-009,Rail,Signal Failure,Med-High,4,146,24807,TRUE
INC-202012-BRI-006-01,2020-12-07T18:48:00Z,Bristol,BRI-006,Bus,Accident,Low-Med,2,51,2621,TRUE
INC-202012-EDI-002-01,2020-12-07T21:36:00Z,Edinburgh,EDI-002,Bus,Vehicle Fault,Low-Med,2,19,536,TRUE
INC-202012-MAN-021-02,2020-12-08T07:34:00Z,Manchester,MAN-021,Rail,Rolling Stock,Medium,3,99,6481,TRUE
INC-202012-EDI-011-01,2020-12-08T12:29:00Z,Edinburgh,EDI-011,Bus,Vehicle Fault,Low,1,18,515,TRUE
INC-202012-LON-002-01,2020-12-08T18:09:00Z,London,LON-002,Bus,Roadworks,Medium,3,78,8046,TRUE
INC-202012-LON-017-01,2020-12-08T19:17:00Z,London,LON-017,Bus,Congestion,Low-Med,2,40,3602,TRUE
INC-202012-EDI-010-01,2020-12-08T22:28:00Z,Edinburgh,EDI-010,Bus,Roadworks,Low-Med,2,58,3363,TRUE
INC-202012-EDI-013-01,2020-12-08T23:18:00Z,Edinburgh,EDI-013,Rail,Rolling Stock,Medium,3,119,6801,TRUE
INC-202012-MAN-004-01,2020-12-09T04:43:00Z,Manchester,MAN-004,Bus,Accident,Low,1,27,2648,TRUE
INC-202012-BRI-015-02,2020-12-09T20:00:00Z,Bristol,BRI-015,bikeshare,Vandalism,Low,1,11,89,TRUE
INC-202012-MAN-009-02,2020-12-10T06:56:00Z,Manchester,MAN-009,Underground,Station Closure,Med-High,4,137,80765,TRUE
INC-202012-EDI-008-02,2020-12-11T23:42:00Z,Edinburgh,EDI-008,Bus,Vehicle Fault,Low,1,19,862,TRUE
INC-202012-EDI-019-01,2020-12-13T08:10:00Z,Edinburgh,EDI-019,Tram,Power Issue,Medium,3,73,2795,TRUE
INC-202012-EDI-009-01,2020-12-13T10:44:00Z,Edinburgh,EDI-009,bus,Vehicle Fault,Low-Med,2,32,1132,TRUE
INC-202012-LON-005-01,2020-12-13T18:37:00Z,London,LON-005,Rail,Rolling Stock,High,5,164,27534,FALSE
INC-202012-BRI-019-01,2020-12-13T18:49:00Z,Bristol,BRI-019,Rail,Rolling Stock,Med-High,4,125,15325,TRUE
INC-202012-MAN-003-01,2020-12-14T01:47:00Z,Manchester,MAN-003,BikeShare,Vandalism,Low,1,14,62,TRUE
INC-202012-EDI-004-03,2020-12-14T02:22:00Z,Edinburgh,EDI-004,Bus,Congestion,Low,1,14,687,TRUE
INC-202012-LON-020-03,2020-12-14T07:22:00Z,London,LON-020,Bus,Accident,Medium,3,99,7030,TRUE
INC-202012-LON-022-02,2020-12-14T09:36:00Z,london,LON-022,Underground,Signal Failure,Med-High,4,129,,TRUE
INC-202012-BRI-019-03,2020-12-14T09:57:00Z,Bristol,BRI-019,Rail,Weather,Medium,3,63,12045,TRUE
INC-202012-LON-002-03,2020-12-14T19:42:00Z,London,LON-002,Bus,Vehicle Fault,Low-Med,2,70,4420,TRUE
INC-202012-MAN-017-03,2020-12-15T08:38:00Z,Manchester,MAN-017,Underground,Signal Failure,Med-High,4,164,27320,TRUE
INC-202012-LON-013-01,2020-12-15T18:48:00Z,London,LON-013,Underground,Power Issue,Medium,3,112,42255,TRUE
INC-202012-EDI-002-03,2020-12-16T01:26:00Z,Edinburgh,EDI-002,Bus,Vehicle Fault,Medium,3,49,1559,TRUE
INC-202012-BRI-002-02,2020-12-16T16:54:00Z,Bristol,BRI-002,bus,Roadworks,Med-High,4,130,4295,TRUE
INC-202012-MAN-014-01,2020-12-17T01:05:00Z,Manchester,MAN-014,bikeshare,Bike Fault,Low,1,15,175,TRUE
INC-202012-EDI-003-01,2020-12-17T08:41:00Z,Edinburgh,EDI-003,Bus,Congestion,Medium,3,79,5641,TRUE
INC-202012-LON-009-03,2020-12-17T18:26:00Z,London,LON-009,rail,Track Fault,Med-High,4,199,29153,TRUE
INC-202012-LON-015-03,2020-12-17T22:43:00Z,London,LON-015,Rail,Signal Failure,Medium,3,60,19909,TRUE
INC-202012-LON-010-01,2020-12-18T11:52:00Z,London,LON-010,BikeShare,Dock Empty,LOW,1,16,269,TRUE
INC-202012-BRI-005-01,2020-12-18T17:18:00Z,Bristol,BRI-005,Bus,Congestion,Low,1,13,584,TRUE
INC-202012-BRI-002-01,2020-12-18T18:03:00Z,Bristol,BRI-002,Bus,Congestion,Medium,3,71,5276,TRUE
INC-202012-BRI-021-01,2020-12-19T04:22:00Z,Bristol,BRI-021,rail,Signal Failure,Medium,3,109,12948,FALSE
INC-202012-EDI-014-01,2020-12-19T13:43:00Z,Edinburgh,EDI-014,Underground,Power Issue,High,5,208,20347,FALSE
INC-202012-LON-002-02,2020-12-19T22:02:00Z,London,LON-002,Bus,Congestion,Low-Med,2,58,5213,TRUE
INC-202012-MAN-009-03,2020-12-19T23:18:00Z,Manchester,MAN-009,Underground,Passenger Incident,Med-High,4,170,32976,TRUE
INC-202012-LON-012-03,2020-12-21T01:23:00Z,London,LON-012,Bus,Congestion,Low,1,14,,TRUE
INC-202012-MAN-017-02,2020-12-21T10:27:00Z,Manchester,MAN-017,Underground,Station Closure,High,5,301,50543,TRUE
INC-202012-EDI-012-01,2020-12-21T18:08:00Z,Edinburgh,EDI-012,Underground,Power Issue,Med-High,4,170,31287,TRUE
INC-202012-MAN-003-02,2020-12-22T06:05:00Z,Manchester,MAN-003,BikeShare,Dock Empty,Low,1,12,162,TRUE
INC-202012-LON-015-04,2020-12-22T08:10:00Z,London,LON-015,rail,Signal Failure,Medium,3,108,33282,TRUE
INC-202012-EDI-008-03,2020-12-22T13:38:00Z,Edinburgh,EDI-008,Bus,Vehicle Fault,Low,1,5,230,TRUE
INC-202012-LON-005-02,2020-12-22T23:53:00Z,LDN,LON-005,Rail,Rolling Stock,Medium,3,99,12271,TRUE
INC-202012-LON-012-02,2020-12-23T14:31:00Z,London,LON-012,Bus,Congestion,Medium,3,75,3149,TRUE
INC-202012-BRI-019-02,2020-12-23T18:07:00Z,Bristol,BRI-019,Rail,Signal Failure,LOW-MED,2,30,4841,TRUE
INC-202012-LON-012-01,2020-12-24T11:48:00Z,london,LON-012,Bus,Accident,Medium,3,105,7891,TRUE
INC-202012-EDI-015-01,2020-12-24T12:57:00Z,Edinburgh,EDI-015,Bus,Vehicle Fault,Low,1,5,490,FALSE
INC-202012-EDI-008-01,2020-12-24T15:32:00Z,Edinburgh,EDI-008,Bus,Roadworks,Low,1,16,685,FALSE
INC-202012-MAN-017-01,2020-12-25T01:00:00Z,Manchester,MAN-017,Underground,Station Closure,Medium,3,124,26468,FALSE
INC-202012-LON-004-01,2020-12-25T07:34:00Z,London,LON-004,Tram,Vehicle Fault,Low,1,23,519,TRUE
INC-202012-LON-020-04,2020-12-25T15:27:00Z,London,LON-020,Bus,Congestion,Med-High,4,,16304,TRUE
INC-202012-BRI-018-01,2020-12-25T17:10:00Z,Bristol,BRI-018,Bus,Congestion,Medium,3,85,3703,TRUE
INC-202012-LON-014-01,2020-12-26T00:28:00Z,London,LON-014,Bus,Roadworks,Low-Med,2,62,4728,TRUE
INC-202012-MAN-004-02,2020-12-26T03:54:00Z,Manchester,MAN-004,Bus,Roadworks,Low-Med,2,54,1875,TRUE
INC-202012-LON-022-01,2020-12-26T12:43:00Z,london,LON-022,Underground,Power Issue,Medium,3,93,53358,TRUE
INC-202012-EDI-001-01,2020-12-26T18:25:00Z,Edinburgh,EDI-001,Underground,Signal Failure,Low-Med,2,40,11381,TRUE
INC-202012-BRI-002-03,2020-12-27T00:12:00Z,Bristol,BRI-002,Bus,Roadworks,Low,1,16,848,TRUE
INC-202012-EDI-002-02,2020-12-27T12:48:00Z,Edinburgh,EDI-002,Bus,Vehicle Fault,LOW,1,14,486,TRUE
INC-202012-BRI-008-01,2020-12-27T20:45:00Z,Bristol,BRI-008,Rail,Rolling Stock,Low-Med,2,38,3905,TRUE
INC-202012-LON-015-02,2020-12-28T15:04:00Z,london,LON-015,Rail,Rolling Stock,Low-Med,2,33,7037,TRUE
INC-202012-MAN-022-01,2020-12-29T04:11:00Z,Manchester,MAN-022,Rail,Track Fault,Medium,3,88,8914,TRUE
INC-202012-LON-020-02,2020-12-29T06:28:00Z,London,LON-020,Bus,Vehicle Fault,Low-Med,2,28,3317,TRUE
INC-202012-MAN-015-01,2020-12-29T07:22:00Z,Manchester,MAN-015,Bus,Staff Shortage,Low-Med,2,56,3033,TRUE
INC-202012-BRI-006-02,2020-12-29T07:43:00Z,Bristol,BRI-006,Bus,,Low-Med,2,50,5050,TRUE
INC-202012-LON-009-01,2020-12-29T15:50:00Z,London,LON-009,Rail,Signal Failure,Medium,3,93,11109,TRUE
INC-202012-EDI-003-02,2020-12-29T21:15:00Z,Edinburgh,EDI-003,Bus,Congestion,Low-Med,2,25,1855,TRUE
INC-202012-MAN-009-01,2020-12-30T08:53:00Z,Manchester,MAN-009,Underground,Signal Failure,Low-Med,2,47,11694,TRUE
INC-202012-EDI-011-02,2020-12-30T18:25:00Z,Edinburgh,EDI-011,Bus,Vehicle Fault,Low,1,5,134,TRUE
INC-202012-EDI-013-02,2020-12-30T19:02:00Z,Edinburgh,EDI-013,Rail,Rolling Stock,Medium,3,118,5244,TRUE
INC-202012-BRI-022-01,2020-12-31T06:18:00Z,Bristol,BRI-022,Underground,Station Closure,High,5,157,43212,TRUE
INC-202012-BRI-014-01,2020-12-31T10:09:00Z,Bristol,BRI-014,Bus,Vehicle Fault,Low-Med,2,24,2495,TRUE
INC-202012-MAN-011-02,2020-12-31T15:36:00Z,Manchester,MAN-011,bus,Congestion,Low,1,11,390,TRUE
INC-201904-MAN-019-01,2020-12-31T19:55:00Z,Edinburgh,EDI-001,Underground,,Medium,3,123,33132,TRUE
INC-202101-EDI-011-02,2021-01-01T04:55:00Z,Edinburgh,EDI-011,Bus,Accident,Low,1,8,512,TRUE
INC-202101-EDI-003-01,2021-01-01T05:31:00Z,Edinburgh,EDI-003,Bus,Vehicle Fault,Low,1,,1069,TRUE
INC-202101-LON-001-01,2021-01-01T08:08:00Z,London,LON-001,Bus,Vehicle Fault,Medium,3,102,2606,FALSE
INC-202101-MAN-004-01,2021-01-01T21:37:00Z,Manchester,MAN-004,Bus,Vehicle Fault,Low-Med,2,42,840,TRUE
INC-202101-BRI-020-01,2021-01-01T23:36:00Z,bristol,BRI-020,rail,Signal Failure,Med-High,4,142,37516,TRUE
INC-202101-BRI-009-01,2021-01-02T07:43:00Z,Bristol,BRI-009,Tram,Vehicle Fault,Low,1,24,898,TRUE
INC-202101-EDI-006-01,2021-01-02T16:33:00Z,Edinburgh,EDI-006,Underground,Power Issue,Med-High,4,108,21016,TRUE
INC-202101-EDI-004-01,2021-01-03T11:21:00Z,Edinburgh,EDI-004,Bus,Congestion,Low Med,2,41,1610,TRUE
INC-202101-LON-009-01,2021-01-03T17:09:00Z,London,LON-009,Rail,Signal Failure,Medium,3,74,19620,TRUE
INC-202101-LON-019-03,2021-01-03T18:49:00Z,London,LON-019,Bus,Vehicle Fault,Medium,3,84,8977,TRUE
INC-202101-LON-019-01,2021-01-04T04:05:00Z,London,LON-019,Bus,Roadworks,Medium,3,111,7785,TRUE
INC-202101-LON-015-01,2021-01-04T11:47:00Z,London,LON-015,Rail,Signal Failure,Med-High,4,136,21045,TRUE
INC-202101-BRI-008-02,2021-01-04T17:45:00Z,Bristol,BRI-008,Rail,Rolling Stock,Low,1,16,3325,TRUE
INC-202101-LON-013-01,2021-01-05T03:31:00Z,LDN,LON-013,Underground,,Low Med,2,55,19737,TRUE
INC-202101-BRI-021-01,2021-01-05T11:03:00Z,Bristol,BRI-021,Rail,Signal Failure,Low-Med,2,50,4774,TRUE
INC-202101-EDI-019-01,2021-01-05T14:04:00Z,Edinburgh,EDI-019,Tram,Roadworks,Low,1,16,692,TRUE
INC-202101-BRI-022-02,2021-01-06T07:41:00Z,Bristol,BRI-022,Underground,Signal Failure,Med-High,4,205,28856,TRUE
INC-202101-EDI-012-01,2021-01-06T19:54:00Z,Edinburgh,EDI-012,Underground,Power Issue,Low-Med,2,41,41755,TRUE
INC-202101-MAN-017-04,2021-01-07T07:40:00Z,Manchester,MAN-017,Underground,Signal Failure,Low-Med,2,58,7552,TRUE
INC-202101-EDI-015-01,2021-01-07T10:17:00Z,Edinburgh,EDI-015,Bus,Roadworks,Low,1,25,1881,TRUE
INC-202101-BRI-002-01,2021-01-07T12:55:00Z,Bristol,BRI-002,Bus,Staff Shortage,Low-Med,2,41,3189,TRUE
INC-202101-EDI-005-01,2021-01-09T07:43:00Z,Edinburgh,EDI-005,Underground,Signal Failure,Med-High,4,145,23460,TRUE
INC-202101-BRI-011-01,2021-01-09T16:01:00Z,Bristol,BRI-011,Bus,Accident,Low-Med,2,56,4366,TRUE
INC-202101-EDI-017-02,2021-01-09T20:51:00Z,EDI,EDI-017,Underground,Station Closure,Medium,3,74,26244,TRUE
INC-202101-MAN-017-01,2021-01-10T02:32:00Z,Manchester,MAN-017,Underground,Passenger Incident,Med-High,4,195,51288,TRUE
INC-202101-LON-020-01,2021-01-10T09:51:00Z,london,LON-020,Bus,Congestion,Medium,3,92,3319,TRUE
INC-202204-BRI-004-02,2021-01-10T11:56:00Z,Bristol,BRI-004,Underground,Passenger Incident,Low-Med,2,53,5444,TRUE
INC-202101-EDI-014-01,2021-01-12T17:18:00Z,Edinburgh,EDI-014,Underground,Signal Failure,Low-Med,2,34,4833,TRUE
INC-202101-LON-014-02,2021-01-13T10:02:00Z,London,LON-014,Bus,Staff Shortage,Low,1,6,380,TRUE
INC-202101-EDI-017-01,2021-01-13T19:07:00Z,Edinburgh,EDI-017,Underground,Signal Failure,Medium,3,96,15180,TRUE
INC-202101-MAN-009-03,2021-01-13T22:03:00Z,Manchester,MAN-009,Underground,Signal Failure,Med-High,4,180,33285,TRUE
INC-202305-MAN-020-01,2021-01-14T01:24:00Z,Bristol,BRI-001,Bus,Vehicle Fault,Low,1,8,413,TRUE
INC-202101-MAN-013-01,2021-01-14T06:48:00Z,Manchester,MAN-013,Underground,Signal Failure,Medium,3,98,20574,TRUE
INC-202101-BRI-007-01,2021-01-14T09:10:00Z,Bristol,BRI-007,Tram,Roadworks,Low,1,7,139,TRUE
INC-202101-BRI-013-01,2021-01-15T00:49:00Z,Bristol,BRI-013,Bus,Vehicle Fault,Low,1,9,393,TRUE
INC-202101-BRI-019-02,2021-01-15T19:22:00Z,Bristol,BRI-019,Rail,Rolling Stock,Low-Med,2,46,3614,TRUE
INC-202101-LON-009-02,2021-01-15T21:24:00Z,London,LON-009,Rail,Weather,Med-High,4,161,36409,TRUE
INC-202101-BRI-016-01,2021-01-16T07:43:00Z,Bristol,BRI-016,Rail,Signal Failure,Low-Med,2,29,1959,TRUE
INC-202101-BRI-022-03,2021-01-16T08:38:00Z,Bristol,BRI-022,Underground,Power Issue,Medium,3,121,15594,TRUE
INC-202101-LON-019-02,2021-01-17T17:17:00Z,London,LON-019,Bus,Congestion,Low-Med,2,38,5786,TRUE
INC-202101-LON-006-01,2021-01-17T17:39:00Z,London,LON-006,BikeShare,App Outage,Low,1,13,317,FALSE
INC-202101-EDI-018-02,2021-01-18T07:08:00Z,Edinburgh,EDI-018,Rail,Rolling Stock,Medium,3,100,5671,TRUE
INC-202101-LON-014-01,2021-01-18T07:27:00Z,London,LON-014,Bus,Congestion,Med-High,4,86,6438,TRUE
INC-202101-BRI-017-01,2021-01-19T15:51:00Z,Bristol,BRI-017,Bus,Roadworks,Low-Med,2,42,1905,TRUE
INC-202111-LON-016-01,2021-01-19T16:41:00Z,Edinburgh,EDI-006,Underground,Station Closure,Medium,3,105,31564,TRUE
INC-202101-EDI-001-01,2021-01-19T23:48:00Z,Edinburgh,EDI-001,Underground,Signal Failure,LOW-MED,2,49,9493,TRUE
INC-202101-MAN-017-02,2021-01-20T13:48:00Z,Manchester,MAN-017,Underground,Power Issue,Medium,3,73,15833,TRUE
INC-202101-MAN-009-01,2021-01-21T08:24:00Z,Manchester,MAN-009,Underground,Power Issue,Medium,3,82,12901,TRUE
INC-202101-MAN-009-02,2021-01-21T09:43:00Z,Manchester,MAN-009,Underground,Power Issue,Low-Med,2,36,4661,TRUE
INC-202101-BRI-019-01,2021-01-22T08:53:00Z,Bristol,BRI-019,Rail,Signal Failure,Medium,3,100,10186,TRUE
INC-202101-BRI-009-02,2021-01-22T13:52:00Z,Bristol,BRI-009,Tram,Vehicle Fault,Low,1,21,622,TRUE
INC-202101-EDI-013-02,2021-01-22T17:28:00Z,Edinburgh,EDI-013,Rail,Signal Failure,Low-Med,2,64,5048,TRUE
INC-202101-MAN-016-01,2021-01-23T01:21:00Z,Manchester,MAN-016,Bus,Congestion,Low,1,24,8545,TRUE
INC-202101-EDI-013-03,2021-01-23T02:37:00Z,Edinburgh,EDI-013,Rail,Signal Failure,Low-Med,2,30,3768,TRUE
INC-202101-LON-003-01,2021-01-23T06:36:00Z,London,LON-003,Bus,Vehicle Fault,Low,1,23,1851,TRUE
INC-202101-BRI-014-01,2021-01-23T07:12:00Z,Bristol,BRI-014,Bus,Staff Shortage,Low,1,14,541,FALSE
INC-202101-EDI-014-02,2021-01-23T08:45:00Z,Edinburgh,EDI-014,Underground,Station Closure,Medium,3,56,8526,TRUE
INC-202101-EDI-013-01,2021-01-23T11:28:00Z,Edinburgh,EDI-013,Rail,Weather,Low,1,13,1319,TRUE
INC-202101-BRI-008-01,2021-01-23T13:37:00Z,Bristol,BRI-008,Rail,Track Fault,Medium,3,70,7895,TRUE
INC-202506-EDI-004-02,2021-01-23T14:15:00Z,London,LON-013,Underground,Signal Failure,Med-High,4,143,62625,TRUE
INC-202101-MAN-005-01,2021-01-24T02:33:00Z,Manchester,MAN-005,Tram,Obstruction,Low,1,18,971,TRUE
INC-202101-MAN-017-03,2021-01-24T03:58:00Z,Manchester,MAN-017,Underground,Signal Failure,High,5,306,67127,TRUE
INC-202101-LON-005-01,2021-01-24T07:01:00Z,London,LON-005,rail,Signal Failure,Med-High,4,174,36230,TRUE
INC-202101-MAN-001-02,2021-01-24T18:38:00Z,Manchester,MAN-001,Bus,Congestion,Low,1,14,962,TRUE
INC-202101-EDI-011-01,2021-01-25T06:09:00Z,Edinburgh,EDI-011,Bus,Congestion,Low,1,21,808,TRUE
INC-202101-MAN-020-01,2021-01-25T16:17:00Z,Manchester,MAN-020,Bus,Vehicle Fault,Low-Med,2,,1979,TRUE
INC-202101-EDI-018-01,2021-01-25T18:10:00Z,Edinburgh,EDI-018,Rail,Signal Failure,Low-Med,2,38,2836,TRUE
INC-202101-MAN-001-01,2021-01-26T17:40:00Z,Manchester,MAN-001,Bus,Staff Shortage,Low,1,5,106,TRUE
INC-202101-MAN-021-01,2021-01-27T14:34:00Z,Manchester,MAN-021,Rail,Signal Failure,Medium,3,80,6207,TRUE
INC-202101-LON-019-04,2021-01-28T01:27:00Z,London,LON-019,Bus,Roadworks,Med-High,4,134,15688,TRUE
INC-202101-LON-012-01,2021-01-29T06:54:00Z,London,LON-012,Bus,Congestion,Low,1,14,796,TRUE
INC-202101-EDI-017-03,2021-01-29T09:25:00Z,Edinburgh,EDI-017,Underground,Signal Failure,Medium,3,84,10077,FALSE
INC-202101-BRI-014-02,2021-01-29T14:19:00Z,Bristol,BRI-014,Bus,Staff Shortage,Low,1,6,227,TRUE
INC-202101-BRI-022-01,2021-01-30T00:20:00Z,Bristol,BRI-022,Underground,Signal Failure,High,5,155,28754,TRUE
INC-202102-MAN-015-01,2021-02-01T00:22:00Z,Manchester,MAN-015,Bus,Vehicle Fault,Medium,3,74,5123,TRUE
INC-202102-MAN-022-01,2021-02-01T07:19:00Z,Manchester,MAN-022,Rail,Rolling Stock,Low,1,7,646,FALSE
INC-202102-EDI-010-04,2021-02-01T14:38:00Z,Edinburgh,EDI-010,Bus,Staff Shortage,Low,1,17,472,TRUE
INC-202102-MAN-019-01,2021-02-01T16:29:00Z,Manchester,MAN-019,Underground,Power Issue,Med-High,4,167,34146,TRUE
INC-202102-BRI-001-04,2021-02-01T17:59:00Z,Bristol,BRI-001,Bus,Congestion,Low,1,10,,TRUE
INC-202102-MAN-018-02,2021-02-02T02:06:00Z,Manchester,MAN-018,BikeShare,Dock Empty,Low,1,9,50,TRUE
INC-202102-MAN-002-01,2021-02-02T10:02:00Z,Manchester,MAN-002,Tram,Vehicle Fault,Low,1,26,944,TRUE
INC-202102-LON-013-02,2021-02-02T10:04:00Z,London,LON-013,Underground,Station Closure,High,5,265,38131,TRUE
INC-202102-LON-018-01,2021-02-04T02:43:00Z,London,LON-018,Bus,Vehicle Fault,Medium,3,95,9007,TRUE
INC-202102-MAN-013-02,2021-02-04T05:41:00Z,Manchester,MAN-013,Underground,Passenger Incident,Med-High,4,176,38048,TRUE
INC-202102-MAN-021-01,2021-02-04T07:04:00Z,Manchester,MAN-021,Rail,Track Fault,Med-High,4,173,17349,TRUE
INC-202102-EDI-005-01,2021-02-04T17:06:00Z,Edinburgh,EDI-005,Underground,Power Issue,Med-High,4,210,70634,FALSE
INC-202102-BRI-011-01,2021-02-04T21:56:00Z,Bristol,BRI-011,Bus,Staff Shortage,Low,1,15,575,TRUE
INC-202102-LON-020-01,2021-02-05T07:37:00Z,London,LON-020,Bus,Vehicle Fault,Medium,3,88,7031,TRUE
INC-202102-LON-012-01,2021-02-05T17:55:00Z,London,LON-012,Bus,Staff Shortage,Low-Med,2,49,4664,TRUE
INC-202102-BRI-014-03,2021-02-06T08:39:00Z,Bristol,BRI-014,Bus,Congestion,Low,1,5,232,TRUE
INC-202102-MAN-012-01,2021-02-07T07:25:00Z,Manchester,MAN-012,Rail,Track Fault,Med-High,4,145,17563,FALSE
INC-202102-MAN-014-02,2021-02-07T08:58:00Z,Manchester,MAN-014,BikeShare,Vandalism,Low,1,19,217,TRUE
INC-202102-MAN-013-01,2021-02-08T18:45:00Z,Manchester,MAN-013,Underground,Signal Failure,Medium,3,76,19903,TRUE
INC-202102-EDI-011-03,2021-02-09T07:36:00Z,Edinburgh,EDI-011,Bus,Congestion,Low,1,12,621,TRUE
INC-202102-LON-006-01,2021-02-09T09:20:00Z,London,LON-006,BikeShare,Bike Fault,Low,1,10,123,TRUE
INC-202102-LON-006-01,2021-02-09T09:21:00Z,London,LON-006,BikeShare,Bike Fault,Low,1,10,123,TRUE
INC-202102-LON-002-01,2021-02-09T18:56:00Z,London,LON-002,Bus,,Low-Med,2,29,3432,TRUE
INC-202102-EDI-011-02,2021-02-10T04:14:00Z,Edinburgh,EDI-011,Bus,Roadworks,Low,1,9,301,TRUE
INC-202102-LON-005-02,2021-02-10T07:23:00Z,London,LON-005,rail,Weather,Medium,3,127,15316,TRUE
INC-202102-BRI-005-01,2021-02-10T16:08:00Z,Bristol,BRI-005,Bus,Congestion,Low,1,23,2846,TRUE
INC-202102-BRI-019-01,2021-02-10T19:38:00Z,Bristol,BRI-019,Rail,,Low,1,8,680,TRUE
INC-202102-MAN-015-02,2021-02-11T03:55:00Z,Manchester,MAN-015,bus,Roadworks,Low-Med,2,48,2283,TRUE
INC-202102-MAN-010-01,2021-02-11T08:32:00Z,Manchester,MAN-010,Rail,Weather,Low-Med,2,51,3144,TRUE
INC-202102-EDI-006-02,2021-02-11T18:38:00Z,Edinburgh,EDI-006,Underground,Signal Failure,LOW-MED,2,,7122,TRUE
INC-202102-EDI-001-01,2021-02-11T19:18:00Z,Edinburgh,EDI-001,Underground,Passenger Incident,High,5,168,30628,TRUE
INC-202102-BRI-014-02,2021-02-12T04:22:00Z,Bristol,BRI-014,Bus,Roadworks,Low,1,22,674,TRUE
INC-202102-LON-017-02,2021-02-12T07:01:00Z,London,LON-017,Bus,Congestion,Low-Med,2,49,4314,TRUE
INC-202102-MAN-009-02,2021-02-12T13:39:00Z,Manchester,MAN-009,underground,Signal Failure,Med-High,4,114,17352,TRUE
INC-202102-MAN-021-02,2021-02-12T22:11:00Z,Manchester,MAN-021,Rail,Signal Failure,High,5,154,18566,TRUE
INC-202102-BRI-014-01,2021-02-12T23:49:00Z,Bristol,BRI-014,Bus,Congestion,Low-Med,2,45,2886,TRUE
INC-202102-BRI-001-02,2021-02-13T14:06:00Z,Bristol,BRI-001,Bus,Accident,Low Med,2,60,1949,TRUE
INC-202102-EDI-004-02,2021-02-13T17:18:00Z,Edinburgh,EDI-004,Bus,Staff Shortage,Low,1,21,525,TRUE
INC-202102-EDI-010-03,2021-02-13T20:40:00Z,Edinburgh,EDI-010,Bus,Congestion,Low,1,19,1171,TRUE
INC-202102-LON-008-01,2021-02-13T21:31:00Z,London,LON-008,Bus,Congestion,Low-Med,2,51,,TRUE
INC-202102-BRI-001-01,2021-02-14T11:50:00Z,Bristol,BRI-001,Bus,Vehicle Fault,Low,1,20,806,TRUE
INC-202102-BRI-015-01,2021-02-15T18:39:00Z,Bristol,BRI-015,BikeShare,Vandalism,Low,1,18,174,TRUE
INC-202102-MAN-015-03,2021-02-16T00:52:00Z,Manchester,MAN-015,Bus,Accident,Med-High,4,206,10200,TRUE
INC-202102-BRI-017-01,2021-02-16T07:44:00Z,Bristol,BRI-017,Bus,Congestion,Medium,3,100,6139,TRUE
INC-202102-EDI-008-01,2021-02-16T09:16:00Z,Edinburgh,EDI-008,Bus,Staff Shortage,LOW-MED,2,33,1695,TRUE
INC-202102-BRI-004-01,2021-02-16T09:18:00Z,Bristol,BRI-004,Underground,Signal Failure,Med-High,4,172,34514,TRUE
INC-202102-BRI-003-01,2021-02-16T18:15:00Z,Bristol,BRI-003,Rail,Rolling Stock,Medium,3,99,12082,TRUE
INC-202102-LON-015-01,2021-02-16T20:47:00Z,London,LON-015,Rail,Signal Failure,Med-High,4,103,13819,TRUE
INC-202102-EDI-017-01,2021-02-17T20:03:00Z,Edinburgh,EDI-017,Underground,Signal Failure,Medium,3,66,11637,TRUE
INC-202102-LON-021-02,2021-02-17T22:40:00Z,London,LON-021,Bus,Congestion,Low-Med,2,46,4715,TRUE
INC-202102-MAN-021-03,2021-02-17T22:56:00Z,Manchester,MAN-021,Rail,Rolling Stock,Medium,3,123,16525,TRUE
INC-202102-EDI-018-01,2021-02-18T06:39:00Z,Edinburgh,EDI-018,Rail,Signal Failure,Low-Med,2,42,4859,TRUE
INC-202102-MAN-018-01,2021-02-18T19:29:00Z,Manchester,MAN-018,BikeShare,Vandalism,Low,1,12,66,TRUE
INC-202102-EDI-020-01,2021-02-19T01:08:00Z,Edinburgh,EDI-020,Rail,Signal Failure,Med-High,4,111,12991,TRUE
INC-202102-BRI-012-02,2021-02-19T04:28:00Z,Bristol,BRI-012,BikeShare,Dock Full,Low,1,6,12,TRUE
INC-202102-EDI-002-01,2021-02-19T07:09:00Z,Edinburgh,EDI-002,Bus,Accident,Low,1,19,848,TRUE
INC-202102-EDI-010-02,2021-02-20T03:41:00Z,Edinburgh,EDI-010,Bus,,Low,1,14,756,TRUE
INC-202102-LON-019-01,2021-02-20T08:19:00Z,London,LON-019,Bus,Vehicle Fault,Med-High,4,130,,TRUE
INC-202102-EDI-011-01,2021-02-20T09:16:00Z,Edinburgh,EDI-011,Bus,Congestion,Med-High,4,93,9024,TRUE
INC-202102-BRI-008-01,2021-02-20T10:47:00Z,Bristol,BRI-008,Rail,Track Fault,Med-High,4,143,5065,TRUE
INC-202102-LON-003-02,2021-02-20T12:14:00Z,London,LON-003,Bus,Congestion,Low,1,23,878,TRUE
INC-202102-MAN-009-01,2021-02-21T07:01:00Z,Manchester,MAN-009,Underground,Signal Failure,Med-High,4,148,68369,TRUE
INC-202102-LON-017-01,2021-02-21T10:56:00Z,London,LON-017,Bus,Staff Shortage,Medium,3,101,7428,TRUE
INC-202102-BRI-012-01,2021-02-22T06:01:00Z,Bristol,BRI-012,BikeShare,Bike Fault,Low,1,6,23,TRUE
INC-202102-MAN-008-01,2021-02-22T18:14:00Z,Manchester,MAN-008,Bus,Roadworks,Low,1,26,1772,TRUE
INC-202102-BRI-022-01,2021-02-22T18:49:00Z,Bristol,BRI-022,Underground,Signal Failure,Med-High,4,202,64174,TRUE
INC-202102-MAN-006-02,2021-02-23T01:54:00Z,Manchester,MAN-006,Tram,Vehicle Fault,Low,1,16,609,TRUE
INC-202102-EDI-007-01,2021-02-23T08:29:00Z,Edinburgh,EDI-007,BikeShare,Dock Empty,Low,1,8,118,TRUE
INC-202102-EDI-010-01,2021-02-24T09:32:00Z,Edinburgh,EDI-010,Bus,Roadworks,Med-High,4,167,11471,TRUE
INC-202102-LON-013-01,2021-02-25T09:05:00Z,london,LON-013,Underground,Power Issue,Med-High,4,132,37194,TRUE
INC-202102-LON-008-02,2021-02-26T07:46:00Z,London,LON-008,Bus,Roadworks,Medium,3,84,8353,TRUE
INC-202102-LON-003-01,2021-02-26T09:52:00Z,London,LON-003,Bus,Congestion,Low-Med,2,42,,TRUE
INC-202102-BRI-021-01,2021-02-26T16:12:00Z,Bristol,BRI-021,Rail,Track Fault,Medium,3,80,3970,TRUE
INC-202102-LON-009-01,2021-02-26T17:18:00Z,London,LON-009,Rail,Track Fault,Med-High,4,177,23320,TRUE
INC-202102-LON-005-01,2021-02-26T17:58:00Z,London,LON-005,Rail,Signal Failure,Low-Med,2,53,3960,TRUE
INC-202102-BRI-019-02,2021-02-27T06:58:00Z,Bristol,BRI-019,Rail,Rolling Stock,Low,1,21,3393,TRUE
INC-202102-BRI-001-03,2021-02-27T09:40:00Z,Bristol,BRI-001,Bus,Congestion,Low,1,22,663,TRUE
INC-202102-LON-021-01,2021-02-28T00:15:00Z,London,LON-021,Bus,Accident,LOW-MED,2,19,2188,TRUE
INC-202102-BRI-007-01,2021-02-28T00:34:00Z,Bristol,BRI-007,Tram,Roadworks,Low,1,12,533,TRUE
INC-202102-EDI-006-01,2021-02-28T07:30:00Z,Edinburgh,EDI-006,Underground,Power Issue,Med-High,4,136,31415,TRUE
INC-202102-LON-022-01,2021-02-28T08:41:00Z,London,LON-022,Underground,Signal Failure,Med-High,4,136,48159,TRUE
INC-202102-BRI-006-01,2021-02-28T09:39:00Z,Bristol,BRI-006,Bus,Vehicle Fault,Low-Med,2,21,1342,TRUE
INC-202102-EDI-001-02,2021-02-28T09:50:00Z,Edinburgh,EDI-001,Underground,Signal Failure,Medium,3,77,10817,TRUE
INC-202102-MAN-017-01,2021-02-28T13:13:00Z,Manchester,MAN-017,Underground,Signal Failure,Medium,3,79,11950,TRUE
INC-202212-EDI-003-01,2021-02-28T17:02:00Z,Bristol,BRI-015,BikeShare,Dock Full,Low,1,12,,TRUE
INC-202102-LON-014-01,2021-02-28T17:08:00Z,London,LON-014,Bus,Roadworks,Low-Med,2,50,3537,TRUE
INC-202102-EDI-019-01,2021-02-28T17:09:00Z,Edinburgh,EDI-019,Tram,Obstruction,Low,1,18,308,TRUE
INC-202102-MAN-014-01,2021-02-28T17:43:00Z,Manchester,MAN-014,BikeShare,Dock Full,Low,1,12,154,TRUE
INC-202102-MAN-006-01,2021-02-28T18:11:00Z,Manchester,MAN-006,Tram,Vehicle Fault,Low,1,10,294,TRUE
INC-202102-MAN-022-02,2021-02-28T21:04:00Z,Manchester,MAN-022,rail,Rolling Stock,Medium,3,93,8326,TRUE
INC-202102-MAN-016-01,2021-02-28T21:09:00Z,Manchester,MAN-016,Bus,Congestion,Low,1,20,1836,TRUE
INC-202102-EDI-004-01,2021-02-28T23:26:00Z,Edinburgh,EDI-004,Bus,Roadworks,Low,1,15,1036,FALSE
INC-202103-EDI-008-03,2021-03-01T00:44:00Z,Edinburgh,EDI-008,Bus,Roadworks,Medium,3,55,2201,TRUE
INC-202103-LON-003-03,2021-03-01T05:08:00Z,London,LON-003,Bus,Congestion,Low-Med,2,43,906,FALSE
INC-202103-LON-017-02,2021-03-01T08:11:00Z,London,LON-017,Bus,Staff Shortage,Med-High,4,177,15731,TRUE
INC-202103-LON-016-01,2021-03-01T14:46:00Z,London,LON-016,Rail,Signal Failure,Med-High,4,194,28614,TRUE
INC-202103-LON-005-01,2021-03-02T04:09:00Z,London,LON-005,Rail,Track Fault,Med-High,4,,34261,TRUE
INC-202103-LON-001-02,2021-03-02T09:55:00Z,London,LON-001,Bus,Congestion,Medium,3,60,2617,TRUE
INC-202103-LON-003-02,2021-03-02T13:47:00Z,London,LON-003,Bus,Accident,Low,1,22,567,TRUE
INC-202103-BRI-017-01,2021-03-02T17:26:00Z,Bristol,BRI-017,Bus,Roadworks,Low-Med,2,,2422,TRUE
INC-202103-EDI-011-02,2021-03-02T17:41:00Z,Edinburgh,EDI-011,Bus,Accident,Low,1,11,298,TRUE
INC-202103-MAN-012-01,2021-03-02T19:21:00Z,Manchester,MAN-012,Rail,Signal Failure,Medium,3,73,9968,TRUE
INC-202103-LON-001-03,2021-03-04T01:30:00Z,London,LON-001,Bus,Staff Shortage,Low-Med,2,43,2508,TRUE
INC-202103-BRI-019-03,2021-03-04T05:29:00Z,Bristol,BRI-019,Rail,Signal Failure,Low-Med,2,26,1772,TRUE
INC-202103-MAN-013-02,2021-03-04T11:34:00Z,Manchester,MAN-013,underground,Station Closure,High,5,263,56255,FALSE
INC-202103-EDI-017-01,2021-03-04T17:25:00Z,Edinburgh,EDI-017,Underground,Signal Failure,High,5,214,97814,TRUE
INC-202103-MAN-006-01,2021-03-04T18:31:00Z,MAN,MAN-006,Tram,Vehicle Fault,Low-Med,2,50,2002,TRUE
INC-202103-MAN-006-01,2021-03-04T18:31:00Z,MAN,MAN-006,Tram,Vehicle Fault,Low-Med,2,50,2002,TRUE
INC-202103-EDI-011-01,2021-03-04T19:08:00Z,Edinburgh,EDI-011,Bus,Roadworks,Medium,3,121,10301,TRUE
INC-202103-LON-003-01,2021-03-04T21:17:00Z,London,LON-003,Bus,Vehicle Fault,Low,1,7,89,TRUE
INC-202103-BRI-011-01,2021-03-05T06:16:00Z,Bristol,BRI-011,Bus,Roadworks,Low,1,26,790,TRUE
INC-202103-LON-013-01,2021-03-05T06:39:00Z,London,LON-013,Underground,Station Closure,Medium,3,,31301,TRUE
INC-202103-BRI-016-01,2021-03-05T09:50:00Z,Bristol,BRI-016,Rail,Signal Failure,Medium,3,102,9733,TRUE
INC-202103-BRI-022-01,2021-03-05T10:29:00Z,Bristol,BRI-022,Underground,Signal Failure,Medium,3,62,15611,TRUE
INC-202103-LON-001-01,2021-03-05T17:35:00Z,London,LON-001,Bus,Congestion,Low-Med,2,40,5992,TRUE
INC-202103-LON-009-01,2021-03-06T17:21:00Z,London,LON-009,Rail,Rolling Stock,Med-High,4,132,28535,TRUE
INC-202103-LON-019-02,2021-03-06T18:12:00Z,LDN,LON-019,Bus,Roadworks,Medium,3,70,10682,TRUE
INC-202103-LON-009-02,2021-03-07T02:49:00Z,London,LON-009,rail,Signal Failure,Med-High,4,136,17376,TRUE
INC-202103-LON-015-02,2021-03-07T18:43:00Z,London,LON-015,Rail,Signal Failure,Med-High,4,198,37801,TRUE
INC-202103-LON-022-01,2021-03-08T06:28:00Z,London,LON-022,Underground,Signal Failure,High,5,193,123697,TRUE
INC-202103-MAN-009-01,2021-03-09T03:17:00Z,Manchester,MAN-009,Underground,Passenger Incident,High,5,,42624,TRUE
INC-202103-LON-007-01,2021-03-09T13:01:00Z,London,LON-007,Tram,Power Issue,Low Med,2,33,2882,TRUE
INC-202103-EDI-012-02,2021-03-09T18:01:00Z,Edinburgh,EDI-012,Underground,Station Closure,Medium,3,76,8056,TRUE
INC-202103-MAN-022-01,2021-03-09T23:58:00Z,Manchester,MAN-022,Rail,Rolling Stock,Medium,3,78,8506,TRUE
INC-202103-LON-008-01,2021-03-10T19:40:00Z,London,LON-008,Bus,Vehicle Fault,Med-High,4,103,6049,TRUE
INC-202103-EDI-006-02,2021-03-11T13:02:00Z,Edinburgh,EDI-006,Underground,Power Issue,Medium,3,98,35406,FALSE
INC-202103-MAN-001-01,2021-03-11T22:37:00Z,Manchester,MAN-001,Bus,Congestion,Low,1,12,250,TRUE
INC-202103-MAN-020-02,2021-03-12T12:01:00Z,Manchester,MAN-020,Bus,Roadworks,Low-Med,2,51,3194,TRUE
INC-202103-EDI-004-01,2021-03-14T07:30:00Z,Edinburgh,EDI-004,Bus,Roadworks,Low,1,25,3012,FALSE
INC-202103-BRI-009-02,2021-03-14T08:02:00Z,Bristol,BRI-009,Tram,Vehicle Fault,Low,1,11,644,TRUE
INC-202103-MAN-022-02,2021-03-15T16:28:00Z,Manchester,MAN-022,Rail,Rolling Stock,Medium,3,93,11285,TRUE
INC-202103-MAN-019-03,2021-03-16T03:24:00Z,Manchester,MAN-019,Underground,Passenger Incident,Med-High,4,126,22755,TRUE
INC-202103-EDI-006-01,2021-03-16T07:39:00Z,Edinburgh,EDI-006,Underground,Signal Failure,Med-High,4,151,65366,TRUE
INC-202103-BRI-003-01,2021-03-16T09:21:00Z,Bristol,BRI-003,Rail,Signal Failure,Low-Med,2,23,4699,TRUE
INC-202103-EDI-014-01,2021-03-16T17:22:00Z,Edinburgh,EDI-014,Underground,Passenger Incident,Medium,3,110,14257,TRUE
INC-202103-EDI-012-01,2021-03-16T18:26:00Z,Edinburgh,EDI-012,Underground,Passenger Incident,Medium,3,85,,TRUE
INC-202103-MAN-019-01,2021-03-17T07:37:00Z,Manchester,MAN-019,Underground,Signal Failure,High,5,319,81735,TRUE
INC-202103-LON-006-02,2021-03-17T07:48:00Z,London,LON-006,bikeshare,Vandalism,Low,1,18,163,TRUE
INC-202103-BRI-017-02,2021-03-17T08:15:00Z,Bristol,BRI-017,Bus,Congestion,Med-High,4,159,9041,TRUE
INC-202103-BRI-008-01,2021-03-17T13:19:00Z,Bristol,BRI-008,Rail,Signal Failure,Medium,3,66,7414,TRUE
INC-202103-EDI-019-01,2021-03-18T09:56:00Z,Edinburgh,EDI-019,Tram,Vehicle Fault,Low,1,19,442,TRUE
INC-202103-LON-020-03,2021-03-18T18:06:00Z,London,LON-020,Bus,Staff Shortage,Low-Med,2,39,6567,TRUE
INC-202103-EDI-010-03,2021-03-18T18:35:00Z,Edinburgh,EDI-010,Bus,Vehicle Fault,Medium,3,79,5437,TRUE
INC-202103-MAN-009-02,2021-03-18T19:30:00Z,Manchester,MAN-009,Underground,Power Issue,Med-High,4,200,88617,FALSE
INC-202103-BRI-022-02,2021-03-20T04:39:00Z,Bristol,BRI-022,Underground,Power Issue,Medium,3,57,13500,FALSE
INC-202103-EDI-005-03,2021-03-20T08:16:00Z,Edinburgh,EDI-005,Underground,Station Closure,Medium,3,,32075,TRUE
INC-202103-LON-015-01,2021-03-20T08:55:00Z,London,LON-015,Rail,Weather,Medium,3,74,14638,TRUE
INC-202103-MAN-015-01,2021-03-20T11:25:00Z,Manchester,MAN-015,Bus,Congestion,Medium,3,114,11027,FALSE
INC-202103-LON-020-02,2021-03-20T15:53:00Z,London,LON-020,Bus,Congestion,Med-High,4,191,34081,TRUE
INC-202103-EDI-010-04,2021-03-20T21:23:00Z,Edinburgh,EDI-010,Bus,Roadworks,Low,1,5,270,TRUE
INC-202103-MAN-007-01,2021-03-21T03:54:00Z,Manchester,MAN-007,Tram,Obstruction,Low,1,11,259,TRUE
INC-202103-EDI-015-02,2021-03-21T07:47:00Z,Edinburgh,EDI-015,Bus,Congestion,Medium,3,105,3243,TRUE
INC-202103-EDI-003-01,2021-03-22T17:43:00Z,Edinburgh,EDI-003,Bus,Vehicle Fault,Low-Med,2,48,2969,TRUE
INC-202103-MAN-019-02,2021-03-23T03:08:00Z,Manchester,MAN-019,Underground,Power Issue,Medium,3,1580,20813,TRUE
INC-202103-BRI-008-02,2021-03-23T14:31:00Z,Bristol,BRI-008,Rail,Signal Failure,Medium,3,84,10716,TRUE
INC-202103-EDI-005-01,2021-03-23T15:17:00Z,Edinburgh,EDI-005,Underground,Power Issue,Low-Med,2,47,10691,TRUE
INC-202103-LON-018-01,2021-03-23T19:14:00Z,LDN,LON-018,Bus,Congestion,Low-Med,2,27,2196,TRUE
INC-202103-BRI-013-01,2021-03-23T19:58:00Z,Bristol,BRI-013,Bus,Congestion,Low,1,8,90,TRUE
INC-202103-LON-012-01,2021-03-23T22:50:00Z,London,LON-012,Bus,Staff Shortage,Low-Med,2,37,4149,TRUE
INC-202103-BRI-009-01,2021-03-24T00:04:00Z,Bristol,BRI-009,tram,Vehicle Fault,Medium,3,109,5725,TRUE
INC-202103-EDI-017-02,2021-03-24T06:34:00Z,Edinburgh,EDI-017,Underground,Signal Failure,MED-HIGH,4,91,43570,TRUE
INC-202103-LON-020-01,2021-03-24T06:50:00Z,London,LON-020,Bus,Vehicle Fault,Low-Med,2,38,4259,TRUE
INC-202103-BRI-006-01,2021-03-24T09:39:00Z,Bristol,BRI-006,Bus,Accident,LOW,1,21,867,TRUE
INC-202103-EDI-011-03,2021-03-24T14:24:00Z,Edinburgh,EDI-011,Bus,Roadworks,Low,1,15,601,TRUE
INC-202103-BRI-021-01,2021-03-25T01:30:00Z,Bristol,BRI-021,Rail,Signal Failure,Medium,3,74,9835,TRUE
INC-202103-BRI-019-02,2021-03-25T16:46:00Z,Bristol,BRI-019,Rail,Signal Failure,Low-Med,2,48,5490,TRUE
INC-202103-EDI-015-01,2021-03-26T02:47:00Z,Edinburgh,EDI-015,Bus,Vehicle Fault,Low,1,5,,TRUE
INC-202103-LON-004-01,2021-03-26T18:34:00Z,LDN,LON-004,Tram,Vehicle Fault,Low,1,10,249,TRUE
INC-202310-BRI-021-01,2021-03-27T07:56:00Z,Edinburgh,EDI-008,Bus,Congestion,Low-Med,2,54,9858,TRUE
INC-202103-MAN-002-01,2021-03-27T08:06:00Z,Manchester,MAN-002,Tram,Power Issue,Low,1,5,,TRUE
INC-202103-MAN-013-01,2021-03-27T09:23:00Z,Manchester,MAN-013,Underground,Passenger Incident,Med-High,4,135,38195,TRUE
INC-202103-BRI-006-02,2021-03-27T16:44:00Z,Bristol,BRI-006,Bus,Roadworks,Low-Med,2,37,2808,TRUE
INC-202103-BRI-005-01,2021-03-28T00:17:00Z,bristol,BRI-005,Bus,Roadworks,Low,1,8,395,TRUE
INC-202103-EDI-008-01,2021-03-28T01:47:00Z,Edinburgh,EDI-008,Bus,Accident,Low-Med,2,58,2690,FALSE
INC-202103-LON-019-01,2021-03-28T02:04:00Z,London,LON-019,Bus,Congestion,Med-High,4,,22822,TRUE
INC-202103-LON-011-01,2021-03-29T13:20:00Z,London,LON-011,Tram,Power Issue,Low-Med,2,48,4217,TRUE
INC-202103-MAN-010-01,2021-03-29T14:35:00Z,Manchester,MAN-010,Rail,Rolling Stock,Low-Med,2,39,3504,TRUE
INC-202103-EDI-005-02,2021-03-29T17:06:00Z,Edinburgh,EDI-005,Underground,Power Issue,Medium,3,117,15844,TRUE
INC-202103-LON-007-02,2021-03-29T18:35:00Z,London,LON-007,Tram,Roadworks,Low-Med,2,42,1466,TRUE
INC-202103-EDI-010-01,2021-03-29T20:14:00Z,Edinburgh,EDI-010,Bus,Staff Shortage,Low-Med,2,40,2850,FALSE
INC-202103-BRI-019-01,2021-03-29T21:49:00Z,Bristol,BRI-019,Rail,Track Fault,Medium,3,57,7333,TRUE
INC-202103-MAN-020-01,2021-03-29T23:01:00Z,Manchester,MAN-020,Bus,Congestion,Low,1,13,768,TRUE
INC-202103-MAN-022-03,2021-03-30T06:43:00Z,Manchester,MAN-022,Rail,Rolling Stock,Medium,3,69,5961,TRUE
INC-202103-LON-017-01,2021-03-30T07:01:00Z,London,LON-017,Bus,Congestion,Low,1,20,1549,TRUE
INC-202103-EDI-013-01,2021-03-30T07:58:00Z,Edinburgh,EDI-013,Rail,Signal Failure,Low,1,29,2280,TRUE
INC-202103-LON-017-03,2021-03-30T11:50:00Z,London,LON-017,Bus,Congestion,Low-Med,2,39,4760,TRUE
INC-202103-BRI-005-02,2021-03-30T17:39:00Z,Bristol,BRI-005,Bus,Staff Shortage,Low-Med,2,36,,TRUE
INC-202103-LON-019-03,2021-03-31T03:36:00Z,London,LON-019,Bus,Congestion,Low-Med,2,38,3528,TRUE
INC-202103-EDI-010-02,2021-03-31T08:26:00Z,Edinburgh,EDI-010,Bus,Congestion,Low-Med,2,52,2293,TRUE
INC-202103-LON-006-01,2021-03-31T13:57:00Z,London,LON-006,BikeShare,Vandalism,Low,1,12,98,TRUE
INC-202103-BRI-021-02,2021-03-31T16:34:00Z,Bristol,BRI-021,Rail,Track Fault,Low-Med,2,43,3403,TRUE
INC-202103-BRI-018-01,2021-03-31T21:55:00Z,Bristol,BRI-018,Bus,Accident,Low-Med,2,44,1495,FALSE
INC-202104-MAN-020-03,2021-04-01T06:34:00Z,Manchester,MAN-020,Bus,Accident,Low,1,11,1060,TRUE
INC-202104-LON-015-01,2021-04-01T11:13:00Z,London,LON-015,Rail,Track Fault,Med-High,4,210,64412,TRUE
INC-202104-LON-017-03,2021-04-01T16:58:00Z,London,LON-017,Bus,Congestion,Medium,3,106,9818,TRUE
INC-202104-LON-017-01,2021-04-02T08:45:00Z,London,LON-017,Bus,Congestion,Medium,3,50,5392,TRUE
INC-202104-MAN-015-03,2021-04-02T09:08:00Z,Manchester,MAN-015,Bus,Congestion,Low,1,14,1264,TRUE
INC-202104-BRI-016-01,2021-04-02T22:37:00Z,Bristol,BRI-016,Rail,Track Fault,Low-Med,2,16,2488,TRUE
INC-202104-MAN-013-01,2021-04-03T18:02:00Z,Manchester,MAN-013,Underground,Station Closure,Medium,3,137,43824,TRUE
INC-202104-LON-003-01,2021-04-04T16:09:00Z,London,LON-003,Bus,Vehicle Fault,Low,1,5,173,TRUE
INC-202104-LON-001-01,2021-04-04T21:21:00Z,London,LON-001,Bus,Congestion,Medium,3,93,9593,TRUE
INC-202104-MAN-017-01,2021-04-05T07:21:00Z,Manchester,MAN-017,Underground,Power Issue,Low-Med,2,58,15028,FALSE
INC-202104-BRI-014-02,2021-04-05T17:36:00Z,Bristol,BRI-014,Bus,Congestion,Low-Med,2,43,35992,FALSE
INC-202104-EDI-012-02,2021-04-05T23:35:00Z,Edinburgh,EDI-012,Underground,,Med-High,4,102,22334,TRUE
INC-202104-EDI-009-02,2021-04-06T03:20:00Z,Edinburgh,EDI-009,Bus,Congestion,Medium,3,55,2462,TRUE
INC-202104-MAN-022-03,2021-04-06T11:48:00Z,Manchester,MAN-022,Rail,Signal Failure,Medium,3,89,8285,TRUE
INC-202104-EDI-010-02,2021-04-07T05:09:00Z,Edinburgh,EDI-010,Bus,Congestion,Low-Med,2,39,2532,FALSE
INC-202306-EDI-015-04,2021-04-07T06:51:00Z,Manchester,MAN-003,BikeShare,Bike Fault,Low,1,8,56,TRUE
INC-202104-BRI-017-01,2021-04-07T17:09:00Z,Bristol,BRI-017,Bus,Roadworks,Low,1,11,442,TRUE
INC-202104-EDI-015-01,2021-04-07T23:50:00Z,Edinburgh,EDI-015,Bus,Congestion,Low,1,17,772,TRUE
INC-202104-EDI-012-01,2021-04-08T06:07:00Z,Edinburgh,EDI-012,Underground,Signal Failure,Medium,3,105,25059,TRUE
INC-202104-EDI-003-01,2021-04-08T07:51:00Z,Edinburgh,EDI-003,Bus,Staff Shortage,Low-Med,2,33,2202,TRUE
INC-202104-MAN-015-02,2021-04-08T18:18:00Z,Manchester,MAN-015,Bus,Vehicle Fault,Low-Med,2,34,3343,TRUE
INC-202104-MAN-015-01,2021-04-09T06:29:00Z,Manchester,MAN-015,Bus,Congestion,Low,1,22,1772,FALSE
INC-202104-MAN-022-02,2021-04-09T10:57:00Z,Manchester,MAN-022,Rail,Rolling Stock,Medium,3,114,13966,TRUE
INC-202104-MAN-014-01,2021-04-09T12:02:00Z,Manchester,MAN-014,BikeShare,Bike Fault,Low,1,12,82,TRUE
INC-202104-LON-021-01,2021-04-09T16:34:00Z,London,LON-021,Bus,Roadworks,Low,1,7,428,TRUE
INC-202104-BRI-011-01,2021-04-10T17:38:00Z,Bristol,BRI-011,Bus,Roadworks,Medium,3,77,6333,TRUE
INC-202104-LON-002-01,2021-04-10T23:47:00Z,London,LON-002,Bus,Roadworks,Low-Med,2,22,3217,TRUE
INC-202104-MAN-007-01,2021-04-11T05:56:00Z,Manchester,MAN-007,Tram,Vehicle Fault,Low,1,11,414,TRUE
INC-202104-EDI-005-01,2021-04-11T06:36:00Z,Edinburgh,EDI-005,Underground,Power Issue,Med-High,4,202,41031,TRUE
INC-202104-BRI-022-01,2021-04-11T08:41:00Z,Bristol,BRI-022,Underground,Power Issue,Medium,3,48,5955,TRUE
INC-202104-LON-019-02,2021-04-12T08:56:00Z,LDN,LON-019,bus,Roadworks,Med-High,4,207,17709,TRUE
INC-202104-LON-021-02,2021-04-12T19:41:00Z,London,LON-021,Bus,Accident,Med-High,4,97,5916,TRUE
INC-202104-BRI-018-02,2021-04-13T04:23:00Z,Bristol,BRI-018,Bus,Staff Shortage,Low,1,19,939,TRUE
INC-202104-MAN-021-02,2021-04-13T06:29:00Z,Manchester,MAN-021,rail,Rolling Stock,Med-High,4,172,13991,TRUE
INC-202104-MAN-020-02,2021-04-13T08:17:00Z,Manchester,MAN-020,Bus,Roadworks,Low,1,7,370,TRUE
INC-202104-EDI-011-04,2021-04-13T10:30:00Z,Edinburgh,EDI-011,Bus,Vehicle Fault,Low-Med,2,34,2334,TRUE
INC-202104-EDI-020-01,2021-04-14T01:31:00Z,Edinburgh,EDI-020,Rail,Rolling Stock,Low-Med,2,23,742,TRUE
INC-202104-EDI-011-03,2021-04-14T07:08:00Z,Edinburgh,EDI-011,Bus,Vehicle Fault,Low-Med,2,41,2546,TRUE
INC-202104-EDI-002-02,2021-04-14T09:30:00Z,Edinburgh,EDI-002,Bus,Roadworks,Medium,3,116,4318,FALSE
INC-202104-BRI-002-01,2021-04-14T09:59:00Z,Bristol,BRI-002,Bus,Congestion,Low,1,11,376,TRUE
INC-202104-MAN-009-01,2021-04-14T11:42:00Z,Manchester,MAN-009,Underground,Station Closure,High,5,217,83744,TRUE
INC-202104-BRI-003-01,2021-04-14T13:19:00Z,Bristol,BRI-003,Rail,Signal Failure,Low-Med,2,56,8492,TRUE
INC-202104-BRI-020-01,2021-04-14T13:26:00Z,Bristol,BRI-020,Rail,Track Fault,Med-High,4,162,22031,TRUE
INC-202104-LON-009-02,2021-04-15T12:21:00Z,London,LON-009,Rail,Track Fault,High,5,250,21374,TRUE
INC-202104-MAN-021-01,2021-04-16T19:59:00Z,Manchester,MAN-021,Rail,Signal Failure,High,5,256,41510,TRUE
INC-202104-EDI-009-04,2021-04-16T20:34:00Z,Edinburgh,EDI-009,Bus,Roadworks,Low,1,9,411,TRUE
INC-202104-LON-017-02,2021-04-17T22:44:00Z,London,LON-017,Bus,Vehicle Fault,Low,1,15,883,TRUE
INC-202104-EDI-011-02,2021-04-18T07:58:00Z,Edinburgh,EDI-011,Bus,Staff Shortage,Low,1,28,2450,TRUE
INC-202104-LON-016-01,2021-04-20T07:07:00Z,London,LON-016,Rail,Signal Failure,Low-Med,2,50,9712,TRUE
INC-202104-LON-022-01,2021-04-20T13:20:00Z,London,LON-022,Underground,Power Issue,Medium,3,86,17403,TRUE
INC-202104-EDI-010-01,2021-04-22T18:25:00Z,Edinburgh,EDI-010,Bus,Congestion,Low-Med,2,29,830,TRUE
INC-202104-EDI-009-03,2021-04-22T18:40:00Z,Edinburgh,EDI-009,Bus,Staff Shortage,Low,1,23,1472,TRUE
INC-202104-LON-001-02,2021-04-22T23:16:00Z,London,LON-001,Bus,Staff Shortage,Medium,3,73,11580,TRUE
INC-202104-MAN-020-01,2021-04-23T02:00:00Z,Manchester,MAN-020,Bus,Congestion,Low-Med,2,34,1704,TRUE
INC-202104-MAN-013-02,2021-04-24T15:11:00Z,Manchester,MAN-013,Underground,Passenger Incident,High,5,215,71406,TRUE
INC-202104-LON-009-01,2021-04-24T17:07:00Z,London,LON-009,Rail,Signal Failure,Low,1,35,3271,TRUE
INC-202104-EDI-006-01,2021-04-25T07:38:00Z,Edinburgh,EDI-006,Underground,Passenger Incident,High,5,310,110333,TRUE
INC-202104-BRI-018-01,2021-04-25T13:12:00Z,Bristol,BRI-018,Bus,Congestion,Low,1,21,893,TRUE
INC-202104-BRI-011-02,2021-04-25T17:54:00Z,Bristol,BRI-011,Bus,Vehicle Fault,Low-Med,2,48,2495,TRUE
INC-202104-MAN-002-01,2021-04-25T18:44:00Z,Manchester,MAN-002,Tram,Vehicle Fault,Low-Med,2,43,2502,TRUE
INC-202104-MAN-022-01,2021-04-26T08:54:00Z,Manchester,MAN-022,Rail,Signal Failure,Medium,3,79,12219,TRUE
INC-202104-LON-019-01,2021-04-26T10:34:00Z,London,LON-019,Bus,Vehicle Fault,Low-Med,2,51,3502,TRUE
INC-202104-BRI-017-02,2021-04-26T18:38:00Z,Bristol,BRI-017,Bus,Roadworks,Low,1,7,274,TRUE
INC-202104-LON-008-01,2021-04-27T07:52:00Z,London,LON-008,Bus,Roadworks,Medium,3,99,16197,TRUE
INC-202104-LON-012-01,2021-04-27T19:51:00Z,london,LON-012,Bus,,Medium,3,106,6702,TRUE
INC-202104-LON-019-03,2021-04-28T04:09:00Z,London,LON-019,Bus,Roadworks,Low-Med,2,54,4957,TRUE
INC-202104-EDI-011-01,2021-04-28T05:50:00Z,EDI,EDI-011,Bus,Congestion,Low-Med,2,30,2453,TRUE
INC-202104-LON-021-03,2021-04-28T06:44:00Z,London,LON-021,Bus,Roadworks,Low-Med,2,51,3670,TRUE
INC-202104-LON-017-04,2021-04-28T17:52:00Z,London,LON-017,Bus,Roadworks,Low-Med,2,46,2361,TRUE
INC-202104-MAN-004-01,2021-04-29T19:18:00Z,Manchester,MAN-004,Bus,Roadworks,Low-Med,2,47,1979,FALSE
INC-202104-EDI-002-01,2021-04-30T00:16:00Z,Edinburgh,EDI-002,Bus,Staff Shortage,Low,1,17,1157,TRUE
INC-202104-EDI-009-01,2021-04-30T07:10:00Z,Edinburgh,EDI-009,Bus,Vehicle Fault,Low-Med,2,44,3286,TRUE
INC-202104-BRI-022-02,2021-04-30T08:43:00Z,Bristol,BRI-022,Underground,Passenger Incident,Low-Med,2,58,7584,TRUE
INC-202104-BRI-014-01,2021-04-30T14:25:00Z,Bristol,BRI-014,Bus,,Low-Med,2,38,3176,TRUE
INC-202104-EDI-006-02,2021-04-30T16:48:00Z,Edinburgh,EDI-006,Underground,Power Issue,High,5,250,115926,TRUE
INC-202105-LON-008-01,2021-05-01T06:14:00Z,London,LON-008,Bus,Congestion,High,5,199,26644,TRUE
INC-202105-MAN-001-01,2021-05-01T12:55:00Z,Manchester,MAN-001,Bus,Congestion,Medium,3,81,4641,FALSE
INC-202105-BRI-019-01,2021-05-01T17:55:00Z,Bristol,BRI-019,Rail,Rolling Stock,Medium,3,97,15818,FALSE
INC-202105-EDI-012-02,2021-05-02T06:07:00Z,Edinburgh,EDI-012,Underground,Power Issue,Medium,3,67,8877,TRUE
INC-202105-LON-002-01,2021-05-02T09:52:00Z,London,LON-002,Bus,Vehicle Fault,Medium,3,97,8260,TRUE
INC-202105-LON-004-01,2021-05-02T10:22:00Z,London,LON-004,Tram,Roadworks,Low,1,22,1817,TRUE
INC-202105-MAN-015-01,2021-05-02T18:21:00Z,Manchester,MAN-015,Bus,Roadworks,Low-Med,2,51,3169,TRUE
INC-202105-MAN-013-02,2021-05-02T19:10:00Z,Manchester,MAN-013,Underground,Signal Failure,Med-High,4,103,31571,TRUE
INC-202105-MAN-020-01,2021-05-03T02:59:00Z,Manchester,MAN-020,Bus,Accident,Medium,3,104,5992,TRUE
INC-202105-BRI-009-02,2021-05-03T22:24:00Z,Bristol,BRI-009,Tram,Power Issue,Low-Med,2,45,1972,TRUE
INC-202105-MAN-009-01,2021-05-04T05:19:00Z,Manchester,MAN-009,Underground,Power Issue,High,5,257,50575,TRUE
INC-202105-EDI-002-01,2021-05-04T05:50:00Z,Edinburgh,EDI-002,Bus,Roadworks,Medium,3,113,6577,TRUE
INC-202105-MAN-005-01,2021-05-04T06:26:00Z,Manchester,MAN-005,Tram,Power Issue,Medium,3,87,4038,TRUE
INC-202105-MAN-013-03,2021-05-04T13:50:00Z,Manchester,MAN-013,Underground,Signal Failure,High,5,208,322355,TRUE
INC-202105-LON-016-02,2021-05-04T16:06:00Z,London,LON-016,Rail,Track Fault,Medium,3,80,9433,TRUE
INC-202105-MAN-013-01,2021-05-04T20:23:00Z,Manchester,MAN-013,Underground,Station Closure,High,5,258,137490,TRUE
INC-202105-EDI-004-01,2021-05-04T21:48:00Z,Edinburgh,EDI-004,Bus,Vehicle Fault,Low-Med,2,18,3014,FALSE
INC-202105-BRI-004-02,2021-05-05T08:47:00Z,Bristol,BRI-004,Underground,Station Closure,Low-Med,2,74,19088,TRUE
INC-202105-EDI-018-01,2021-05-06T01:13:00Z,Edinburgh,EDI-018,Rail,Weather,Low-Med,2,24,3837,TRUE
INC-202105-EDI-012-01,2021-05-06T09:16:00Z,Edinburgh,EDI-012,Underground,Signal Failure,Med-High,4,141,13528,TRUE
INC-202105-LON-009-02,2021-05-06T13:19:00Z,London,LON-009,Rail,Signal Failure,Med-High,4,105,21327,TRUE
INC-202105-MAN-012-01,2021-05-06T16:31:00Z,Manchester,MAN-012,Rail,Signal Failure,Medium,3,119,12595,TRUE
INC-202105-LON-015-01,2021-05-06T18:58:00Z,London,LON-015,Rail,Weather,Med-High,4,209,38605,TRUE
INC-202105-BRI-019-02,2021-05-07T15:06:00Z,Bristol,BRI-019,Rail,Track Fault,Medium,3,72,16202,TRUE
INC-202105-LON-003-01,2021-05-07T17:22:00Z,LDN,LON-003,Bus,Roadworks,Medium,3,50,3009,TRUE
INC-202105-BRI-007-01,2021-05-08T05:02:00Z,Bristol,BRI-007,Tram,Roadworks,Low,1,11,298,FALSE
INC-202406-EDI-004-01,2021-05-08T12:41:00Z,Bristol,BRI-002,Bus,Roadworks,Medium,3,61,3251,TRUE
INC-202105-MAN-019-02,2021-05-08T19:59:00Z,Manchester,MAN-019,Underground,Passenger Incident,Low-Med,2,26,6590,TRUE
INC-202105-LON-001-01,2021-05-09T02:44:00Z,London,LON-001,Bus,Staff Shortage,Med-High,4,108,5057,TRUE
INC-202105-LON-007-01,2021-05-09T06:45:00Z,London,LON-007,Tram,Roadworks,Low,1,21,1046,TRUE
INC-202105-MAN-012-02,2021-05-09T08:06:00Z,Manchester,MAN-012,Rail,Signal Failure,Medium,3,77,7264,TRUE
INC-202105-MAN-007-01,2021-05-09T17:04:00Z,Manchester,MAN-007,Tram,Roadworks,Low,1,25,479,TRUE
INC-202105-LON-019-01,2021-05-09T19:02:00Z,London,LON-019,Bus,Roadworks,Low-Med,2,31,2939,TRUE
INC-202105-LON-009-01,2021-05-09T22:05:00Z,London,LON-009,Rail,Rolling Stock,High,5,216,94673,TRUE
INC-202105-LON-009-03,2021-05-10T07:49:00Z,London,LON-009,Rail,Track Fault,Med-High,4,98,,TRUE
INC-202105-BRI-017-02,2021-05-10T08:09:00Z,Bristol,BRI-017,Bus,Congestion,Low,1,35,23232,TRUE
INC-202105-MAN-009-02,2021-05-10T13:49:00Z,Manchester,MAN-009,Underground,Signal Failure,High,5,202,39453,TRUE
INC-202105-LON-014-01,2021-05-10T16:30:00Z,London,LON-014,Bus,Vehicle Fault,Medium,3,110,8391,TRUE
INC-202105-BRI-004-01,2021-05-11T13:09:00Z,Bristol,BRI-004,Underground,Station Closure,Med-High,4,138,29419,TRUE
INC-202105-MAN-020-02,2021-05-11T23:39:00Z,MAN,MAN-020,Bus,Vehicle Fault,Low,1,18,1164,TRUE
INC-202105-EDI-005-01,2021-05-12T02:53:00Z,Edinburgh,EDI-005,Underground,Signal Failure,Med-High,4,133,38300,TRUE
INC-202105-LON-016-03,2021-05-12T05:09:00Z,London,LON-016,Rail,Signal Failure,Med-High,4,115,25818,TRUE
INC-202105-LON-008-03,2021-05-13T08:26:00Z,London,LON-008,Bus,Vehicle Fault,Med-High,4,209,12205,TRUE
INC-202105-EDI-008-01,2021-05-13T10:40:00Z,Edinburgh,EDI-008,Bus,Vehicle Fault,Low,1,5,358,TRUE
INC-202105-BRI-020-01,2021-05-13T16:41:00Z,Bristol,BRI-020,Rail,Signal Failure,Med-High,4,118,7672,TRUE
INC-202105-BRI-016-01,2021-05-14T07:16:00Z,Bristol,BRI-016,Rail,Signal Failure,Low-Med,2,72,8878,TRUE
INC-202105-LON-012-01,2021-05-14T14:09:00Z,London,LON-012,Bus,Congestion,Med-High,4,189,22734,TRUE
INC-202105-LON-012-01,2021-05-14T14:13:00Z,London,LON-012,Bus,Congestion,Med-High,4,189,22734,TRUE
INC-202105-EDI-019-01,2021-05-15T08:43:00Z,Edinburgh,EDI-019,Tram,Roadworks,Low-Med,2,42,1636,TRUE
INC-202105-LON-010-01,2021-05-15T08:54:00Z,London,LON-010,BikeShare,Vandalism,Low,1,17,300,TRUE
INC-202105-LON-010-01,2021-05-15T08:54:00Z,London,LON-010,BikeShare,Vandalism,Low,1,17,300,TRUE
INC-202105-BRI-001-02,2021-05-16T01:45:00Z,Bristol,BRI-001,Bus,Congestion,Low-Med,2,58,4514,TRUE
INC-202105-LON-022-01,2021-05-16T13:59:00Z,London,LON-022,Underground,Signal Failure,Med-High,4,113,37720,TRUE
INC-202105-LON-022-02,2021-05-16T16:22:00Z,London,LON-022,Underground,,High,5,154,72542,TRUE
INC-202105-MAN-022-01,2021-05-17T10:19:00Z,Manchester,MAN-022,Rail,Signal Failure,Medium,3,114,8970,TRUE
INC-202105-BRI-014-01,2021-05-17T10:55:00Z,Bristol,BRI-014,Bus,Congestion,Low-Med,2,40,3211,TRUE
INC-202105-BRI-008-02,2021-05-17T14:50:00Z,Bristol,BRI-008,Rail,Signal Failure,Low-Med,2,53,4859,TRUE
INC-202105-MAN-008-03,2021-05-17T23:33:00Z,Manchester,MAN-008,Bus,Vehicle Fault,Low,1,12,914,TRUE
INC-202105-LON-010-02,2021-05-18T03:24:00Z,London,LON-010,BikeShare,Dock Empty,Low,1,21,561,TRUE
INC-202105-BRI-003-01,2021-05-18T07:49:00Z,Bristol,BRI-003,Rail,Signal Failure,Med-High,4,131,11140,TRUE
INC-202105-LON-017-01,2021-05-18T13:23:00Z,London,LON-017,Bus,Vehicle Fault,Medium,3,108,15221,TRUE
INC-202105-MAN-019-01,2021-05-18T17:09:00Z,Manchester,MAN-019,Underground,Signal Failure,Med-High,4,135,18168,TRUE
INC-202105-MAN-008-01,2021-05-18T19:46:00Z,Manchester,MAN-008,Bus,Vehicle Fault,Low-Med,2,50,,TRUE
INC-202105-MAN-017-01,2021-05-19T01:41:00Z,Manchester,MAN-017,Underground,Signal Failure,Medium,3,120,25527,TRUE
INC-202105-BRI-017-01,2021-05-19T04:38:00Z,Bristol,BRI-017,Bus,Vehicle Fault,Medium,3,60,6232,TRUE
INC-202105-BRI-018-01,2021-05-19T09:37:00Z,Bristol,BRI-018,bus,Roadworks,Medium,3,101,6902,TRUE
INC-202105-BRI-002-02,2021-05-20T14:37:00Z,Bristol,BRI-002,Bus,Accident,Low,1,12,411,TRUE
INC-202105-MAN-016-01,2021-05-21T00:18:00Z,Manchester,MAN-016,Bus,Roadworks,Low-Med,2,41,5961,TRUE
INC-202105-BRI-018-02,2021-05-21T02:15:00Z,Bristol,BRI-018,Bus,Congestion,Medium,3,83,4947,TRUE
INC-202105-EDI-001-01,2021-05-21T03:01:00Z,Edinburgh,EDI-001,Underground,Power Issue,Med-High,4,148,31592,FALSE
INC-202105-BRI-009-01,2021-05-21T07:24:00Z,Bristol,BRI-009,Tram,Vehicle Fault,Low-Med,2,28,533,TRUE
INC-202105-EDI-014-01,2021-05-21T17:18:00Z,Edinburgh,EDI-014,Underground,Station Closure,Low Med,2,63,10624,TRUE
INC-202105-MAN-008-04,2021-05-22T05:49:00Z,Manchester,MAN-008,Bus,Staff Shortage,Low,1,21,1727,TRUE
INC-202105-LON-011-01,2021-05-22T19:25:00Z,London,LON-011,Tram,Roadworks,Low-Med,2,52,3520,TRUE
INC-202105-LON-017-02,2021-05-24T03:54:00Z,London,LON-017,Bus,Roadworks,Medium,3,70,6634,TRUE
INC-202105-LON-017-03,2021-05-25T17:32:00Z,London,LON-017,Bus,Vehicle Fault,Med-High,4,,14477,TRUE
INC-202105-MAN-011-02,2021-05-25T18:21:00Z,MAN,MAN-011,Bus,Staff Shortage,Low-Med,2,44,5624,TRUE
INC-202105-BRI-022-01,2021-05-26T03:24:00Z,Bristol,BRI-022,Underground,Passenger Incident,Med-High,4,207,19552,TRUE
INC-202105-MAN-011-01,2021-05-26T08:35:00Z,Manchester,MAN-011,Bus,Roadworks,Low-Med,2,59,4247,TRUE
INC-202105-LON-006-01,2021-05-26T12:21:00Z,London,LON-006,BikeShare,Dock Empty,Low,1,10,145,TRUE
INC-202105-EDI-009-01,2021-05-27T15:33:00Z,Edinburgh,EDI-009,Bus,Congestion,Low,1,12,390,TRUE
INC-202105-BRI-008-01,2021-05-27T21:34:00Z,Bristol,BRI-008,Rail,Signal Failure,Medium,3,79,10880,FALSE
INC-202105-LON-020-01,2021-05-28T00:19:00Z,London,LON-020,Bus,Congestion,Medium,3,112,6977,TRUE
INC-202105-BRI-022-02,2021-05-28T06:26:00Z,Bristol,BRI-022,underground,Power Issue,High,5,166,30095,TRUE
INC-202105-MAN-010-01,2021-05-28T20:28:00Z,MAN,MAN-010,Rail,Signal Failure,Med-High,4,171,40228,TRUE
INC-202105-LON-016-01,2021-05-29T03:02:00Z,London,LON-016,Rail,Signal Failure,High,5,158,56785,TRUE
INC-202012-MAN-017-01,2021-05-29T04:48:00Z,London,LON-011,Tram,Vehicle Fault,Low,1,,758,TRUE
INC-202105-LON-001-02,2021-05-29T11:50:00Z,London,LON-001,Bus,Congestion,Medium,3,64,4598,TRUE
INC-202105-LON-007-03,2021-05-29T15:00:00Z,London,LON-007,Tram,Power Issue,Medium,3,120,7057,TRUE
INC-202105-BRI-001-01,2021-05-29T20:58:00Z,Bristol,BRI-001,Bus,Staff Shortage,Low,1,21,760,TRUE
INC-202105-LON-018-01,2021-05-30T00:44:00Z,London,LON-018,Bus,Vehicle Fault,Medium,3,123,9424,TRUE
INC-202105-LON-008-02,2021-05-30T17:16:00Z,London,LON-008,Bus,Roadworks,Medium,3,68,6470,TRUE
INC-202105-LON-007-02,2021-05-30T19:01:00Z,London,LON-007,Tram,Vehicle Fault,Medium,3,121,4428,TRUE
INC-202105-MAN-008-02,2021-05-31T00:12:00Z,Manchester,MAN-008,Bus,Congestion,Low-Med,2,44,4849,TRUE
INC-202105-BRI-021-01,2021-05-31T12:06:00Z,bristol,BRI-021,Rail,Track Fault,Medium,3,121,23107,TRUE
INC-202105-BRI-006-01,2021-05-31T18:25:00Z,Bristol,BRI-006,Bus,Vehicle Fault,Low,1,21,1458,TRUE
INC-202106-LON-012-01,2021-06-02T00:53:00Z,LDN,LON-012,Bus,Roadworks,Low-Med,2,36,6408,TRUE
INC-202106-BRI-012-02,2021-06-02T06:14:00Z,Bristol,BRI-012,BikeShare,Bike Fault,Low,1,8,58,TRUE
INC-202106-LON-003-01,2021-06-03T02:23:00Z,London,LON-003,Bus,,Low,1,20,851,TRUE
INC-202106-LON-012-02,2021-06-03T04:18:00Z,London,LON-012,Bus,Roadworks,Med-High,4,173,19395,TRUE
INC-202106-MAN-004-02,2021-06-03T16:16:00Z,Manchester,MAN-004,Bus,Roadworks,Medium,3,740,7399,TRUE
INC-202106-LON-020-02,2021-06-05T06:53:00Z,London,LON-020,Bus,Vehicle Fault,Med-High,4,99,6810,TRUE
INC-202106-MAN-019-01,2021-06-05T07:51:00Z,Manchester,MAN-019,Underground,Passenger Incident,Med-High,4,95,24375,TRUE
INC-202106-MAN-018-01,2021-06-05T08:53:00Z,Manchester,MAN-018,BikeShare,Dock Empty,Low,1,11,97,TRUE
INC-202106-LON-013-01,2021-06-05T17:53:00Z,London,LON-013,Underground,Power Issue,Med-High,4,200,74267,TRUE
INC-202106-MAN-022-01,2021-06-05T18:56:00Z,Manchester,MAN-022,Rail,Signal Failure,Med-High,4,132,39552,FALSE
INC-202106-MAN-013-01,2021-06-06T03:56:00Z,Manchester,MAN-013,Underground,Signal Failure,Medium,3,90,16342,TRUE
INC-202106-LON-010-02,2021-06-06T04:13:00Z,London,LON-010,BikeShare,Bike Fault,Low,1,13,291,FALSE
INC-202106-LON-007-01,2021-06-06T08:36:00Z,London,LON-007,Tram,Power Issue,Low,1,15,403,TRUE
INC-202106-LON-018-02,2021-06-06T10:56:00Z,London,LON-018,Bus,Vehicle Fault,Medium,3,83,9267,TRUE
INC-202106-EDI-007-01,2021-06-06T13:07:00Z,Edinburgh,EDI-007,BikeShare,Dock Empty,Low,1,5,45,TRUE
INC-202403-MAN-016-01,2021-06-06T13:39:00Z,Edinburgh,EDI-012,Underground,Power Issue,Med-High,4,140,24600,TRUE
INC-202106-MAN-017-03,2021-06-06T18:25:00Z,Manchester,MAN-017,Underground,Signal Failure,Medium,3,102,31801,TRUE
INC-202106-LON-021-01,2021-06-07T02:46:00Z,London,LON-021,Bus,Staff Shortage,Med-High,4,127,27938,TRUE
INC-202106-LON-008-01,2021-06-07T16:04:00Z,London,LON-008,Bus,Staff Shortage,Low-Med,2,51,4592,TRUE
INC-202106-BRI-014-01,2021-06-07T23:48:00Z,Bristol,BRI-014,Bus,Congestion,Low,1,16,741,TRUE
INC-202106-LON-018-04,2021-06-08T03:50:00Z,London,LON-018,Bus,Roadworks,Med-High,4,,13044,TRUE
INC-202106-BRI-004-04,2021-06-08T18:15:00Z,Bristol,BRI-004,Underground,Passenger Incident,Low-Med,2,25,8606,TRUE
INC-202106-MAN-007-01,2021-06-08T22:49:00Z,Manchester,MAN-007,Tram,Vehicle Fault,Low-Med,2,62,1194,TRUE
INC-202106-LON-016-01,2021-06-09T00:11:00Z,London,LON-016,Rail,Rolling Stock,High,5,,58277,TRUE
INC-202106-BRI-014-02,2021-06-09T01:15:00Z,Bristol,BRI-014,Bus,Vehicle Fault,Low,1,,713,TRUE
INC-202106-BRI-019-03,2021-06-09T08:31:00Z,Bristol,BRI-019,rail,Rolling Stock,Med-High,4,172,20780,TRUE
INC-202106-MAN-017-01,2021-06-09T09:36:00Z,Manchester,MAN-017,Underground,Power Issue,Medium,3,95,21385,TRUE
INC-202106-BRI-004-01,2021-06-09T17:40:00Z,Bristol,BRI-004,Underground,Signal Failure,High,5,201,22037,TRUE
INC-202106-MAN-022-02,2021-06-09T18:22:00Z,Manchester,MAN-022,rail,Weather,Med-High,4,204,52519,TRUE
INC-202106-LON-017-02,2021-06-09T20:21:00Z,London,LON-017,Bus,Vehicle Fault,Med-High,4,128,15825,FALSE
INC-202106-LON-021-02,2021-06-10T01:14:00Z,LDN,LON-021,Bus,Vehicle Fault,Medium,3,84,16189,TRUE
INC-202106-EDI-012-02,2021-06-10T06:37:00Z,Edinburgh,EDI-012,underground,Passenger Incident,Low-Med,2,40,6084,FALSE
INC-202106-LON-006-01,2021-06-10T17:44:00Z,london,LON-006,BikeShare,Bike Fault,Low-Med,2,35,959,TRUE
INC-202106-EDI-010-01,2021-06-10T18:26:00Z,Edinburgh,EDI-010,Bus,Roadworks,Low,1,,725,TRUE
INC-202106-BRI-001-01,2021-06-11T07:44:00Z,Bristol,BRI-001,Bus,Staff Shortage,LOW-MED,2,25,2472,TRUE
INC-202106-EDI-017-02,2021-06-11T11:27:00Z,Edinburgh,EDI-017,Underground,Station Closure,Med-High,4,165,,TRUE
INC-202106-BRI-019-02,2021-06-12T00:33:00Z,Bristol,BRI-019,Rail,Rolling Stock,Medium,3,93,14488,TRUE
INC-202106-LON-010-01,2021-06-12T09:59:00Z,London,LON-010,bikeshare,Dock Full,Medium,3,98,1246,TRUE
INC-202106-BRI-022-03,2021-06-12T14:41:00Z,Bristol,BRI-022,Underground,Signal Failure,Medium,3,98,29130,TRUE
INC-202106-LON-018-05,2021-06-13T05:19:00Z,London,LON-018,Bus,Accident,Low-Med,2,15,1413,TRUE
INC-202106-MAN-008-01,2021-06-13T06:43:00Z,Manchester,MAN-008,Bus,Congestion,Medium,3,121,12232,TRUE
INC-202106-MAN-013-02,2021-06-13T22:59:00Z,Manchester,MAN-013,Underground,Power Issue,High,5,158,29631,TRUE
INC-202106-MAN-001-01,2021-06-14T06:50:00Z,Manchester,MAN-001,Bus,Vehicle Fault,Medium,3,56,3083,TRUE
INC-202106-BRI-017-01,2021-06-14T08:59:00Z,Bristol,BRI-017,Bus,Staff Shortage,Low-Med,2,58,4816,TRUE
INC-202106-BRI-016-01,2021-06-14T11:26:00Z,Bristol,BRI-016,Rail,Signal Failure,Low,1,21,3235,TRUE
INC-202106-LON-016-03,2021-06-14T18:00:00Z,London,LON-016,Rail,Track Fault,Medium,3,1260,20149,TRUE
INC-202106-BRI-022-02,2021-06-15T01:56:00Z,Bristol,BRI-022,Underground,Power Issue,Med-High,4,139,20671,TRUE
INC-202106-BRI-012-01,2021-06-15T08:17:00Z,bristol,BRI-012,BikeShare,Dock Empty,Low,1,20,149,TRUE
INC-202106-LON-005-01,2021-06-15T18:54:00Z,London,LON-005,Rail,Signal Failure,Medium,3,76,16134,TRUE
INC-202106-MAN-020-02,2021-06-16T15:59:00Z,Manchester,MAN-020,Bus,Congestion,Low-Med,2,30,,TRUE
INC-202106-MAN-018-02,2021-06-16T18:11:00Z,Manchester,MAN-018,BikeShare,Bike Fault,Low,1,9,87,TRUE
INC-202106-MAN-017-02,2021-06-16T19:17:00Z,Manchester,MAN-017,Underground,Signal Failure,High,5,203,60232,TRUE
INC-202106-LON-002-01,2021-06-17T07:02:00Z,London,LON-002,Bus,Vehicle Fault,Medium,3,82,7448,TRUE
INC-202106-MAN-012-01,2021-06-17T18:44:00Z,Manchester,MAN-012,Rail,Rolling Stock,Med-High,4,116,21984,TRUE
INC-202106-LON-009-02,2021-06-17T18:51:00Z,London,LON-009,Rail,Rolling Stock,Med-High,4,139,44686,TRUE
INC-202106-LON-014-02,2021-06-17T21:25:00Z,London,LON-014,Bus,Accident,Med-High,4,142,12882,TRUE
INC-202106-LON-016-02,2021-06-18T00:11:00Z,London,LON-016,Rail,Rolling Stock,Medium,3,58,6257,TRUE
INC-202106-LON-017-01,2021-06-18T07:15:00Z,London,LON-017,Bus,Accident,Medium,3,79,7674,TRUE
INC-202106-LON-014-01,2021-06-18T08:50:00Z,London,LON-014,Bus,Roadworks,Medium,3,80,13709,TRUE
INC-202106-EDI-001-01,2021-06-18T09:19:00Z,Edinburgh,EDI-001,underground,Power Issue,Med-High,4,137,,TRUE
INC-202106-MAN-007-02,2021-06-18T18:51:00Z,Manchester,MAN-007,Tram,Roadworks,Low,1,20,802,TRUE
INC-202106-LON-009-01,2021-06-18T21:27:00Z,London,LON-009,rail,Signal Failure,Medium,3,105,19145,TRUE
INC-202106-EDI-021-01,2021-06-19T11:44:00Z,Edinburgh,EDI-021,Tram,Vehicle Fault,Low,1,18,482,TRUE
INC-202106-MAN-006-01,2021-06-20T12:16:00Z,Manchester,MAN-006,Tram,Vehicle Fault,Low,1,6,202,TRUE
INC-202106-LON-018-01,2021-06-20T16:53:00Z,London,LON-018,Bus,Roadworks,Medium,3,60,4153,TRUE
INC-202106-MAN-020-03,2021-06-21T02:01:00Z,Manchester,MAN-020,Bus,Roadworks,Low-Med,2,51,3273,TRUE
INC-202106-BRI-022-01,2021-06-21T18:03:00Z,Bristol,BRI-022,Underground,Passenger Incident,Medium,3,108,22086,TRUE
INC-202106-LON-014-03,2021-06-21T19:39:00Z,London,LON-014,Bus,Vehicle Fault,Low-Med,2,69,15306,TRUE
INC-202106-BRI-004-03,2021-06-22T09:27:00Z,Bristol,BRI-004,Underground,Signal Failure,High,5,273,67191,TRUE
INC-202106-BRI-003-01,2021-06-22T12:46:00Z,Bristol,BRI-003,Rail,Signal Failure,Medium,3,105,,TRUE
INC-202207-MAN-022-02,2021-06-22T15:14:00Z,Manchester,MAN-016,Bus,Staff Shortage,Low,1,23,1015,TRUE
INC-202106-BRI-010-01,2021-06-22T23:33:00Z,Bristol,BRI-010,BikeShare,Dock Full,Low,1,18,216,TRUE
INC-202106-BRI-001-02,2021-06-23T07:50:00Z,Bristol,BRI-001,Bus,Vehicle Fault,Low,1,22,1470,TRUE
INC-202106-MAN-020-01,2021-06-23T09:52:00Z,Manchester,MAN-020,Bus,Vehicle Fault,LOW-MED,2,35,3251,TRUE
INC-202106-EDI-017-04,2021-06-24T03:11:00Z,Edinburgh,EDI-017,Underground,Passenger Incident,Low-Med,2,59,30301,TRUE
INC-202106-EDI-003-01,2021-06-24T07:51:00Z,Edinburgh,EDI-003,Bus,Accident,Low-Med,2,41,1364,TRUE
INC-202106-LON-018-03,2021-06-24T16:59:00Z,london,LON-018,Bus,Staff Shortage,Low,1,16,1293,TRUE
INC-202106-MAN-017-04,2021-06-24T17:32:00Z,Manchester,MAN-017,Underground,Signal Failure,Med High,4,177,40231,TRUE
INC-202106-MAN-011-01,2021-06-25T06:38:00Z,Manchester,MAN-011,Bus,Staff Shortage,Medium,3,88,3892,TRUE
INC-202106-LON-008-02,2021-06-25T09:41:00Z,London,LON-008,Bus,Congestion,Medium,3,93,8655,TRUE
INC-202403-BRI-008-01,2021-06-25T17:10:00Z,Manchester,MAN-004,Bus,Congestion,Med-High,4,163,16951,TRUE
INC-202106-BRI-004-02,2021-06-26T07:53:00Z,Bristol,BRI-004,Underground,Power Issue,Medium,3,55,7673,TRUE
INC-202106-EDI-018-01,2021-06-26T16:36:00Z,Edinburgh,EDI-018,rail,Weather,Med-High,4,95,5925,TRUE
INC-202106-EDI-010-02,2021-06-26T19:39:00Z,Edinburgh,EDI-010,Bus,Congestion,Low-Med,2,43,2628,FALSE
INC-202106-MAN-001-02,2021-06-27T01:02:00Z,Manchester,MAN-001,Bus,Roadworks,Medium,3,105,4913,FALSE
INC-202106-MAN-003-01,2021-06-27T07:31:00Z,Manchester,MAN-003,BikeShare,Bike Fault,Low,1,5,50,TRUE
INC-202106-LON-001-01,2021-06-27T09:58:00Z,London,LON-001,Bus,Staff Shortage,Low-Med,2,43,2159,TRUE
INC-202106-BRI-019-01,2021-06-27T20:59:00Z,Bristol,BRI-019,Rail,Weather,Low-Med,2,31,5684,FALSE
INC-202106-LON-020-01,2021-06-28T04:19:00Z,London,LON-020,Bus,Roadworks,Low-Med,2,,2823,TRUE
INC-202106-MAN-016-02,2021-06-28T08:45:00Z,Manchester,MAN-016,Bus,Vehicle Fault,Low,1,12,433,TRUE
INC-202106-EDI-009-01,2021-06-28T13:19:00Z,Edinburgh,EDI-009,Bus,Roadworks,Low,1,12,747,TRUE
INC-202106-BRI-016-02,2021-06-28T15:06:00Z,Bristol,BRI-016,Rail,Track Fault,Medium,3,112,8915,TRUE
INC-202106-LON-022-01,2021-06-29T17:10:00Z,London,LON-022,Underground,Power Issue,Medium,3,114,17859,TRUE
INC-202106-LON-013-04,2021-06-30T00:31:00Z,LDN,LON-013,Underground,Passenger Incident,Med-High,4,181,41912,TRUE
INC-202106-EDI-017-01,2021-06-30T02:37:00Z,Edinburgh,EDI-017,Underground,Power Issue,High,5,266,73959,TRUE
INC-202106-EDI-017-03,2021-06-30T06:34:00Z,Edinburgh,EDI-017,Underground,Signal Failure,Med High,4,135,110886,TRUE
INC-202106-LON-013-03,2021-06-30T07:23:00Z,London,LON-013,Underground,Signal Failure,Med-High,4,110,33136,TRUE
INC-202106-LON-013-02,2021-06-30T12:33:00Z,London,LON-013,Underground,Passenger Incident,Medium,3,126,,TRUE
INC-202106-LON-005-02,2021-06-30T17:56:00Z,London,LON-005,Rail,Weather,Low-Med,2,54,13442,TRUE
INC-202106-MAN-004-03,2021-06-30T18:07:00Z,Manchester,MAN-004,Bus,Vehicle Fault,Medium,3,92,41592,TRUE
INC-202107-MAN-004-04,2021-07-01T20:39:00Z,Manchester,MAN-004,bus,Roadworks,Med High,4,106,5194,FALSE
INC-202107-LON-007-04,2021-07-02T07:28:00Z,London,LON-007,Tram,Roadworks,Med-High,4,107,11091,FALSE
INC-202107-MAN-013-01,2021-07-02T09:38:00Z,Manchester,MAN-013,Underground,Passenger Incident,Med-High,4,105,39924,TRUE
INC-202107-MAN-015-01,2021-07-02T17:23:00Z,Manchester,MAN-015,Bus,Accident,Low,1,34,2203,TRUE
INC-202104-MAN-022-01,2021-07-02T17:51:00Z,Edinburgh,EDI-010,Bus,Congestion,Low,1,7,401,TRUE
INC-202107-LON-005-01,2021-07-03T02:44:00Z,London,LON-005,Rail,Track Fault,Med-High,4,108,17775,TRUE
INC-202107-BRI-022-01,2021-07-03T18:56:00Z,Bristol,BRI-022,Underground,Signal Failure,High,5,328,140904,TRUE
INC-202107-MAN-005-02,2021-07-04T00:48:00Z,Manchester,MAN-005,Tram,Roadworks,Low,1,13,445,TRUE
INC-202107-LON-016-01,2021-07-04T06:25:00Z,London,LON-016,Rail,Signal Failure,High,5,205,33063,TRUE
INC-202107-LON-007-01,2021-07-04T14:11:00Z,London,LON-007,Tram,Roadworks,Med-High,4,198,12664,TRUE
INC-202107-BRI-007-01,2021-07-04T16:08:00Z,Bristol,BRI-007,Tram,Vehicle Fault,Low-Med,2,47,1287,TRUE
INC-202107-LON-013-03,2021-07-04T20:24:00Z,London,LON-013,Underground,Signal Failure,Med-High,4,208,74721,TRUE
INC-202107-LON-003-02,2021-07-04T20:39:00Z,London,LON-003,Bus,Vehicle Fault,Medium,3,63,5323,TRUE
INC-202107-LON-009-01,2021-07-05T02:23:00Z,London,LON-009,Rail,Signal Failure,Medium,3,59,25712,TRUE
INC-202107-EDI-001-05,2021-07-05T10:54:00Z,Edinburgh,EDI-001,Underground,Power Issue,Low-Med,2,45,10821,TRUE
INC-202107-LON-001-02,2021-07-05T11:08:00Z,London,LON-001,Bus,Congestion,Low-Med,2,47,3594,TRUE
INC-202107-LON-003-05,2021-07-05T11:59:00Z,london,LON-003,Bus,Staff Shortage,High,5,296,37095,TRUE
INC-202107-MAN-015-02,2021-07-05T22:11:00Z,Manchester,MAN-015,Bus,Roadworks,Low-Med,2,30,3082,TRUE
INC-202107-LON-001-04,2021-07-06T06:23:00Z,London,LON-001,Bus,Roadworks,Low-Med,2,38,5085,TRUE
INC-202107-MAN-010-01,2021-07-06T07:51:00Z,MAN,MAN-010,Rail,Signal Failure,Med-High,4,3520,23759,TRUE
INC-202107-MAN-010-01,2021-07-06T07:52:00Z,MAN,MAN-010,Rail,Signal Failure,Med-High,4,3520,23759,TRUE
INC-202506-MAN-009-01,2021-07-06T08:12:00Z,london,LON-012,Bus,Congestion,Medium,3,116,11593,TRUE
INC-202107-EDI-011-01,2021-07-06T09:36:00Z,Edinburgh,EDI-011,Bus,Roadworks,Low,1,10,887,TRUE
INC-202107-LON-001-03,2021-07-06T15:29:00Z,London,LON-001,Bus,Staff Shortage,Medium,3,92,6444,TRUE
INC-202107-EDI-005-04,2021-07-06T17:07:00Z,Edinburgh,EDI-005,Underground,Power Issue,Medium,3,64,13754,TRUE
INC-202107-EDI-003-01,2021-07-06T18:32:00Z,Edinburgh,EDI-003,Bus,Congestion,Low-Med,2,32,,TRUE
INC-202107-BRI-019-02,2021-07-07T04:31:00Z,Bristol,BRI-019,Rail,Signal Failure,Medium,3,82,3760,TRUE
INC-202107-BRI-007-02,2021-07-07T06:02:00Z,Bristol,BRI-007,Tram,Power Issue,Low-Med,2,30,656,TRUE
INC-202107-LON-012-01,2021-07-07T08:02:00Z,London,LON-012,Bus,Staff Shortage,Low-Med,2,20,1531,TRUE
INC-202107-BRI-005-01,2021-07-07T18:54:00Z,Bristol,BRI-005,Bus,Roadworks,Low,1,5,423,TRUE
INC-202107-EDI-010-03,2021-07-08T01:50:00Z,Edinburgh,EDI-010,Bus,Congestion,Low-Med,2,52,3777,TRUE
INC-202107-LON-015-01,2021-07-08T11:31:00Z,London,LON-015,rail,Signal Failure,Med-High,4,136,27057,FALSE
INC-202107-BRI-020-01,2021-07-08T14:00:00Z,Bristol,BRI-020,Rail,Track Fault,MED-HIGH,4,134,17172,TRUE
INC-202107-LON-002-02,2021-07-08T16:41:00Z,London,LON-002,Bus,Accident,Low-Med,2,47,6346,TRUE
INC-202107-LON-001-05,2021-07-09T17:53:00Z,London,LON-001,Bus,Congestion,Med-High,4,111,6944,TRUE
INC-202107-MAN-020-02,2021-07-09T18:12:00Z,Manchester,MAN-020,Bus,Roadworks,Low,1,8,658,TRUE
INC-202107-MAN-022-01,2021-07-10T06:49:00Z,Manchester,MAN-022,Rail,Rolling Stock,Medium,3,108,22833,TRUE
INC-202107-LON-002-01,2021-07-10T11:25:00Z,london,LON-002,Bus,Congestion,Med-High,4,135,14907,TRUE
INC-202107-BRI-019-01,2021-07-10T12:28:00Z,Bristol,BRI-019,Rail,Track Fault,Low Med,2,42,6528,TRUE
INC-202107-MAN-013-03,2021-07-10T16:01:00Z,Manchester,MAN-013,Underground,Station Closure,Medium,3,67,14771,FALSE
INC-202107-EDI-019-02,2021-07-11T01:34:00Z,Edinburgh,EDI-019,Tram,Power Issue,Low,1,21,540,TRUE
INC-202107-BRI-021-01,2021-07-11T01:41:00Z,Bristol,BRI-021,Rail,Track Fault,Medium,3,51,2355,TRUE
INC-202107-EDI-013-01,2021-07-11T13:04:00Z,Edinburgh,EDI-013,Rail,Weather,Medium,3,62,11366,TRUE
INC-202107-EDI-006-02,2021-07-11T18:17:00Z,Edinburgh,EDI-006,Underground,Signal Failure,Medium,3,62,20966,TRUE
INC-202107-MAN-004-01,2021-07-11T22:47:00Z,Manchester,MAN-004,Bus,Roadworks,Low-Med,2,32,3980,TRUE
INC-202107-EDI-005-03,2021-07-12T07:34:00Z,Edinburgh,EDI-005,Underground,Signal Failure,High,5,259,32438,TRUE
INC-202107-LON-007-02,2021-07-12T16:22:00Z,London,LON-007,Tram,Obstruction,Medium,3,99,9949,TRUE
INC-202107-LON-003-03,2021-07-12T16:31:00Z,London,LON-003,Bus,Vehicle Fault,Medium,3,101,6039,TRUE
INC-202107-EDI-019-01,2021-07-12T23:32:00Z,Edinburgh,EDI-019,Tram,Roadworks,Low,1,12,443,TRUE
INC-202107-MAN-019-02,2021-07-13T07:21:00Z,Manchester,MAN-019,Underground,Power Issue,Medium,3,77,35610,TRUE
INC-202107-MAN-011-01,2021-07-13T09:39:00Z,Manchester,MAN-011,Bus,Congestion,Low-Med,2,16,912,TRUE
INC-202107-MAN-005-01,2021-07-14T07:05:00Z,Manchester,MAN-005,Tram,Vehicle Fault,Low-Med,2,56,2586,FALSE
INC-202107-MAN-001-01,2021-07-14T07:43:00Z,Manchester,MAN-001,Bus,Congestion,Low,1,9,284,TRUE
INC-202107-BRI-014-01,2021-07-14T09:38:00Z,Bristol,BRI-014,Bus,Vehicle Fault,Med-High,4,102,8858,TRUE
INC-202107-MAN-016-01,2021-07-14T09:59:00Z,Manchester,MAN-016,Bus,Congestion,Medium,3,113,8573,TRUE
INC-202107-MAN-020-01,2021-07-14T15:29:00Z,Manchester,MAN-020,Bus,Staff Shortage,Low-Med,2,36,1840,TRUE
INC-202107-LON-021-02,2021-07-14T21:40:00Z,London,LON-021,Bus,Congestion,Medium,3,970,5924,TRUE
INC-202107-MAN-001-03,2021-07-14T23:58:00Z,Manchester,MAN-001,bus,Roadworks,Low-Med,2,31,730,TRUE
INC-202107-MAN-008-03,2021-07-15T04:26:00Z,Manchester,MAN-008,Bus,Congestion,Medium,3,73,2682,TRUE
INC-202107-EDI-006-01,2021-07-15T05:59:00Z,Edinburgh,EDI-006,Underground,Signal Failure,Med-High,4,131,16440,TRUE
INC-202107-LON-014-01,2021-07-15T08:29:00Z,London,LON-014,Bus,Roadworks,Low-Med,2,53,1564,TRUE
INC-202107-EDI-018-01,2021-07-15T13:02:00Z,Edinburgh,EDI-018,Rail,Rolling Stock,Medium,3,88,22012,TRUE
INC-202107-MAN-007-02,2021-07-15T18:40:00Z,Manchester,MAN-007,Tram,Roadworks,Low-Med,2,44,2092,TRUE
INC-202107-BRI-005-02,2021-07-16T02:06:00Z,Bristol,BRI-005,Bus,Congestion,LOW,1,17,1097,TRUE
INC-202107-EDI-006-03,2021-07-16T10:32:00Z,Edinburgh,EDI-006,Underground,Station Closure,Medium,3,72,17953,TRUE
INC-202107-MAN-004-05,2021-07-16T17:10:00Z,Manchester,MAN-004,Bus,Roadworks,Medium,3,126,17684,TRUE
INC-202107-MAN-019-01,2021-07-17T00:20:00Z,Manchester,MAN-019,Underground,Signal Failure,Medium,3,89,21746,TRUE
INC-202107-MAN-002-01,2021-07-17T10:03:00Z,Manchester,MAN-002,Tram,Vehicle Fault,Low,1,12,546,TRUE
INC-202107-LON-016-02,2021-07-17T17:23:00Z,London,LON-016,Rail,Track Fault,Med-High,4,129,,TRUE
INC-202107-MAN-018-01,2021-07-17T19:09:00Z,Manchester,MAN-018,BikeShare,Dock Full,Low,1,6,52,TRUE
INC-202107-LON-003-06,2021-07-18T05:27:00Z,London,LON-003,Bus,Staff Shortage,Low-Med,2,25,3257,TRUE
INC-202107-MAN-013-04,2021-07-18T06:22:00Z,Manchester,MAN-013,Underground,Passenger Incident,Med-High,4,109,32702,TRUE
INC-202107-EDI-002-01,2021-07-18T16:03:00Z,Edinburgh,EDI-002,Bus,Congestion,Low,1,5,254,TRUE
INC-202107-BRI-009-01,2021-07-18T17:27:00Z,Bristol,BRI-009,Tram,Vehicle Fault,Low,1,15,777,TRUE
INC-202107-MAN-012-01,2021-07-18T18:03:00Z,Manchester,MAN-012,Rail,Weather,Medium,3,74,7436,TRUE
INC-202107-EDI-004-01,2021-07-19T01:10:00Z,Edinburgh,EDI-004,Bus,Vehicle Fault,Low,1,5,197,FALSE
INC-202107-MAN-004-03,2021-07-19T07:47:00Z,Manchester,MAN-004,Bus,Congestion,Low Med,2,39,3719,TRUE
INC-202107-LON-017-01,2021-07-19T07:48:00Z,London,LON-017,Bus,Accident,Medium,3,96,7008,TRUE
INC-202107-EDI-008-02,2021-07-19T14:05:00Z,Edinburgh,EDI-008,Bus,Congestion,Low-Med,2,28,1067,TRUE
INC-202107-LON-007-03,2021-07-19T17:19:00Z,London,LON-007,Tram,Obstruction,Low-Med,2,44,3405,TRUE
INC-202107-LON-013-01,2021-07-19T19:20:00Z,London,LON-013,Underground,Passenger Incident,High,5,166,64944,TRUE
INC-202107-EDI-005-01,2021-07-20T07:52:00Z,Edinburgh,EDI-005,Underground,Passenger Incident,High,5,165,21187,TRUE
INC-202107-LON-019-01,2021-07-20T11:50:00Z,London,LON-019,Bus,Vehicle Fault,Low,1,15,723,FALSE
INC-202107-MAN-013-02,2021-07-20T18:58:00Z,Manchester,MAN-013,Underground,Power Issue,Med High,4,173,47158,FALSE
INC-202107-EDI-008-01,2021-07-20T19:04:00Z,Edinburgh,EDI-008,Bus,Congestion,Low,1,22,765,TRUE
INC-202107-BRI-016-01,2021-07-20T22:54:00Z,Bristol,BRI-016,Rail,Weather,Med-High,4,126,15283,FALSE
INC-202107-EDI-001-04,2021-07-21T07:43:00Z,Edinburgh,EDI-001,Underground,Signal Failure,Medium,3,93,10906,TRUE
INC-202107-LON-001-01,2021-07-22T00:48:00Z,London,LON-001,Bus,Roadworks,Medium,3,91,7822,FALSE
INC-202107-EDI-017-01,2021-07-22T07:21:00Z,Edinburgh,EDI-017,Underground,Passenger Incident,Med-High,4,219,41279,TRUE
INC-202107-EDI-005-02,2021-07-22T11:39:00Z,Edinburgh,EDI-005,Underground,Signal Failure,Low-Med,2,33,8686,TRUE
INC-202107-EDI-013-02,2021-07-22T13:26:00Z,Edinburgh,EDI-013,Rail,Weather,Medium,3,81,18224,TRUE
INC-202107-MAN-012-02,2021-07-22T14:14:00Z,Manchester,MAN-012,Rail,Weather,Medium,3,72,8587,TRUE
INC-202107-MAN-008-02,2021-07-22T17:11:00Z,Manchester,MAN-008,Bus,Congestion,Low,1,5,162,TRUE
INC-202107-MAN-010-02,2021-07-22T18:10:00Z,Manchester,MAN-010,Rail,Signal Failure,High,5,202,21378,TRUE
INC-202107-BRI-012-01,2021-07-24T04:22:00Z,Bristol,BRI-012,BikeShare,Dock Empty,Low,1,17,145,TRUE
INC-202107-MAN-009-01,2021-07-24T09:10:00Z,Manchester,MAN-009,Underground,Passenger Incident,High,5,313,75477,FALSE
INC-202107-EDI-001-03,2021-07-24T12:19:00Z,Edinburgh,EDI-001,Underground,Station Closure,Low-Med,2,20,1497,TRUE
INC-202107-LON-020-01,2021-07-25T12:14:00Z,London,LON-020,Bus,Vehicle Fault,Low,1,16,780,TRUE
INC-202107-EDI-010-01,2021-07-25T16:33:00Z,Edinburgh,EDI-010,Bus,Congestion,Medium,3,56,3640,TRUE
INC-202107-LON-003-04,2021-07-25T19:30:00Z,London,LON-003,Bus,Vehicle Fault,Med-High,4,116,7993,TRUE
INC-202107-MAN-008-01,2021-07-25T20:52:00Z,Manchester,MAN-008,Bus,Congestion,Low-Med,2,50,2249,TRUE
INC-202107-BRI-017-01,2021-07-26T05:42:00Z,Bristol,BRI-017,Bus,Vehicle Fault,Low,1,5,152,TRUE
INC-202107-MAN-018-02,2021-07-26T11:41:00Z,Manchester,MAN-018,BikeShare,App Outage,Low,1,15,240,TRUE
INC-202107-EDI-003-02,2021-07-26T16:44:00Z,Edinburgh,EDI-003,Bus,Congestion,Low,1,16,2058,FALSE
INC-202107-EDI-001-01,2021-07-26T18:23:00Z,Edinburgh,EDI-001,Underground,Signal Failure,Medium,3,90,11662,TRUE
INC-202107-BRI-011-01,2021-07-26T19:22:00Z,bristol,BRI-011,Bus,Congestion,Medium,3,66,9343,TRUE
INC-202107-EDI-009-01,2021-07-27T00:04:00Z,Edinburgh,EDI-009,Bus,Roadworks,MEDIUM,3,101,5573,FALSE
INC-202107-LON-005-02,2021-07-27T07:11:00Z,london,LON-005,Rail,Track Fault,High,5,216,28511,TRUE
INC-202107-MAN-001-02,2021-07-27T16:47:00Z,Manchester,MAN-001,Bus,Accident,Low-Med,2,58,1496,TRUE
INC-202107-MAN-004-02,2021-07-28T02:39:00Z,Manchester,MAN-004,Bus,Staff Shortage,Medium,3,82,5051,TRUE
INC-202107-LON-014-02,2021-07-28T08:09:00Z,London,LON-014,Bus,Vehicle Fault,Medium,3,81,10561,TRUE
INC-202107-LON-013-02,2021-07-28T12:30:00Z,London,LON-013,Underground,Signal Failure,Medium,3,117,45384,TRUE
INC-202107-BRI-008-01,2021-07-28T13:42:00Z,Bristol,BRI-008,Rail,Track Fault,Medium,3,55,6916,TRUE
INC-202107-LON-011-01,2021-07-28T19:40:00Z,London,LON-011,Tram,Roadworks,Low-Med,2,22,449,TRUE
INC-202107-EDI-008-03,2021-07-29T17:18:00Z,Edinburgh,EDI-008,Bus,Staff Shortage,Low-Med,2,42,2281,TRUE
INC-202107-EDI-006-04,2021-07-29T18:26:00Z,Edinburgh,EDI-006,Underground,Passenger Incident,Med-High,4,143,42692,TRUE
INC-202107-EDI-001-02,2021-07-29T18:40:00Z,Edinburgh,EDI-001,Underground,Signal Failure,Low-Med,2,29,5798,TRUE
INC-202107-MAN-007-01,2021-07-30T00:10:00Z,MAN,MAN-007,Tram,Power Issue,Low,1,13,531,TRUE
INC-202107-LON-021-01,2021-07-30T03:09:00Z,London,LON-021,Bus,Roadworks,Medium,3,93,11516,TRUE
INC-202107-LON-003-01,2021-07-31T07:45:00Z,London,LON-003,Bus,Accident,Med-High,4,138,9171,TRUE
INC-202107-MAN-003-01,2021-07-31T08:27:00Z,Manchester,MAN-003,BikeShare,Dock Empty,Low,1,11,58,TRUE
INC-202107-LON-018-01,2021-07-31T17:07:00Z,London,LON-018,Bus,Vehicle Fault,Med-High,4,139,,TRUE
INC-202107-MAN-012-03,2021-07-31T17:41:00Z,Manchester,MAN-012,Rail,Track Fault,High,5,260,34407,TRUE
INC-202108-MAN-009-01,2021-08-01T00:29:00Z,Manchester,MAN-009,Underground,Power Issue,Medium,3,102,19611,TRUE
INC-202108-LON-004-01,2021-08-01T14:52:00Z,London,LON-004,tram,Vehicle Fault,Low,1,16,560,TRUE
INC-202003-BRI-016-01,2021-08-02T00:17:00Z,London,LON-016,Rail,Track Fault,Low-Med,2,38,8315,TRUE
INC-202108-LON-017-02,2021-08-02T00:47:00Z,london,LON-017,Bus,Congestion,Low-Med,2,56,4578,TRUE
INC-202108-EDI-022-01,2021-08-02T16:02:00Z,Edinburgh,EDI-022,BikeShare,Bike Fault,Low,1,14,116,TRUE
INC-202108-EDI-004-01,2021-08-03T01:19:00Z,Edinburgh,EDI-004,Bus,Congestion,Low-Med,2,45,2665,TRUE
INC-202108-LON-014-01,2021-08-03T06:38:00Z,London,LON-014,bus,Vehicle Fault,Med-High,4,163,20391,TRUE
INC-202108-LON-014-02,2021-08-03T18:48:00Z,London,LON-014,Bus,Congestion,Medium,3,112,12778,TRUE
INC-202108-EDI-017-02,2021-08-04T01:57:00Z,Edinburgh,EDI-017,Underground,Power Issue,Low-Med,2,46,8540,TRUE
INC-202108-BRI-021-02,2021-08-05T03:34:00Z,Bristol,BRI-021,Rail,Signal Failure,Low,1,23,1700,TRUE
INC-202108-BRI-018-02,2021-08-05T06:03:00Z,Bristol,BRI-018,Bus,Roadworks,Low,1,5,312,TRUE
INC-202108-MAN-012-01,2021-08-05T08:50:00Z,Manchester,MAN-012,Rail,Rolling Stock,MEDIUM,3,79,10537,TRUE
INC-202108-BRI-018-01,2021-08-05T17:06:00Z,Bristol,BRI-018,Bus,Congestion,Low-Med,2,38,2113,TRUE
INC-202108-MAN-002-02,2021-08-06T00:50:00Z,Manchester,MAN-002,Tram,Roadworks,Low-Med,2,50,2352,TRUE
INC-202108-LON-014-03,2021-08-07T10:00:00Z,London,LON-014,Bus,Accident,Med-High,4,109,15869,TRUE
INC-202108-EDI-002-01,2021-08-08T08:31:00Z,Edinburgh,EDI-002,Bus,Roadworks,Low-Med,2,37,3096,TRUE
INC-202108-LON-019-01,2021-08-08T19:17:00Z,London,LON-019,Bus,Congestion,High,5,194,16965,TRUE
INC-202108-BRI-009-02,2021-08-09T09:46:00Z,Bristol,BRI-009,Tram,Vehicle Fault,Low,1,28,527,TRUE
INC-202108-MAN-015-04,2021-08-09T16:13:00Z,Manchester,MAN-015,Bus,Vehicle Fault,Low,1,11,739,TRUE
INC-202108-LON-019-02,2021-08-09T22:15:00Z,London,LON-019,Bus,Roadworks,Low-Med,2,44,6429,TRUE
INC-202108-MAN-015-03,2021-08-09T22:43:00Z,Manchester,MAN-015,Bus,Congestion,Low-Med,2,43,2896,TRUE
INC-202108-BRI-022-01,2021-08-10T08:39:00Z,Bristol,BRI-022,Underground,Power Issue,Low-Med,2,40,5641,TRUE
INC-202108-MAN-015-02,2021-08-10T17:10:00Z,Manchester,MAN-015,Bus,Accident,Low,1,15,2243,TRUE
INC-202108-BRI-016-01,2021-08-10T23:14:00Z,Bristol,BRI-016,Rail,Signal Failure,Medium,3,126,18127,TRUE
INC-202108-EDI-020-02,2021-08-11T09:52:00Z,Edinburgh,EDI-020,Rail,Signal Failure,Low-Med,2,32,3479,TRUE
INC-202108-LON-014-04,2021-08-11T09:53:00Z,London,LON-014,Bus,Staff Shortage,Medium,3,84,6961,TRUE
INC-202108-EDI-014-02,2021-08-11T11:41:00Z,EDI,EDI-014,Underground,Power Issue,Medium,3,71,19743,TRUE
INC-202108-EDI-014-03,2021-08-11T18:58:00Z,Edinburgh,EDI-014,Underground,Power Issue,Medium,3,96,15964,TRUE
INC-202108-LON-012-01,2021-08-11T19:37:00Z,London,LON-012,Bus,Accident,Medium,3,101,10679,TRUE
INC-202108-EDI-017-01,2021-08-12T06:09:00Z,EDI,EDI-017,Underground,Signal Failure,Medium,3,76,,TRUE
INC-202108-MAN-020-02,2021-08-12T11:42:00Z,Manchester,MAN-020,Bus,Congestion,Med-High,4,123,10361,TRUE
INC-202108-MAN-020-01,2021-08-12T12:49:00Z,Manchester,MAN-020,Bus,Roadworks,High,5,256,10550,TRUE
INC-202108-EDI-017-03,2021-08-13T13:44:00Z,Edinburgh,EDI-017,Underground,Power Issue,Med-High,4,,17479,TRUE
INC-202108-MAN-002-01,2021-08-13T18:37:00Z,Manchester,MAN-002,tram,Vehicle Fault,Low-Med,2,28,645,TRUE
INC-202108-LON-015-02,2021-08-13T23:21:00Z,London,LON-015,Rail,Track Fault,Med High,4,128,36496,TRUE
INC-202108-EDI-020-01,2021-08-14T13:15:00Z,Edinburgh,EDI-020,Rail,Rolling Stock,Low-Med,2,56,2899,TRUE
INC-202108-LON-002-02,2021-08-14T14:39:00Z,London,LON-002,Bus,Accident,Low-Med,2,53,4314,TRUE
INC-202108-BRI-020-01,2021-08-16T02:11:00Z,Bristol,BRI-020,Rail,Signal Failure,Low-Med,2,35,3046,TRUE
INC-202108-MAN-005-01,2021-08-16T10:17:00Z,Manchester,MAN-005,Tram,Roadworks,Low,1,6,169,TRUE
INC-202108-MAN-010-02,2021-08-16T14:42:00Z,Manchester,MAN-010,Rail,,Med-High,4,85,13030,TRUE
INC-202108-MAN-010-02,2021-08-16T14:43:00Z,Manchester,MAN-010,Rail,,Med-High,4,85,13030,TRUE
INC-202108-MAN-017-01,2021-08-17T03:33:00Z,Manchester,MAN-017,Underground,Passenger Incident,Medium,3,122,22744,TRUE
INC-202108-MAN-006-01,2021-08-17T08:16:00Z,Manchester,MAN-006,Tram,Roadworks,Low,1,15,372,TRUE
INC-202108-MAN-016-02,2021-08-17T15:50:00Z,Manchester,MAN-016,Bus,Staff Shortage,Low-Med,2,51,3764,TRUE
INC-202108-LON-018-01,2021-08-17T17:37:00Z,London,LON-018,Bus,Accident,Low-Med,2,61,4601,TRUE
INC-202108-LON-019-03,2021-08-17T21:58:00Z,London,LON-019,Bus,Staff Shortage,Low Med,2,37,3189,TRUE
INC-202108-EDI-008-02,2021-08-17T22:49:00Z,Edinburgh,EDI-008,Bus,Congestion,Low,1,21,4210,TRUE
INC-202108-MAN-016-01,2021-08-18T04:08:00Z,Manchester,MAN-016,Bus,Roadworks,Low,1,17,2390,TRUE
INC-202108-BRI-004-01,2021-08-18T04:59:00Z,bristol,BRI-004,Underground,,Medium,3,64,15084,TRUE
INC-202108-MAN-009-02,2021-08-18T13:43:00Z,Manchester,MAN-009,Underground,Power Issue,Low-Med,2,46,12259,TRUE
INC-202108-MAN-001-03,2021-08-18T15:00:00Z,Manchester,MAN-001,Bus,Staff Shortage,Low-Med,2,50,3381,TRUE
INC-202108-LON-022-01,2021-08-18T16:01:00Z,London,LON-022,Underground,Signal Failure,Med-High,4,180,38366,TRUE
INC-202108-EDI-020-03,2021-08-18T17:12:00Z,EDI,EDI-020,Rail,Track Fault,Low-Med,2,32,2006,TRUE
INC-202108-MAN-017-02,2021-08-19T02:39:00Z,Manchester,MAN-017,Underground,Passenger Incident,Med-High,4,180,56268,TRUE
INC-202108-EDI-003-01,2021-08-19T04:12:00Z,Edinburgh,EDI-003,Bus,Roadworks,Medium,3,83,3983,FALSE
INC-202108-BRI-014-03,2021-08-19T08:29:00Z,Bristol,BRI-014,Bus,Congestion,Low,1,11,888,TRUE
INC-202108-EDI-006-01,2021-08-19T08:37:00Z,Edinburgh,EDI-006,Underground,Passenger Incident,Medium,3,101,19920,TRUE
INC-202108-LON-006-01,2021-08-19T08:48:00Z,London,LON-006,BikeShare,Vandalism,Low,1,13,71,TRUE
INC-202108-EDI-008-01,2021-08-19T08:58:00Z,Edinburgh,EDI-008,Bus,Roadworks,Low-Med,2,46,2650,TRUE
INC-202108-MAN-009-03,2021-08-19T16:01:00Z,Manchester,MAN-009,Underground,Signal Failure,Low-Med,2,53,13722,TRUE
INC-202108-MAN-015-01,2021-08-19T18:12:00Z,Manchester,MAN-015,Bus,Staff Shortage,Low-Med,2,38,7550,TRUE
INC-202108-MAN-001-02,2021-08-20T02:41:00Z,Manchester,MAN-001,Bus,Congestion,Low-Med,2,48,4449,TRUE
INC-202108-EDI-005-01,2021-08-20T03:44:00Z,Edinburgh,EDI-005,Underground,Signal Failure,Medium,3,116,25795,TRUE
INC-202108-BRI-014-01,2021-08-20T06:03:00Z,Bristol,BRI-014,Bus,Congestion,Low,1,21,1690,FALSE
INC-202108-BRI-021-01,2021-08-20T08:46:00Z,Bristol,BRI-021,Rail,Track Fault,Medium,3,61,7359,TRUE
INC-202108-EDI-014-01,2021-08-21T09:53:00Z,Edinburgh,EDI-014,Underground,Power Issue,Med-High,4,180,30763,TRUE
INC-202108-EDI-009-02,2021-08-21T22:29:00Z,Edinburgh,EDI-009,Bus,Roadworks,Low,1,24,690,TRUE
INC-202108-LON-002-03,2021-08-22T07:43:00Z,London,LON-002,Bus,Vehicle Fault,Medium,3,48,3615,FALSE
INC-202108-EDI-005-02,2021-08-22T08:43:00Z,Edinburgh,EDI-005,Underground,Signal Failure,Low-Med,2,53,10607,TRUE
INC-202108-BRI-007-03,2021-08-22T16:03:00Z,Bristol,BRI-007,Tram,Power Issue,Low-Med,2,46,1506,TRUE
INC-202108-LON-005-01,2021-08-22T17:46:00Z,London,LON-005,Rail,Track Fault,Med-High,4,213,30665,TRUE
INC-202108-LON-017-01,2021-08-22T17:58:00Z,London,LON-017,Bus,Congestion,Medium,3,68,5755,TRUE
INC-202108-BRI-009-01,2021-08-22T18:00:00Z,Bristol,BRI-009,Tram,Obstruction,Low,1,14,638,TRUE
INC-202108-BRI-011-01,2021-08-23T14:27:00Z,Bristol,BRI-011,Bus,Congestion,Low-Med,2,62,3541,TRUE
INC-202108-LON-004-02,2021-08-23T17:55:00Z,London,LON-004,Tram,Power Issue,Med-High,4,170,9292,TRUE
INC-202108-BRI-001-01,2021-08-23T17:55:00Z,Bristol,BRI-001,Bus,Congestion,Low-Med,2,39,1474,TRUE
INC-202108-LON-011-01,2021-08-23T21:02:00Z,London,LON-011,Tram,Obstruction,Medium,3,94,5208,FALSE
INC-202108-LON-022-03,2021-08-24T01:19:00Z,London,LON-022,Underground,Station Closure,Low-Med,2,38,23662,TRUE
INC-202108-EDI-009-01,2021-08-24T10:56:00Z,Edinburgh,EDI-009,Bus,Congestion,Low,1,5,298,TRUE
INC-202108-EDI-018-01,2021-08-25T08:39:00Z,Edinburgh,EDI-018,Rail,Rolling Stock,Medium,3,58,4370,TRUE
INC-202108-LON-012-02,2021-08-25T22:53:00Z,London,LON-012,Bus,Roadworks,Medium,3,73,12428,TRUE
INC-202108-MAN-010-01,2021-08-26T02:51:00Z,Manchester,MAN-010,Rail,Rolling Stock,Med-High,4,156,10648,TRUE
INC-202108-MAN-022-01,2021-08-26T04:38:00Z,Manchester,MAN-022,Rail,Signal Failure,Medium,3,85,10057,TRUE
INC-202108-LON-022-02,2021-08-26T07:47:00Z,London,LON-022,underground,Signal Failure,High,5,308,132801,TRUE
INC-202108-LON-016-01,2021-08-26T08:36:00Z,london,LON-016,Rail,Signal Failure,Med-High,4,211,51692,TRUE
INC-202108-LON-002-04,2021-08-26T11:28:00Z,London,LON-002,Bus,Roadworks,Med-High,4,195,10984,TRUE
INC-202108-LON-008-01,2021-08-26T16:02:00Z,London,LON-008,Bus,Congestion,Medium,3,72,8564,TRUE
INC-202108-LON-002-01,2021-08-26T20:07:00Z,London,LON-002,Bus,Roadworks,Low-Med,2,63,4136,TRUE
INC-202108-BRI-019-01,2021-08-27T01:08:00Z,Bristol,BRI-019,Rail,Signal Failure,Med High,4,96,7829,TRUE
INC-202108-LON-015-01,2021-08-27T17:08:00Z,London,LON-015,Rail,Signal Failure,Med-High,4,119,15592,TRUE
INC-202108-BRI-022-02,2021-08-28T06:20:00Z,Bristol,BRI-022,Underground,Passenger Incident,Medium,3,59,11265,TRUE
INC-202108-MAN-007-01,2021-08-28T08:04:00Z,Manchester,MAN-007,tram,Power Issue,Low-Med,2,29,803,FALSE
INC-202108-MAN-016-03,2021-08-28T08:31:00Z,Manchester,MAN-016,Bus,Congestion,Medium,3,96,15489,TRUE
INC-202108-MAN-002-03,2021-08-28T09:54:00Z,Manchester,MAN-002,Tram,Roadworks,Low-Med,2,30,1455,TRUE
INC-202108-BRI-014-02,2021-08-28T19:18:00Z,Bristol,BRI-014,Bus,Congestion,Low,1,16,1057,TRUE
INC-202108-MAN-021-01,2021-08-28T19:57:00Z,Manchester,MAN-021,Rail,Track Fault,Low-Med,2,60,3154,TRUE
INC-202108-MAN-004-01,2021-08-28T21:36:00Z,Manchester,MAN-004,Bus,Roadworks,Medium,3,56,,TRUE
INC-202108-BRI-007-02,2021-08-28T23:45:00Z,Bristol,BRI-007,Tram,Vehicle Fault,Low,1,15,381,TRUE
INC-202108-BRI-007-01,2021-08-29T00:54:00Z,Bristol,BRI-007,Tram,Power Issue,Low-Med,2,35,828,TRUE
INC-202108-MAN-001-01,2021-08-30T08:36:00Z,Manchester,MAN-001,Bus,Congestion,Medium,3,58,6400,TRUE
INC-202108-LON-002-05,2021-08-30T13:34:00Z,London,LON-002,Bus,Congestion,Low,1,5,378,TRUE
INC-202108-LON-020-01,2021-08-31T18:33:00Z,London,LON-020,Bus,Vehicle Fault,Medium,3,79,34720,TRUE
INC-202109-LON-007-04,2021-09-01T04:54:00Z,London,LON-007,Tram,Obstruction,Low-Med,2,44,3712,TRUE
INC-202109-BRI-009-01,2021-09-01T05:12:00Z,Bristol,BRI-009,Tram,Vehicle Fault,Low-Med,2,38,1420,FALSE
INC-202109-EDI-005-02,2021-09-01T07:21:00Z,Edinburgh,EDI-005,Underground,Power Issue,Med-High,4,223,35052,TRUE
INC-202109-EDI-003-01,2021-09-01T09:20:00Z,Edinburgh,EDI-003,Bus,Congestion,Low,1,5,293,TRUE
INC-202109-LON-008-01,2021-09-01T10:25:00Z,London,LON-008,Bus,Roadworks,High,5,217,22107,TRUE
INC-202109-BRI-001-03,2021-09-02T15:31:00Z,Bristol,BRI-001,Bus,Roadworks,Low,1,12,791,FALSE
INC-202109-BRI-021-01,2021-09-02T16:37:00Z,Bristol,BRI-021,Rail,Weather,Low-Med,2,56,5346,TRUE
INC-202109-BRI-022-02,2021-09-02T17:05:00Z,Bristol,BRI-022,Underground,Signal Failure,High,5,314,71370,TRUE
INC-202109-MAN-008-01,2021-09-02T19:01:00Z,Manchester,MAN-008,Bus,Vehicle Fault,Medium,3,81,9764,TRUE
INC-202109-LON-001-02,2021-09-03T04:17:00Z,london,LON-001,Bus,Vehicle Fault,Medium,3,80,8269,TRUE
INC-202109-EDI-017-01,2021-09-03T06:11:00Z,Edinburgh,EDI-017,Underground,Passenger Incident,Med-High,4,223,56548,TRUE
INC-202109-LON-014-02,2021-09-03T07:19:00Z,london,LON-014,Bus,Roadworks,Low-Med,2,46,7824,FALSE
INC-202109-LON-007-02,2021-09-04T04:53:00Z,London,LON-007,Tram,Obstruction,Medium,3,54,5064,TRUE
INC-202109-LON-012-03,2021-09-04T07:06:00Z,London,LON-012,Bus,Congestion,Medium,3,56,4641,TRUE
INC-202109-BRI-008-01,2021-09-04T09:23:00Z,Bristol,BRI-008,Rail,Signal Failure,Low-Med,2,46,2195,TRUE
INC-202109-MAN-009-01,2021-09-05T09:26:00Z,Manchester,MAN-009,Underground,Power Issue,Med-High,4,103,28083,TRUE
INC-202109-BRI-014-02,2021-09-06T06:51:00Z,Bristol,BRI-014,Bus,Staff Shortage,Low-Med,2,27,724,TRUE
INC-202109-LON-013-01,2021-09-06T19:17:00Z,London,LON-013,Underground,Signal Failure,Medium,3,81,23442,TRUE
INC-202109-LON-001-04,2021-09-07T04:03:00Z,London,LON-001,Bus,Roadworks,Low-Med,2,54,6592,TRUE
INC-202109-LON-012-02,2021-09-07T06:28:00Z,London,LON-012,Bus,Congestion,Medium,3,103,13200,TRUE
INC-202109-EDI-008-02,2021-09-07T08:29:00Z,Edinburgh,EDI-008,Bus,Accident,Low,1,18,573,TRUE
INC-202109-LON-016-04,2021-09-07T08:48:00Z,London,LON-016,Rail,Signal Failure,Med-High,4,178,37342,TRUE
INC-202109-LON-022-01,2021-09-08T00:11:00Z,London,LON-022,underground,Signal Failure,Medium,3,123,46841,TRUE
INC-202109-BRI-011-01,2021-09-08T03:48:00Z,Bristol,BRI-011,Bus,Vehicle Fault,Low,1,5,379,TRUE
INC-202109-MAN-010-02,2021-09-08T04:39:00Z,MAN,MAN-010,Rail,Track Fault,Medium,3,104,10602,TRUE
INC-202109-LON-014-03,2021-09-08T07:47:00Z,London,LON-014,Bus,Congestion,Low-Med,2,53,6762,TRUE
INC-202109-BRI-001-01,2021-09-08T23:16:00Z,Bristol,BRI-001,bus,Vehicle Fault,Low-Med,2,63,2460,FALSE
INC-202109-LON-008-02,2021-09-09T19:41:00Z,London,LON-008,Bus,Staff Shortage,Med-High,4,146,15446,TRUE
INC-202109-MAN-008-02,2021-09-09T21:16:00Z,Manchester,MAN-008,Bus,Staff Shortage,Low-Med,2,21,1615,TRUE
INC-202109-MAN-013-02,2021-09-09T22:57:00Z,Manchester,MAN-013,Underground,Signal Failure,Medium,3,48,9714,TRUE
INC-202109-EDI-011-02,2021-09-10T16:13:00Z,Edinburgh,EDI-011,Bus,Congestion,Medium,3,115,16994,FALSE
INC-202109-EDI-011-01,2021-09-10T19:51:00Z,Edinburgh,EDI-011,Bus,Staff Shortage,Med-High,4,200,12623,TRUE
INC-202109-EDI-009-01,2021-09-10T21:38:00Z,Edinburgh,EDI-009,Bus,Vehicle Fault,Low-Med,2,23,1030,TRUE
INC-202109-EDI-019-02,2021-09-10T22:16:00Z,Edinburgh,EDI-019,Tram,Vehicle Fault,Low-Med,2,26,765,TRUE
INC-202109-MAN-019-01,2021-09-11T01:42:00Z,Manchester,MAN-019,Underground,Power Issue,Medium,3,117,12563,TRUE
INC-202109-LON-005-02,2021-09-12T07:10:00Z,London,LON-005,Rail,Weather,Med-High,4,145,33977,TRUE
INC-202109-BRI-002-01,2021-09-12T11:24:00Z,Bristol,BRI-002,Bus,Congestion,Low-Med,2,50,4374,TRUE
INC-202109-LON-007-03,2021-09-12T11:41:00Z,London,LON-007,Tram,Vehicle Fault,Medium,3,94,5309,TRUE
INC-202109-BRI-001-02,2021-09-12T14:32:00Z,Bristol,BRI-001,Bus,Congestion,Low,1,15,520,TRUE
INC-202109-BRI-013-01,2021-09-12T16:27:00Z,Bristol,BRI-013,Bus,Congestion,Medium,3,80,5145,TRUE
INC-202109-EDI-008-01,2021-09-12T18:38:00Z,Edinburgh,EDI-008,Bus,Congestion,Low,1,17,1102,TRUE
INC-202109-BRI-009-02,2021-09-13T07:54:00Z,Bristol,BRI-009,Tram,Roadworks,Low-Med,2,45,3781,TRUE
INC-202109-LON-014-04,2021-09-13T17:13:00Z,LDN,LON-014,Bus,Accident,Medium,3,113,7842,TRUE
INC-202109-LON-001-01,2021-09-13T17:58:00Z,London,LON-001,Bus,Staff Shortage,Low-Med,2,50,5028,FALSE
INC-202109-MAN-001-01,2021-09-14T00:55:00Z,Manchester,MAN-001,Bus,Congestion,Low-Med,2,28,915,FALSE
INC-202109-LON-015-01,2021-09-14T06:48:00Z,London,LON-015,Rail,Track Fault,LOW-MED,2,59,4869,TRUE
INC-202109-LON-009-02,2021-09-15T08:33:00Z,London,LON-009,Rail,Signal Failure,High,5,245,58414,TRUE
INC-202109-EDI-011-03,2021-09-15T12:12:00Z,Edinburgh,EDI-011,Bus,Staff Shortage,Low-Med,2,64,7795,TRUE
INC-202109-BRI-022-01,2021-09-15T22:57:00Z,Bristol,BRI-022,Underground,Power Issue,Med High,4,208,40990,TRUE
INC-202109-EDI-013-01,2021-09-15T23:06:00Z,Edinburgh,EDI-013,Rail,Track Fault,Low-Med,2,37,2849,TRUE
INC-202109-EDI-004-02,2021-09-16T08:12:00Z,Edinburgh,EDI-004,Bus,Roadworks,Low,1,10,708,TRUE
INC-202109-LON-005-01,2021-09-16T08:20:00Z,London,LON-005,Rail,Signal Failure,Medium,3,98,14326,TRUE
INC-202109-BRI-020-01,2021-09-16T09:56:00Z,Bristol,BRI-020,rail,Signal Failure,Medium,3,105,20299,TRUE
INC-202109-EDI-017-02,2021-09-16T18:11:00Z,Edinburgh,EDI-017,Underground,Station Closure,Medium,3,78,16117,TRUE
INC-202109-MAN-015-03,2021-09-16T19:56:00Z,Manchester,MAN-015,Bus,Congestion,Low-Med,2,46,1817,TRUE
INC-202109-BRI-015-01,2021-09-17T07:03:00Z,Bristol,BRI-015,BikeShare,Dock Empty,Low,1,17,137,TRUE
INC-202109-BRI-019-01,2021-09-17T08:07:00Z,Bristol,BRI-019,Rail,Rolling Stock,Med-High,4,107,12511,TRUE
INC-202109-BRI-014-01,2021-09-17T23:26:00Z,Bristol,BRI-014,Bus,Congestion,Medium,3,65,6213,TRUE
INC-202109-MAN-013-01,2021-09-18T07:00:00Z,Manchester,MAN-013,Underground,Passenger Incident,Low-Med,2,45,9455,TRUE
INC-202109-BRI-019-02,2021-09-18T07:20:00Z,Bristol,BRI-019,rail,Weather,Low Med,2,44,3803,TRUE
INC-202109-MAN-020-01,2021-09-18T14:55:00Z,Manchester,MAN-020,Bus,Roadworks,Low-Med,2,46,2653,TRUE
INC-202109-MAN-021-01,2021-09-18T17:34:00Z,Manchester,MAN-021,Rail,Track Fault,Med-High,4,185,12445,TRUE
INC-202109-LON-008-04,2021-09-18T18:06:00Z,London,LON-008,Bus,Roadworks,Medium,3,63,13686,TRUE
INC-202109-MAN-019-02,2021-09-19T04:49:00Z,Manchester,MAN-019,Underground,Station Closure,Med-High,4,191,34547,TRUE
INC-202109-EDI-005-01,2021-09-19T06:32:00Z,Edinburgh,EDI-005,Underground,Power Issue,Med-High,4,142,22351,TRUE
INC-202109-EDI-002-01,2021-09-19T19:04:00Z,Edinburgh,EDI-002,Bus,Roadworks,Low-Med,2,33,2484,TRUE
INC-202109-MAN-010-01,2021-09-20T08:44:00Z,MAN,MAN-010,Rail,Signal Failure,Medium,3,68,3575,TRUE
INC-202109-BRI-020-02,2021-09-21T02:17:00Z,Bristol,BRI-020,Rail,Rolling Stock,Med-High,4,182,,TRUE
INC-202109-LON-005-03,2021-09-21T14:44:00Z,London,LON-005,Rail,Track Fault,Med-High,4,197,86022,TRUE
INC-202109-LON-012-01,2021-09-21T22:39:00Z,London,LON-012,Bus,Congestion,Medium,3,92,11232,TRUE
INC-202109-BRI-011-02,2021-09-21T22:47:00Z,Bristol,BRI-011,Bus,Vehicle Fault,Low,1,28,918,TRUE
INC-202109-MAN-015-01,2021-09-22T20:00:00Z,Manchester,MAN-015,Bus,Vehicle Fault,Low,1,,1026,TRUE
INC-202109-EDI-011-04,2021-09-23T01:18:00Z,Edinburgh,EDI-011,Bus,Staff Shortage,Low,1,17,1572,TRUE
INC-202109-LON-020-01,2021-09-23T18:45:00Z,London,LON-020,bus,Congestion,Medium,3,79,8606,TRUE
INC-202109-EDI-007-01,2021-09-24T14:45:00Z,Edinburgh,EDI-007,BikeShare,Dock Empty,Low,1,13,86,TRUE
INC-202109-MAN-015-02,2021-09-24T18:34:00Z,Manchester,MAN-015,Bus,Congestion,Low,1,25,1200,TRUE
INC-202109-LON-001-03,2021-09-25T08:40:00Z,London,LON-001,Bus,Congestion,Medium,3,69,12433,TRUE
INC-202109-MAN-017-01,2021-09-25T09:06:00Z,Manchester,MAN-017,Underground,Signal Failure,Medium,3,69,17288,TRUE
INC-202109-LON-016-01,2021-09-25T18:58:00Z,London,LON-016,Rail,Signal Failure,Med-High,4,176,35324,TRUE
INC-202109-LON-009-01,2021-09-26T02:56:00Z,London,LON-009,Rail,Rolling Stock,Medium,3,110,25179,TRUE
INC-202109-EDI-010-01,2021-09-26T09:12:00Z,Edinburgh,EDI-010,Bus,Vehicle Fault,Low-Med,2,37,1815,TRUE
INC-202109-LON-016-02,2021-09-26T11:48:00Z,LDN,LON-016,Rail,Signal Failure,Med-High,4,137,122060,TRUE
INC-202109-EDI-015-01,2021-09-26T14:13:00Z,Edinburgh,EDI-015,Bus,Staff Shortage,Low-Med,2,56,2680,TRUE
INC-202109-BRI-016-01,2021-09-26T23:33:00Z,Bristol,BRI-016,Rail,Signal Failure,Low-Med,2,39,3226,TRUE
INC-202109-EDI-004-01,2021-09-27T09:39:00Z,Edinburgh,EDI-004,Bus,Congestion,Low,1,15,714,TRUE
INC-202109-LON-018-01,2021-09-27T16:56:00Z,London,LON-018,Bus,Vehicle Fault,Low-Med,2,37,3502,TRUE
INC-202109-BRI-006-01,2021-09-28T09:07:00Z,Bristol,BRI-006,Bus,Congestion,Low-Med,2,43,2428,TRUE
INC-202109-EDI-019-01,2021-09-28T14:48:00Z,Edinburgh,EDI-019,Tram,Power Issue,Low-Med,2,62,2152,TRUE
INC-202109-MAN-009-02,2021-09-28T17:03:00Z,Manchester,MAN-009,Underground,Signal Failure,Medium,3,97,24973,TRUE
INC-202109-EDI-005-03,2021-09-28T17:05:00Z,Edinburgh,EDI-005,Underground,Power Issue,Med-High,4,211,74860,TRUE
INC-202109-BRI-007-01,2021-09-28T17:41:00Z,Bristol,BRI-007,Tram,Roadworks,Low,1,9,341,TRUE
INC-202109-BRI-005-01,2021-09-28T18:03:00Z,Bristol,BRI-005,Bus,Vehicle Fault,Low,1,15,1821,TRUE
INC-202109-BRI-007-02,2021-09-29T13:08:00Z,Bristol,BRI-007,Tram,Roadworks,Low-Med,2,33,1213,TRUE
INC-202109-LON-014-01,2021-09-29T16:35:00Z,London,LON-014,Bus,Congestion,Low-Med,2,21,2386,TRUE
INC-202109-MAN-004-01,2021-09-29T18:31:00Z,Manchester,MAN-004,Bus,Congestion,Low,1,13,530,TRUE
INC-202109-MAN-021-02,2021-09-30T02:13:00Z,Manchester,MAN-021,Rail,Signal Failure,Medium,3,50,4955,TRUE
INC-202109-EDI-006-01,2021-09-30T07:11:00Z,Edinburgh,EDI-006,Underground,Power Issue,Med High,4,94,26564,FALSE
INC-202109-LON-017-01,2021-09-30T13:43:00Z,London,LON-017,Bus,Vehicle Fault,Medium,3,116,18234,TRUE
INC-202109-LON-016-03,2021-09-30T15:10:00Z,London,LON-016,Rail,Signal Failure,Med-High,4,160,42686,TRUE
INC-202109-LON-008-03,2021-09-30T16:15:00Z,London,LON-008,Bus,Roadworks,Low-Med,2,44,5561,FALSE
INC-202109-BRI-017-01,2021-09-30T16:21:00Z,Bristol,BRI-017,Bus,Congestion,Low-Med,2,33,1861,TRUE
INC-202109-EDI-006-02,2021-09-30T18:16:00Z,Edinburgh,EDI-006,Underground,Power Issue,Low-Med,2,45,12454,TRUE
INC-202109-LON-007-01,2021-09-30T19:09:00Z,London,LON-007,Tram,Roadworks,MED-HIGH,4,197,13514,TRUE
INC-202110-LON-017-01,2021-10-01T17:56:00Z,LDN,LON-017,Bus,Congestion,Medium,3,75,4655,TRUE
INC-202110-EDI-015-01,2021-10-01T21:15:00Z,Edinburgh,EDI-015,Bus,Staff Shortage,Medium,3,91,6035,TRUE
INC-202110-BRI-011-01,2021-10-02T00:12:00Z,Bristol,BRI-011,Bus,Roadworks,Low,1,22,641,TRUE
INC-202110-MAN-019-02,2021-10-02T06:14:00Z,Manchester,MAN-019,Underground,Power Issue,Med High,4,136,38277,TRUE
INC-202110-EDI-009-02,2021-10-02T19:03:00Z,Edinburgh,EDI-009,Bus,Roadworks,Low-Med,2,32,1477,TRUE
INC-202110-MAN-010-03,2021-10-03T09:35:00Z,Manchester,MAN-010,Rail,Track Fault,Med-High,4,112,9908,TRUE
INC-202110-EDI-017-02,2021-10-03T09:41:00Z,Edinburgh,EDI-017,Underground,Passenger Incident,Med-High,4,185,47393,TRUE
INC-202110-EDI-007-03,2021-10-03T14:38:00Z,Edinburgh,EDI-007,BikeShare,Dock Full,Low-Med,2,54,341,TRUE
INC-202110-LON-008-03,2021-10-04T06:02:00Z,London,LON-008,Bus,Roadworks,Low-Med,2,36,2922,FALSE
INC-202110-LON-008-02,2021-10-04T21:51:00Z,London,LON-008,Bus,Roadworks,Medium,3,87,5227,TRUE
INC-202110-LON-008-02,2021-10-04T21:52:00Z,London,LON-008,Bus,Roadworks,Medium,3,87,5227,TRUE
INC-202110-BRI-004-02,2021-10-05T00:22:00Z,Bristol,BRI-004,Underground,Signal Failure,Med-High,4,176,54117,TRUE
INC-202112-EDI-001-01,2021-10-05T10:36:00Z,Edinburgh,EDI-006,Underground,Signal Failure,Med-High,4,218,34068,TRUE
INC-202110-MAN-019-01,2021-10-05T16:20:00Z,Manchester,MAN-019,Underground,Station Closure,Med-High,4,196,31585,TRUE
INC-202110-BRI-015-02,2021-10-06T09:43:00Z,Bristol,BRI-015,BikeShare,Dock Empty,Low,1,9,79,TRUE
INC-202110-MAN-008-02,2021-10-06T17:49:00Z,Manchester,MAN-008,Bus,Accident,Low-Med,2,33,2502,TRUE
INC-202110-LON-003-01,2021-10-06T23:22:00Z,London,LON-003,Bus,Roadworks,Low-Med,2,55,6711,TRUE
INC-202110-BRI-013-02,2021-10-07T08:15:00Z,Bristol,BRI-013,Bus,Congestion,Medium,3,120,5345,FALSE
INC-202110-LON-020-03,2021-10-07T17:52:00Z,London,LON-020,Bus,Vehicle Fault,Medium,3,112,17633,TRUE
INC-202110-EDI-018-02,2021-10-07T17:54:00Z,Edinburgh,EDI-018,Rail,Weather,Med High,4,162,33592,TRUE
INC-202110-MAN-017-04,2021-10-08T06:00:00Z,Manchester,MAN-017,Underground,Signal Failure,Med-High,4,106,38010,TRUE
INC-202110-LON-012-01,2021-10-08T10:31:00Z,London,LON-012,Bus,Accident,Medium,3,110,7478,TRUE
INC-202110-MAN-006-02,2021-10-09T06:05:00Z,Manchester,MAN-006,Tram,Roadworks,Low,1,21,571,TRUE
INC-202110-MAN-007-02,2021-10-09T06:34:00Z,Manchester,MAN-007,Tram,Vehicle Fault,Low,1,12,475,TRUE
INC-202110-LON-016-01,2021-10-09T13:21:00Z,london,LON-016,Rail,Weather,High,5,308,37497,TRUE
INC-202110-BRI-002-01,2021-10-10T04:57:00Z,Bristol,BRI-002,Bus,Vehicle Fault,Low-Med,2,51,1902,TRUE
INC-202110-BRI-018-01,2021-10-10T16:16:00Z,Bristol,BRI-018,Bus,Vehicle Fault,Low,1,11,520,TRUE
INC-202110-MAN-004-01,2021-10-10T16:37:00Z,Manchester,MAN-004,Bus,Staff Shortage,Medium,3,123,8072,TRUE
INC-202110-LON-021-01,2021-10-10T17:30:00Z,London,LON-021,Bus,Vehicle Fault,Medium,3,101,10768,TRUE
INC-202110-EDI-018-03,2021-10-10T18:58:00Z,Edinburgh,EDI-018,Rail,Rolling Stock,Medium,3,127,17027,TRUE
INC-202110-MAN-006-01,2021-10-11T00:42:00Z,Manchester,MAN-006,Tram,Obstruction,Low-Med,2,50,1277,TRUE
INC-202110-LON-010-01,2021-10-11T07:59:00Z,London,LON-010,BikeShare,Bike Fault,Low,1,11,936,TRUE
INC-202110-MAN-007-01,2021-10-11T17:30:00Z,Manchester,MAN-007,Tram,Power Issue,Low,1,20,281,TRUE
INC-202110-BRI-005-01,2021-10-12T08:05:00Z,Bristol,BRI-005,Bus,Congestion,Low,1,13,,TRUE
INC-202110-MAN-010-01,2021-10-12T09:50:00Z,Manchester,MAN-010,Rail,Signal Failure,Medium,3,60,11503,TRUE
INC-202110-EDI-016-02,2021-10-13T07:55:00Z,Edinburgh,EDI-016,BikeShare,Dock Empty,Low,1,9,100,TRUE
INC-202110-LON-022-01,2021-10-13T13:58:00Z,London,LON-022,Underground,Passenger Incident,High,5,289,147589,TRUE
INC-202110-BRI-013-01,2021-10-13T19:33:00Z,Bristol,BRI-013,Bus,Roadworks,Low,1,21,746,FALSE
INC-202110-LON-008-01,2021-10-14T17:21:00Z,London,LON-008,bus,Roadworks,Low,1,5,133,TRUE
INC-202110-LON-018-01,2021-10-14T19:54:00Z,london,LON-018,Bus,Congestion,Low,1,,662,TRUE
INC-202110-EDI-022-01,2021-10-15T08:51:00Z,Edinburgh,EDI-022,BikeShare,Dock Empty,Low-Med,2,27,,TRUE
INC-202110-EDI-022-01,2021-10-15T08:56:00Z,Edinburgh,EDI-022,BikeShare,Dock Empty,Low-Med,2,27,,TRUE
INC-202110-EDI-018-01,2021-10-15T18:19:00Z,Edinburgh,EDI-018,Rail,Signal Failure,Med-High,4,197,20927,TRUE
INC-202110-BRI-015-01,2021-10-15T18:38:00Z,bristol,BRI-015,BikeShare,Dock Empty,Low,1,11,76,TRUE
INC-202110-BRI-021-01,2021-10-16T17:27:00Z,Bristol,BRI-021,Rail,Track Fault,Med-High,4,119,20435,TRUE
INC-202110-MAN-017-02,2021-10-16T17:45:00Z,Manchester,MAN-017,Underground,Passenger Incident,Med-High,4,148,46736,TRUE
INC-202110-LON-002-01,2021-10-17T05:54:00Z,London,LON-002,Bus,Accident,Low-Med,2,43,2841,TRUE
INC-202110-EDI-005-02,2021-10-17T06:14:00Z,Edinburgh,EDI-005,Underground,Signal Failure,Medium,3,73,19626,TRUE
INC-202110-LON-002-02,2021-10-17T11:31:00Z,London,LON-002,Bus,,Medium,3,85,3713,TRUE
INC-202110-LON-002-02,2021-10-17T11:34:00Z,London,LON-002,Bus,,Medium,3,85,3713,TRUE
INC-202110-EDI-005-03,2021-10-17T18:25:00Z,Edinburgh,EDI-005,Underground,Passenger Incident,Med-High,4,185,28473,TRUE
INC-202110-LON-007-02,2021-10-17T19:14:00Z,London,LON-007,Tram,Power Issue,Low-Med,2,61,1549,FALSE
INC-202110-LON-016-02,2021-10-17T19:25:00Z,London,LON-016,Rail,Signal Failure,Medium,3,47,7934,TRUE
INC-202110-LON-007-01,2021-10-18T00:01:00Z,London,LON-007,Tram,Roadworks,Medium,3,105,3644,TRUE
INC-202110-LON-005-01,2021-10-18T10:30:00Z,London,LON-005,Rail,Rolling Stock,Low-Med,2,37,3011,TRUE
INC-202110-MAN-009-01,2021-10-18T15:10:00Z,Manchester,MAN-009,Underground,Passenger Incident,Low-Med,2,48,10475,FALSE
INC-202110-EDI-005-01,2021-10-18T19:27:00Z,Edinburgh,EDI-005,Underground,Power Issue,Medium,3,115,23283,TRUE
INC-202110-LON-010-02,2021-10-18T23:43:00Z,London,LON-010,BikeShare,Bike Fault,Low,1,15,219,TRUE
INC-202110-MAN-016-01,2021-10-19T05:38:00Z,Manchester,MAN-016,Bus,Roadworks,Low,1,20,939,TRUE
INC-202110-EDI-013-01,2021-10-19T07:45:00Z,Edinburgh,EDI-013,Rail,Rolling Stock,Medium,3,73,6587,TRUE
INC-202110-LON-004-01,2021-10-20T09:52:00Z,London,LON-004,Tram,Power Issue,Med-High,4,165,8355,TRUE
INC-202110-LON-004-02,2021-10-20T16:50:00Z,LDN,LON-004,Tram,Obstruction,Medium,3,61,,TRUE
INC-202110-EDI-008-02,2021-10-20T17:26:00Z,Edinburgh,EDI-008,Bus,Congestion,Low,1,24,1528,TRUE
INC-202110-MAN-001-01,2021-10-20T17:52:00Z,Manchester,MAN-001,Bus,Accident,Medium,3,67,36565,TRUE
INC-202110-LON-019-01,2021-10-21T16:18:00Z,London,LON-019,Bus,Roadworks,Medium,3,101,8569,FALSE
INC-202110-LON-009-01,2021-10-22T00:56:00Z,London,LON-009,Rail,,Med-High,4,137,22092,TRUE
INC-202110-LON-020-01,2021-10-22T05:43:00Z,london,LON-020,Bus,Staff Shortage,High,5,199,41325,TRUE
INC-202110-LON-015-01,2021-10-22T13:21:00Z,London,LON-015,Rail,Signal Failure,Medium,3,71,14847,TRUE
INC-202110-EDI-020-01,2021-10-23T13:49:00Z,Edinburgh,EDI-020,Rail,Rolling Stock,Low Med,2,63,2973,TRUE
INC-202110-EDI-009-01,2021-10-23T18:07:00Z,Edinburgh,EDI-009,Bus,Staff Shortage,Low-Med,2,46,3094,TRUE
INC-202110-LON-017-02,2021-10-23T19:08:00Z,London,LON-017,Bus,Congestion,Medium,3,84,10727,TRUE
INC-202110-MAN-008-01,2021-10-24T02:47:00Z,MAN,MAN-008,Bus,Accident,Low,1,13,1087,TRUE
INC-202110-EDI-007-02,2021-10-24T08:07:00Z,Edinburgh,EDI-007,bikeshare,App Outage,Low,1,11,101,TRUE
INC-202110-MAN-008-03,2021-10-24T18:52:00Z,Manchester,MAN-008,Bus,Roadworks,Med-High,4,158,9874,TRUE
INC-202110-LON-019-02,2021-10-25T18:33:00Z,London,LON-019,Bus,Staff Shortage,Medium,3,102,6746,TRUE
INC-202110-LON-017-03,2021-10-25T18:47:00Z,London,LON-017,bus,Vehicle Fault,Low-Med,2,42,4055,TRUE
INC-202110-EDI-006-02,2021-10-26T09:04:00Z,Edinburgh,EDI-006,Underground,Power Issue,Medium,3,60,13471,TRUE
INC-202110-MAN-008-04,2021-10-27T23:07:00Z,Manchester,MAN-008,Bus,Congestion,Low-Med,2,46,2644,TRUE
INC-202110-MAN-019-03,2021-10-28T02:31:00Z,Manchester,MAN-019,Underground,Passenger Incident,Medium,3,113,18675,TRUE
INC-202110-LON-020-02,2021-10-28T12:05:00Z,London,LON-020,Bus,Congestion,Low Med,2,46,6880,TRUE
INC-202110-EDI-017-01,2021-10-28T21:49:00Z,Edinburgh,EDI-017,Underground,Passenger Incident,Med-High,4,201,62403,TRUE
INC-202110-MAN-017-01,2021-10-29T02:31:00Z,Manchester,MAN-017,Underground,Power Issue,Medium,3,112,22645,TRUE
INC-202110-BRI-004-01,2021-10-29T07:52:00Z,Bristol,BRI-004,Underground,Power Issue,Low-Med,2,36,8057,TRUE
INC-202110-LON-021-02,2021-10-29T09:57:00Z,London,LON-021,Bus,Vehicle Fault,Med-High,4,169,20609,TRUE
INC-202110-LON-011-01,2021-10-29T15:47:00Z,London,LON-011,Tram,Roadworks,Medium,3,122,5583,TRUE
INC-202110-BRI-004-03,2021-10-29T16:46:00Z,Bristol,BRI-004,Underground,Power Issue,Medium,3,76,12833,TRUE
INC-202110-EDI-008-01,2021-10-30T00:52:00Z,Edinburgh,EDI-008,Bus,Staff Shortage,Low,1,11,857,TRUE
INC-202110-EDI-016-01,2021-10-30T03:45:00Z,Edinburgh,EDI-016,BikeShare,Bike Fault,Low,1,13,112,TRUE
INC-202110-LON-006-01,2021-10-30T08:46:00Z,London,LON-006,BikeShare,Vandalism,LOW,1,11,109,TRUE
INC-202110-MAN-017-03,2021-10-30T09:14:00Z,Manchester,MAN-017,Underground,Station Closure,High,5,322,58248,TRUE
INC-202110-MAN-018-01,2021-10-31T05:35:00Z,Manchester,MAN-018,BikeShare,Dock Empty,Low,1,8,138,TRUE
INC-202110-EDI-003-01,2021-10-31T12:24:00Z,Edinburgh,EDI-003,Bus,Congestion,Low-Med,2,34,1038,TRUE
INC-202110-EDI-007-01,2021-10-31T14:41:00Z,Edinburgh,EDI-007,BikeShare,Dock Empty,Low,1,14,114,TRUE
INC-202110-MAN-010-02,2021-10-31T17:54:00Z,Manchester,MAN-010,Rail,Signal Failure,Med-High,4,109,12868,TRUE
INC-202110-BRI-018-02,2021-10-31T18:51:00Z,Bristol,BRI-018,Bus,Staff Shortage,Low-Med,2,29,1893,FALSE
INC-202110-EDI-004-01,2021-10-31T19:03:00Z,Edinburgh,EDI-004,Bus,Roadworks,Medium,3,77,2299,TRUE
INC-202110-EDI-015-02,2021-10-31T19:44:00Z,Edinburgh,EDI-015,Bus,Congestion,Medium,3,79,6820,TRUE
INC-202110-EDI-011-01,2021-10-31T20:07:00Z,EDI,EDI-011,Bus,Staff Shortage,Low,1,11,690,TRUE
INC-202111-BRI-001-01,2021-11-01T02:28:00Z,Bristol,BRI-001,bus,Accident,Low,1,15,395,TRUE
INC-202111-MAN-004-01,2021-11-01T05:49:00Z,Manchester,MAN-004,Bus,Roadworks,Low-Med,2,29,856,TRUE
INC-202111-LON-004-01,2021-11-01T08:59:00Z,London,LON-004,Tram,Power Issue,Low,1,7,199,TRUE
INC-202111-MAN-020-01,2021-11-01T12:36:00Z,Manchester,MAN-020,Bus,Congestion,Low-Med,2,41,2804,TRUE
INC-202111-MAN-015-01,2021-11-01T17:20:00Z,Manchester,MAN-015,Bus,Staff Shortage,Low,1,19,550,TRUE
INC-202111-BRI-006-05,2021-11-01T17:22:00Z,Bristol,BRI-006,Bus,Congestion,Low-Med,2,52,7636,FALSE
INC-202111-LON-020-01,2021-11-01T22:39:00Z,London,LON-020,Bus,Congestion,Medium,3,80,8260,TRUE
INC-202111-BRI-004-02,2021-11-03T07:48:00Z,Bristol,BRI-004,Underground,Signal Failure,Low Med,2,35,13711,FALSE
INC-202111-BRI-004-02,2021-11-03T07:52:00Z,Bristol,BRI-004,Underground,Signal Failure,Low Med,2,35,13711,FALSE
INC-202111-EDI-020-02,2021-11-03T19:31:00Z,Edinburgh,EDI-020,Rail,Rolling Stock,Low-Med,2,54,4694,TRUE
INC-202111-MAN-011-01,2021-11-04T07:19:00Z,Manchester,MAN-011,Bus,Vehicle Fault,Low,1,22,857,TRUE
INC-202111-LON-015-02,2021-11-04T08:22:00Z,London,LON-015,Rail,Track Fault,Med-High,4,102,26083,TRUE
INC-202111-EDI-017-02,2021-11-05T07:13:00Z,Edinburgh,EDI-017,Underground,Power Issue,Med High,4,174,61804,TRUE
INC-202111-BRI-011-01,2021-11-06T06:30:00Z,Bristol,BRI-011,bus,Accident,Low-Med,2,46,3345,TRUE
INC-202111-EDI-017-01,2021-11-06T07:15:00Z,Edinburgh,EDI-017,Underground,Signal Failure,Low-Med,2,55,9473,TRUE
INC-202111-EDI-013-03,2021-11-06T12:50:00Z,Edinburgh,EDI-013,Rail,Rolling Stock,Medium,3,90,5576,TRUE
INC-202111-LON-022-02,2021-11-06T13:49:00Z,London,LON-022,Underground,Signal Failure,Med-High,4,169,65783,TRUE
INC-202111-LON-011-01,2021-11-07T16:42:00Z,London,LON-011,Tram,Obstruction,Med-High,4,198,3998,TRUE
INC-202111-MAN-014-01,2021-11-07T19:08:00Z,Manchester,MAN-014,BikeShare,Dock Full,Low,1,16,85,TRUE
INC-202111-EDI-014-01,2021-11-08T06:11:00Z,Edinburgh,EDI-014,Underground,Signal Failure,Low-Med,2,55,14284,TRUE
INC-202111-EDI-020-01,2021-11-08T08:00:00Z,Edinburgh,EDI-020,Rail,Rolling Stock,Low-Med,2,66,5533,TRUE
INC-202111-BRI-008-01,2021-11-08T11:34:00Z,Bristol,BRI-008,rail,Signal Failure,Medium,3,56,7689,TRUE
INC-202111-BRI-017-02,2021-11-08T16:07:00Z,Bristol,BRI-017,Bus,Roadworks,Medium,3,88,6647,TRUE
INC-202111-MAN-016-01,2021-11-10T06:23:00Z,Manchester,MAN-016,Bus,Congestion,Low,1,14,867,TRUE
INC-202111-MAN-013-01,2021-11-10T08:15:00Z,Manchester,MAN-013,Underground,Signal Failure,Low-Med,2,54,13452,TRUE
INC-202111-MAN-020-03,2021-11-10T14:16:00Z,Manchester,MAN-020,Bus,Vehicle Fault,Low Med,2,33,1930,TRUE
INC-202111-LON-003-01,2021-11-11T11:42:00Z,london,LON-003,Bus,Roadworks,Low,1,22,2861,TRUE
INC-202111-EDI-005-01,2021-11-11T16:04:00Z,Edinburgh,EDI-005,Underground,Signal Failure,Medium,3,69,15705,FALSE
INC-202111-BRI-019-02,2021-11-12T16:55:00Z,Bristol,BRI-019,Rail,Signal Failure,Medium,3,114,11957,TRUE
INC-202111-MAN-015-02,2021-11-12T17:06:00Z,Manchester,MAN-015,Bus,Congestion,Low,1,22,867,TRUE
INC-202111-LON-002-02,2021-11-12T17:08:00Z,London,LON-002,Bus,Vehicle Fault,Low Med,2,47,3783,TRUE
INC-202111-EDI-003-01,2021-11-12T23:34:00Z,Edinburgh,EDI-003,Bus,Staff Shortage,Low Med,2,62,3254,TRUE
INC-202111-BRI-004-03,2021-11-13T03:07:00Z,Bristol,BRI-004,Underground,Station Closure,Low-Med,2,47,10606,TRUE
INC-202111-BRI-014-01,2021-11-14T04:10:00Z,Bristol,BRI-014,Bus,Congestion,Low,1,16,1316,FALSE
INC-202111-EDI-006-01,2021-11-14T06:28:00Z,Edinburgh,EDI-006,Underground,Signal Failure,Med-High,4,206,61784,TRUE
INC-202111-MAN-017-01,2021-11-14T10:28:00Z,Manchester,MAN-017,Underground,Station Closure,High,5,315,54308,TRUE
INC-202111-LON-004-02,2021-11-14T18:06:00Z,London,LON-004,Tram,Vehicle Fault,Low Med,2,49,1159,FALSE
INC-202111-LON-015-01,2021-11-15T03:51:00Z,London,LON-015,Rail,Rolling Stock,High,5,198,105014,TRUE
INC-202111-MAN-008-01,2021-11-15T11:05:00Z,Manchester,MAN-008,Bus,Roadworks,Medium,3,96,6114,TRUE
INC-202111-BRI-006-02,2021-11-15T13:46:00Z,Bristol,BRI-006,Bus,Vehicle Fault,Low,1,20,2420,TRUE
INC-202111-MAN-020-02,2021-11-15T23:17:00Z,Manchester,MAN-020,Bus,Vehicle Fault,Medium,3,95,4907,TRUE
INC-202111-EDI-013-01,2021-11-16T00:54:00Z,Edinburgh,EDI-013,Rail,Signal Failure,Low-Med,2,53,3881,FALSE
INC-202111-EDI-014-02,2021-11-16T01:14:00Z,Edinburgh,EDI-014,Underground,Passenger Incident,Low,1,21,3189,FALSE
INC-202111-BRI-005-01,2021-11-16T08:57:00Z,Bristol,BRI-005,bus,Vehicle Fault,Low-Med,2,46,2498,TRUE
INC-202111-EDI-021-01,2021-11-16T18:46:00Z,Edinburgh,EDI-021,Tram,Obstruction,Low,1,23,499,TRUE
INC-202006-MAN-022-02,2021-11-17T13:14:00Z,Bristol,BRI-021,Rail,Rolling Stock,Medium,3,97,9283,TRUE
INC-202111-LON-002-01,2021-11-17T21:52:00Z,London,LON-002,Bus,Roadworks,Low-Med,2,40,3973,TRUE
INC-202111-LON-022-01,2021-11-18T07:10:00Z,London,LON-022,Underground,Passenger Incident,Medium,3,106,45532,TRUE
INC-202111-EDI-004-01,2021-11-18T08:06:00Z,Edinburgh,EDI-004,Bus,Roadworks,Low-Med,2,26,588,TRUE
INC-202111-EDI-005-02,2021-11-18T09:21:00Z,Edinburgh,EDI-005,Underground,Station Closure,Low-Med,2,34,4253,TRUE
INC-202111-LON-009-01,2021-11-18T09:37:00Z,London,LON-009,Rail,Rolling Stock,Medium,3,103,22677,TRUE
INC-202111-LON-014-01,2021-11-18T11:04:00Z,London,LON-014,Bus,Accident,Low-Med,2,23,1563,TRUE
INC-202111-LON-005-01,2021-11-18T14:38:00Z,London,LON-005,Rail,Track Fault,MED-HIGH,4,109,13418,TRUE
INC-202111-BRI-006-03,2021-11-18T18:08:00Z,Bristol,BRI-006,Bus,Roadworks,Low-Med,2,47,3853,TRUE
INC-202111-EDI-008-01,2021-11-19T05:57:00Z,Edinburgh,EDI-008,Bus,Vehicle Fault,Low,1,22,518,TRUE
INC-202111-BRI-006-01,2021-11-19T07:10:00Z,Bristol,BRI-006,Bus,Roadworks,Med-High,4,83,9453,TRUE
INC-202111-EDI-004-02,2021-11-20T05:18:00Z,Edinburgh,EDI-004,Bus,Staff Shortage,LOW MED,2,64,5670,TRUE
INC-202111-EDI-009-03,2021-11-20T10:58:00Z,Edinburgh,EDI-009,Bus,Accident,Low,1,5,238,TRUE
INC-202111-BRI-021-01,2021-11-21T07:42:00Z,Bristol,BRI-021,Rail,Track Fault,Low-Med,2,46,,FALSE
INC-202111-EDI-009-01,2021-11-21T12:11:00Z,Edinburgh,EDI-009,Bus,Roadworks,Low-Med,2,49,1255,TRUE
INC-202111-BRI-019-01,2021-11-22T18:03:00Z,Bristol,BRI-019,Rail,Track Fault,Low-Med,2,42,2940,TRUE
INC-202111-LON-020-02,2021-11-22T18:17:00Z,LDN,LON-020,bus,Staff Shortage,Low-Med,2,33,2570,TRUE
INC-202111-BRI-014-03,2021-11-23T00:12:00Z,Bristol,BRI-014,bus,Roadworks,Low,1,15,1398,TRUE
INC-202111-BRI-014-03,2021-11-23T00:16:00Z,Bristol,BRI-014,bus,Roadworks,Low,1,15,1398,TRUE
INC-202111-LON-017-01,2021-11-23T04:50:00Z,London,LON-017,Bus,Vehicle Fault,Medium,3,78,11810,TRUE
INC-202111-BRI-016-01,2021-11-24T00:27:00Z,Bristol,BRI-016,Rail,Signal Failure,Low-Med,2,34,6460,FALSE
INC-202111-EDI-009-02,2021-11-24T05:08:00Z,Edinburgh,EDI-009,Bus,Congestion,Low,1,5,146,TRUE
INC-202111-MAN-017-02,2021-11-24T15:14:00Z,Manchester,MAN-017,Underground,Passenger Incident,Medium,3,100,36355,TRUE
INC-202111-LON-011-02,2021-11-25T02:18:00Z,London,LON-011,Tram,Power Issue,High,5,261,9128,FALSE
INC-202111-BRI-006-04,2021-11-26T08:31:00Z,Bristol,BRI-006,Bus,Congestion,Low-Med,2,20,901,TRUE
INC-202111-BRI-017-01,2021-11-26T09:09:00Z,Bristol,BRI-017,Bus,Congestion,Medium,3,94,4745,TRUE
INC-202111-MAN-011-02,2021-11-26T17:21:00Z,Manchester,MAN-011,Bus,Vehicle Fault,Low,1,13,625,TRUE
INC-202111-EDI-017-03,2021-11-26T23:48:00Z,Edinburgh,EDI-017,Underground,Station Closure,Medium,3,103,22736,FALSE
INC-202111-MAN-001-01,2021-11-27T12:07:00Z,Manchester,MAN-001,Bus,Accident,Low-Med,2,35,1599,TRUE
INC-202111-LON-008-01,2021-11-29T03:45:00Z,London,LON-008,Bus,Vehicle Fault,Low,1,17,1128,TRUE
INC-202111-MAN-004-02,2021-11-29T17:20:00Z,Manchester,MAN-004,Bus,Congestion,Low-Med,2,27,1254,TRUE
INC-202111-BRI-004-01,2021-11-29T18:21:00Z,Bristol,BRI-004,Underground,Power Issue,Low-Med,2,50,18213,TRUE
INC-202111-LON-016-01,2021-11-29T18:58:00Z,London,LON-016,Rail,Weather,High,5,307,47853,TRUE
INC-202111-BRI-007-01,2021-11-30T00:45:00Z,Bristol,BRI-007,Tram,Roadworks,Low,1,29,1207,TRUE
INC-202111-BRI-022-01,2021-11-30T06:53:00Z,Bristol,BRI-022,Underground,Power Issue,High,5,216,52539,TRUE
INC-202111-BRI-014-02,2021-11-30T11:19:00Z,Bristol,BRI-014,Bus,Congestion,Low-Med,2,33,2411,TRUE
INC-202111-EDI-013-02,2021-11-30T13:14:00Z,Edinburgh,EDI-013,Rail,Weather,Low-Med,2,34,6049,TRUE
INC-202111-EDI-013-02,2021-11-30T13:17:00Z,Edinburgh,EDI-013,Rail,Weather,Low-Med,2,34,6049,TRUE
INC-202111-EDI-015-01,2021-11-30T18:56:00Z,Edinburgh,EDI-015,Bus,Vehicle Fault,Low,1,17,971,TRUE
INC-202112-EDI-013-01,2021-12-02T22:31:00Z,Edinburgh,EDI-013,Rail,Track Fault,Medium,3,75,7965,TRUE
INC-202112-LON-020-01,2021-12-03T07:27:00Z,London,LON-020,Bus,Vehicle Fault,Medium,3,111,4939,TRUE
INC-202112-EDI-001-01,2021-12-03T08:54:00Z,Edinburgh,EDI-001,Underground,Passenger Incident,High,5,315,53850,TRUE
INC-202112-BRI-017-03,2021-12-03T13:43:00Z,Bristol,BRI-017,Bus,Congestion,Low-Med,2,58,2631,TRUE
INC-202112-LON-019-02,2021-12-03T17:27:00Z,London,LON-019,Bus,Staff Shortage,Medium,3,115,6961,TRUE
INC-202112-EDI-004-01,2021-12-03T22:42:00Z,Edinburgh,EDI-004,Bus,Congestion,Low,1,17,704,FALSE
INC-202112-BRI-014-01,2021-12-04T02:05:00Z,Bristol,BRI-014,Bus,Congestion,Low-Med,2,54,5180,TRUE
INC-202112-BRI-011-04,2021-12-04T08:18:00Z,Bristol,BRI-011,Bus,Staff Shortage,Medium,3,73,5294,TRUE
INC-202112-MAN-020-01,2021-12-04T08:24:00Z,Manchester,MAN-020,Bus,Roadworks,Low,1,10,671,TRUE
INC-202112-LON-021-01,2021-12-06T03:20:00Z,London,LON-021,Bus,Congestion,Low-Med,2,50,5785,TRUE
INC-202112-LON-014-01,2021-12-06T19:39:00Z,London,LON-014,Bus,Accident,Medium,3,101,7736,TRUE
INC-202112-MAN-015-01,2021-12-07T08:01:00Z,Manchester,MAN-015,Bus,Congestion,Low,1,16,2099,TRUE
INC-202112-BRI-003-02,2021-12-07T18:10:00Z,Bristol,BRI-003,Rail,Signal Failure,Low-Med,2,45,9135,TRUE
INC-202112-LON-016-03,2021-12-07T18:54:00Z,London,LON-016,Rail,Rolling Stock,Medium,3,89,11313,TRUE
INC-202112-EDI-020-01,2021-12-08T02:30:00Z,Edinburgh,EDI-020,Rail,Rolling Stock,Medium,3,70,8336,TRUE
INC-202112-BRI-007-01,2021-12-08T16:45:00Z,Bristol,BRI-007,Tram,Power Issue,Low,1,9,100,TRUE
INC-202112-EDI-004-02,2021-12-09T02:11:00Z,Edinburgh,EDI-004,Bus,Congestion,Low-Med,2,53,1173,TRUE
INC-202112-LON-013-03,2021-12-09T08:00:00Z,London,LON-013,Underground,Signal Failure,High,5,166,498752,TRUE
INC-202112-LON-002-01,2021-12-09T20:16:00Z,London,LON-002,Bus,Vehicle Fault,Low,1,14,811,TRUE
INC-202112-LON-019-01,2021-12-10T08:28:00Z,London,LON-019,Bus,Congestion,Low-Med,2,46,1641,FALSE
INC-202112-BRI-011-01,2021-12-10T16:33:00Z,Bristol,BRI-011,bus,Congestion,Low-Med,2,54,5196,TRUE
INC-202112-LON-008-02,2021-12-10T19:15:00Z,London,LON-008,Bus,Congestion,Low-Med,2,48,4861,TRUE
INC-202112-LON-003-01,2021-12-10T22:31:00Z,London,LON-003,Bus,Accident,Low,1,19,1236,TRUE
INC-202112-LON-001-02,2021-12-11T06:49:00Z,London,LON-001,Bus,Accident,Low,1,19,1364,TRUE
INC-202112-MAN-001-01,2021-12-11T09:45:00Z,Manchester,MAN-001,Bus,Roadworks,Low,1,6,774,TRUE
INC-202112-BRI-022-02,2021-12-11T12:51:00Z,Bristol,BRI-022,Underground,Passenger Incident,Med-High,4,198,21919,TRUE
INC-202112-MAN-022-02,2021-12-11T13:10:00Z,Manchester,MAN-022,Rail,Signal Failure,Low-Med,2,51,3867,TRUE
INC-202112-BRI-009-01,2021-12-11T16:49:00Z,Bristol,BRI-009,Tram,Vehicle Fault,Low,1,18,1109,TRUE
INC-202112-BRI-021-01,2021-12-12T14:52:00Z,Bristol,BRI-021,Rail,Weather,Medium,3,116,16386,TRUE
INC-202112-BRI-017-02,2021-12-12T15:23:00Z,Bristol,BRI-017,Bus,,Low-Med,2,59,4940,TRUE
INC-202112-LON-006-01,2021-12-12T18:31:00Z,London,LON-006,BikeShare,,Low,1,11,166,TRUE
INC-202112-BRI-008-03,2021-12-13T08:17:00Z,Bristol,BRI-008,Rail,Signal Failure,Med-High,4,188,64071,TRUE
INC-202010-LON-001-03,2021-12-13T16:11:00Z,Bristol,BRI-005,Bus,Roadworks,Low,1,5,269,TRUE
INC-202112-BRI-019-02,2021-12-13T16:12:00Z,Bristol,BRI-019,Rail,Signal Failure,Medium,3,54,5693,TRUE
INC-202112-BRI-001-02,2021-12-13T17:07:00Z,Bristol,BRI-001,Bus,Congestion,Low-Med,2,41,1656,TRUE
INC-202112-BRI-006-01,2021-12-13T17:46:00Z,Bristol,BRI-006,Bus,Congestion,Low-Med,2,30,1421,TRUE
INC-202112-BRI-004-01,2021-12-14T07:11:00Z,Bristol,BRI-004,Underground,Station Closure,Med-High,4,96,18622,TRUE
INC-202112-BRI-004-01,2021-12-14T07:15:00Z,Bristol,BRI-004,Underground,Station Closure,Med-High,4,96,18622,TRUE
INC-202112-BRI-017-04,2021-12-14T07:29:00Z,Bristol,BRI-017,Bus,Roadworks,Low-Med,2,41,4002,TRUE
INC-202112-LON-005-01,2021-12-14T07:31:00Z,LDN,LON-005,Rail,Weather,Medium,3,106,17383,TRUE
INC-202112-BRI-013-01,2021-12-14T23:47:00Z,Bristol,BRI-013,Bus,Roadworks,Low,1,23,1040,TRUE
INC-202112-LON-009-02,2021-12-15T10:46:00Z,London,LON-009,Rail,Weather,Medium,3,92,13202,TRUE
INC-202112-BRI-016-01,2021-12-15T11:34:00Z,Bristol,BRI-016,Rail,Rolling Stock,Medium,3,104,14762,TRUE
INC-202112-MAN-009-01,2021-12-15T14:45:00Z,Manchester,MAN-009,Underground,Signal Failure,Med-High,4,135,38468,TRUE
INC-202112-BRI-011-03,2021-12-15T22:24:00Z,Bristol,BRI-011,Bus,Congestion,Low,1,18,2445,TRUE
INC-202112-MAN-011-02,2021-12-16T03:29:00Z,Manchester,MAN-011,Bus,Congestion,Low-Med,2,38,2417,TRUE
INC-202112-MAN-001-02,2021-12-16T07:30:00Z,Manchester,MAN-001,Bus,Roadworks,Medium,3,,4803,TRUE
INC-202112-BRI-001-01,2021-12-16T17:29:00Z,Bristol,BRI-001,Bus,Congestion,Low,1,32,881,TRUE
INC-202112-MAN-011-03,2021-12-16T18:01:00Z,Manchester,MAN-011,Bus,Roadworks,Low-Med,2,60,3062,TRUE
INC-202112-BRI-022-03,2021-12-17T04:13:00Z,Bristol,BRI-022,Underground,Station Closure,Med-High,4,117,47262,TRUE
INC-202112-MAN-012-02,2021-12-17T09:47:00Z,Manchester,MAN-012,Rail,Rolling Stock,Low-Med,2,38,5158,TRUE
INC-202112-BRI-008-01,2021-12-18T08:03:00Z,Bristol,BRI-008,Rail,Weather,Med-High,4,204,21196,TRUE
INC-202112-LON-001-01,2021-12-18T12:25:00Z,London,LON-001,Bus,Staff Shortage,Med-High,4,97,2537,TRUE
INC-202112-LON-013-01,2021-12-18T17:45:00Z,London,LON-013,Underground,Signal Failure,Low-Med,2,46,14840,TRUE
INC-202112-BRI-012-01,2021-12-19T03:17:00Z,Bristol,BRI-012,BikeShare,Vandalism,Low,1,9,,TRUE
INC-202112-EDI-004-03,2021-12-19T07:23:00Z,Edinburgh,EDI-004,Bus,Congestion,Low,1,26,1485,TRUE
INC-202112-MAN-019-01,2021-12-19T08:08:00Z,Manchester,MAN-019,Underground,Passenger Incident,Medium,3,107,30059,TRUE
INC-202112-BRI-020-02,2021-12-19T08:39:00Z,Bristol,BRI-020,Rail,Signal Failure,Low-Med,2,47,5213,TRUE
INC-202112-MAN-022-01,2021-12-19T10:34:00Z,Manchester,MAN-022,Rail,Track Fault,Med-High,4,205,13166,TRUE
INC-202112-EDI-013-02,2021-12-19T18:39:00Z,Edinburgh,EDI-013,Rail,Weather,Low-Med,2,51,8408,FALSE
INC-202112-BRI-020-01,2021-12-20T07:48:00Z,Bristol,BRI-020,Rail,Track Fault,Low-Med,2,74,8284,TRUE
INC-202112-MAN-022-03,2021-12-20T19:55:00Z,Manchester,MAN-022,Rail,Weather,Low,1,20,1005,TRUE
INC-202112-LON-008-04,2021-12-21T06:59:00Z,London,LON-008,Bus,Roadworks,Medium,3,85,6425,TRUE
INC-202112-EDI-006-01,2021-12-21T08:55:00Z,Edinburgh,EDI-006,Underground,Power Issue,Med-High,4,109,23822,TRUE
INC-202112-BRI-011-02,2021-12-21T15:05:00Z,Bristol,BRI-011,Bus,Vehicle Fault,Medium,3,67,10371,TRUE
INC-202112-BRI-004-02,2021-12-21T16:39:00Z,Bristol,BRI-004,Underground,Passenger Incident,Med-High,4,150,46173,TRUE
INC-202112-LON-008-03,2021-12-21T19:33:00Z,London,LON-008,Bus,Roadworks,Low,1,22,1431,TRUE
INC-202112-MAN-014-01,2021-12-21T21:47:00Z,Manchester,MAN-014,BikeShare,Bike Fault,Low,1,10,164,TRUE
INC-202112-MAN-012-01,2021-12-22T08:57:00Z,Manchester,MAN-012,Rail,Signal Failure,Med-High,4,210,35614,TRUE
INC-202112-LON-016-02,2021-12-22T17:32:00Z,London,LON-016,Rail,Signal Failure,Low Med,2,46,3202,TRUE
INC-202112-LON-014-02,2021-12-22T17:58:00Z,London,LON-014,Bus,Roadworks,Low Med,2,33,4738,TRUE
INC-202112-LON-017-01,2021-12-23T00:23:00Z,London,LON-017,Bus,Staff Shortage,Medium,3,84,2794,TRUE
INC-202112-MAN-007-01,2021-12-23T05:47:00Z,MAN,MAN-007,Tram,Roadworks,Low,1,15,240,TRUE
INC-202112-LON-008-01,2021-12-23T07:25:00Z,London,LON-008,Bus,Roadworks,Low-Med,2,54,4060,FALSE
INC-202112-MAN-019-02,2021-12-23T08:52:00Z,Manchester,MAN-019,Underground,Power Issue,Medium,3,116,14717,TRUE
INC-202112-BRI-008-02,2021-12-23T12:54:00Z,Bristol,BRI-008,Rail,Rolling Stock,Medium,3,132,39401,TRUE
INC-202112-LON-014-03,2021-12-23T22:24:00Z,London,LON-014,Bus,Congestion,Med-High,4,201,11959,TRUE
INC-202112-BRI-006-02,2021-12-24T01:08:00Z,Bristol,BRI-006,Bus,Accident,Low-Med,2,55,3090,TRUE
INC-202112-EDI-015-01,2021-12-24T10:11:00Z,Edinburgh,EDI-015,Bus,Congestion,Low-Med,2,50,4885,FALSE
INC-202112-BRI-019-01,2021-12-24T18:49:00Z,Bristol,BRI-019,Rail,Signal Failure,Low,1,30,3624,TRUE
INC-202112-MAN-014-02,2021-12-26T03:07:00Z,Manchester,MAN-014,BikeShare,Dock Empty,Low,1,10,306,TRUE
INC-202112-LON-009-01,2021-12-26T16:19:00Z,London,LON-009,Rail,Track Fault,Medium,3,105,15644,TRUE
INC-202112-MAN-012-03,2021-12-26T17:41:00Z,Manchester,MAN-012,Rail,Rolling Stock,Med-High,4,204,38478,TRUE
INC-202112-EDI-001-02,2021-12-27T04:30:00Z,Edinburgh,EDI-001,underground,Signal Failure,Med-High,4,202,15636,TRUE
INC-202112-BRI-017-01,2021-12-27T11:42:00Z,Bristol,BRI-017,bus,Vehicle Fault,Low,1,17,643,TRUE
INC-202112-BRI-022-01,2021-12-27T12:38:00Z,Bristol,BRI-022,Underground,Passenger Incident,Med-High,4,134,26642,TRUE
INC-202112-LON-005-03,2021-12-27T15:00:00Z,London,LON-005,rail,Track Fault,Med-High,4,168,19141,TRUE
INC-202112-MAN-008-01,2021-12-27T16:43:00Z,Manchester,MAN-008,Bus,Roadworks,Medium,3,53,2172,TRUE
INC-202112-LON-013-02,2021-12-27T17:15:00Z,London,LON-013,Underground,,Med-High,4,96,12147,TRUE
INC-202112-LON-017-02,2021-12-27T19:17:00Z,London,LON-017,Bus,Vehicle Fault,Medium,3,66,4735,TRUE
INC-202112-LON-009-04,2021-12-28T01:48:00Z,London,LON-009,Rail,Weather,Med-High,4,113,15707,TRUE
INC-202112-LON-022-01,2021-12-28T03:38:00Z,London,LON-022,Underground,Power Issue,Medium,3,88,24311,TRUE
INC-202112-BRI-018-01,2021-12-28T08:50:00Z,Bristol,BRI-018,Bus,Congestion,Low-Med,2,52,3772,TRUE
INC-202112-LON-009-03,2021-12-28T12:38:00Z,London,LON-009,Rail,Weather,Medium,3,119,14214,TRUE
INC-202112-MAN-011-01,2021-12-28T16:15:00Z,MAN,MAN-011,Bus,Accident,Low,1,18,1237,TRUE
INC-202112-LON-016-01,2021-12-28T18:24:00Z,London,LON-016,Rail,Track Fault,Medium,3,118,11821,FALSE
INC-202112-LON-005-02,2021-12-28T20:03:00Z,London,LON-005,Rail,Rolling Stock,Med-High,4,187,25066,TRUE
INC-202112-EDI-017-01,2021-12-29T06:44:00Z,EDI,EDI-017,Underground,Signal Failure,Medium,3,92,22858,TRUE
INC-202112-MAN-005-01,2021-12-29T08:13:00Z,Manchester,MAN-005,Tram,Vehicle Fault,Low Med,2,33,1488,TRUE
INC-202112-MAN-004-01,2021-12-29T08:27:00Z,Manchester,MAN-004,Bus,Vehicle Fault,Low-Med,2,28,1979,TRUE
INC-202112-BRI-003-01,2021-12-29T12:01:00Z,Bristol,BRI-003,Rail,Track Fault,Med-High,4,101,23441,TRUE
INC-202112-MAN-012-04,2021-12-30T08:46:00Z,Manchester,MAN-012,Rail,Rolling Stock,Low-Med,2,36,4141,TRUE
INC-202201-BRI-011-01,2022-01-01T02:21:00Z,Bristol,BRI-011,Bus,Congestion,Low-Med,2,54,2393,TRUE
INC-202201-BRI-022-01,2022-01-01T11:59:00Z,Bristol,BRI-022,Underground,Passenger Incident,Medium,3,104,20119,TRUE
INC-202201-BRI-019-01,2022-01-01T18:50:00Z,Bristol,BRI-019,Rail,Rolling Stock,Medium,3,86,10199,TRUE
INC-202201-BRI-006-01,2022-01-02T02:01:00Z,Bristol,BRI-006,Bus,Roadworks,Low-Med,2,23,1375,TRUE
INC-202201-LON-013-02,2022-01-02T06:59:00Z,London,LON-013,Underground,Power Issue,High,5,327,37580,FALSE
INC-202201-EDI-013-02,2022-01-02T08:46:00Z,Edinburgh,EDI-013,Rail,Signal Failure,Med-High,4,206,36655,TRUE
INC-202201-LON-021-01,2022-01-02T16:04:00Z,London,LON-021,Bus,Congestion,Medium,3,109,10332,TRUE
INC-202201-LON-020-01,2022-01-02T20:35:00Z,london,LON-020,Bus,Congestion,Medium,3,95,6928,TRUE
INC-202201-LON-021-02,2022-01-03T06:08:00Z,London,LON-021,Bus,Staff Shortage,Low-Med,2,27,2142,TRUE
INC-202201-LON-022-01,2022-01-03T09:14:00Z,London,LON-022,Underground,Signal Failure,High,5,200,70708,TRUE
INC-202201-MAN-012-03,2022-01-03T22:01:00Z,Manchester,MAN-012,Rail,Signal Failure,Low-Med,2,44,4744,TRUE
INC-202201-EDI-020-01,2022-01-05T08:23:00Z,Edinburgh,EDI-020,Rail,Rolling Stock,Low-Med,2,43,3533,TRUE
INC-202201-LON-012-01,2022-01-05T08:41:00Z,London,LON-012,Bus,Congestion,Low-Med,2,40,10743,TRUE
INC-202201-LON-009-01,2022-01-05T15:12:00Z,London,LON-009,Rail,Track Fault,High,5,278,57937,TRUE
INC-202201-LON-022-02,2022-01-05T16:32:00Z,London,LON-022,Underground,Station Closure,Med-High,4,139,49745,TRUE
INC-202201-MAN-012-01,2022-01-07T16:39:00Z,Manchester,MAN-012,Rail,Rolling Stock,Low-Med,2,58,6601,TRUE
INC-202201-BRI-014-02,2022-01-07T19:27:00Z,Bristol,BRI-014,Bus,Congestion,Low-Med,2,58,3624,TRUE
INC-202201-EDI-005-01,2022-01-08T03:44:00Z,Edinburgh,EDI-005,Underground,Station Closure,Med-High,4,171,22339,TRUE
INC-202201-MAN-014-02,2022-01-09T07:19:00Z,Manchester,MAN-014,BikeShare,App Outage,Low,1,13,111,FALSE
INC-202201-LON-018-01,2022-01-09T09:29:00Z,London,LON-018,Bus,Staff Shortage,Med-High,4,168,18876,TRUE
INC-202201-BRI-022-02,2022-01-10T18:10:00Z,Bristol,BRI-022,Underground,Signal Failure,Medium,3,65,13584,TRUE
INC-202201-LON-005-01,2022-01-12T14:15:00Z,London,LON-005,Rail,Rolling Stock,Low-Med,2,28,4122,FALSE
INC-202201-LON-001-01,2022-01-13T17:28:00Z,London,LON-001,Bus,Congestion,Low,1,5,150,TRUE
INC-202201-EDI-008-01,2022-01-14T14:25:00Z,Edinburgh,EDI-008,bus,Congestion,Low-Med,2,55,1842,TRUE
INC-202201-EDI-011-01,2022-01-14T16:00:00Z,Edinburgh,EDI-011,Bus,Accident,Low-Med,2,38,8335,TRUE
INC-202201-LON-016-02,2022-01-14T16:48:00Z,London,LON-016,Rail,Weather,Medium,3,104,36470,TRUE
INC-202201-EDI-009-01,2022-01-14T18:35:00Z,Edinburgh,EDI-009,Bus,Roadworks,Low,1,19,779,TRUE
INC-202201-MAN-001-01,2022-01-14T18:51:00Z,Manchester,MAN-001,Bus,Congestion,Low Med,2,24,2572,FALSE
INC-202201-EDI-003-02,2022-01-14T18:52:00Z,Edinburgh,EDI-003,Bus,Congestion,Low,1,16,1128,TRUE
INC-202201-EDI-006-02,2022-01-14T21:11:00Z,Edinburgh,EDI-006,Underground,Station Closure,Med-High,4,131,26953,TRUE
INC-202201-LON-016-01,2022-01-15T04:04:00Z,LDN,LON-016,Rail,Weather,Med-High,4,205,47659,TRUE
INC-202201-LON-010-02,2022-01-15T18:53:00Z,London,LON-010,BikeShare,Dock Full,Low,1,17,547,TRUE
INC-202201-LON-007-02,2022-01-15T22:14:00Z,London,LON-007,tram,Vehicle Fault,Medium,3,81,5617,TRUE
INC-202201-BRI-007-02,2022-01-16T01:38:00Z,Bristol,BRI-007,Tram,Roadworks,Low-Med,2,34,2935,TRUE
INC-202201-BRI-014-01,2022-01-17T06:32:00Z,Bristol,BRI-014,Bus,Roadworks,Medium,3,89,6990,TRUE
INC-202201-MAN-004-01,2022-01-17T08:04:00Z,Manchester,MAN-004,Bus,Congestion,Low-Med,2,51,3337,TRUE
INC-202201-BRI-005-01,2022-01-17T23:30:00Z,Bristol,BRI-005,Bus,Congestion,Low-Med,2,39,4164,TRUE
INC-202201-MAN-022-02,2022-01-18T00:54:00Z,Manchester,MAN-022,Rail,Weather,Medium,3,73,13684,TRUE
INC-202201-MAN-011-01,2022-01-18T18:30:00Z,Manchester,MAN-011,Bus,Roadworks,Low-Med,2,29,2311,TRUE
INC-202201-MAN-020-03,2022-01-19T10:08:00Z,Manchester,MAN-020,Bus,Accident,Low,1,18,1558,TRUE
INC-202201-MAN-008-01,2022-01-20T09:36:00Z,Manchester,MAN-008,Bus,Vehicle Fault,Low-Med,2,35,1632,TRUE
INC-202201-MAN-014-01,2022-01-20T15:20:00Z,Manchester,MAN-014,BikeShare,App Outage,Low-Med,2,31,184,FALSE
INC-202201-LON-019-02,2022-01-20T17:04:00Z,London,LON-019,Bus,Roadworks,Low,1,26,1204,TRUE
INC-202201-MAN-010-01,2022-01-20T17:04:00Z,Manchester,MAN-010,Rail,Rolling Stock,Med-High,4,107,8037,TRUE
INC-202201-EDI-017-01,2022-01-20T19:43:00Z,Edinburgh,EDI-017,Underground,Power Issue,Medium,3,100,23329,TRUE
INC-202201-EDI-002-01,2022-01-21T19:26:00Z,Edinburgh,EDI-002,Bus,Roadworks,Low,1,27,2023,TRUE
INC-202201-BRI-005-02,2022-01-22T06:39:00Z,Bristol,BRI-005,Bus,Accident,Low-Med,2,35,2355,TRUE
INC-202201-LON-017-01,2022-01-22T16:07:00Z,London,LON-017,Bus,Roadworks,Medium,3,2000,8365,TRUE
INC-202201-MAN-020-02,2022-01-23T00:09:00Z,Manchester,MAN-020,Bus,Staff Shortage,Medium,3,83,5479,TRUE
INC-202201-EDI-017-02,2022-01-23T06:23:00Z,Edinburgh,EDI-017,underground,Signal Failure,Medium,3,123,12658,TRUE
INC-202201-BRI-017-01,2022-01-23T13:21:00Z,Bristol,BRI-017,Bus,Roadworks,Low,1,14,276,TRUE
INC-202201-MAN-020-01,2022-01-23T13:30:00Z,Manchester,MAN-020,Bus,Congestion,Low-Med,2,28,2629,TRUE
INC-202201-LON-007-01,2022-01-23T20:57:00Z,London,LON-007,Tram,Roadworks,Low-Med,2,45,2968,TRUE
INC-202201-BRI-013-01,2022-01-23T21:29:00Z,Bristol,BRI-013,Bus,Accident,Low-Med,2,,2082,TRUE
INC-202201-EDI-003-01,2022-01-23T23:49:00Z,Edinburgh,EDI-003,Bus,Vehicle Fault,Low,1,12,724,FALSE
INC-202201-MAN-013-02,2022-01-24T02:16:00Z,Manchester,MAN-013,underground,Signal Failure,Med-High,4,207,22959,TRUE
INC-202201-LON-013-04,2022-01-24T09:35:00Z,London,LON-013,Underground,Power Issue,Med-High,4,203,82663,TRUE
INC-202201-EDI-006-01,2022-01-24T12:43:00Z,Edinburgh,EDI-006,Underground,Signal Failure,High,5,251,36910,TRUE
INC-202201-MAN-002-01,2022-01-24T23:26:00Z,Manchester,MAN-002,Tram,Roadworks,Medium,3,101,3299,TRUE
INC-202201-BRI-007-01,2022-01-25T03:41:00Z,Bristol,BRI-007,Tram,Roadworks,Low,1,,599,TRUE
INC-202201-MAN-013-01,2022-01-25T18:27:00Z,Manchester,MAN-013,Underground,Power Issue,Medium,3,87,24629,TRUE
INC-202201-MAN-012-02,2022-01-26T17:57:00Z,Manchester,MAN-012,Rail,Track Fault,Med-High,4,92,12622,TRUE
INC-202201-LON-013-03,2022-01-27T03:59:00Z,London,LON-013,Underground,Station Closure,Medium,3,53,20997,TRUE
INC-202201-LON-010-01,2022-01-27T17:30:00Z,London,LON-010,BikeShare,Vandalism,Low,1,16,276,TRUE
INC-202201-LON-019-01,2022-01-28T17:27:00Z,London,LON-019,Bus,Congestion,Medium,3,48,5228,TRUE
INC-202201-BRI-016-01,2022-01-28T18:58:00Z,Bristol,BRI-016,Rail,Track Fault,Med-High,4,200,40891,TRUE
INC-202201-BRI-022-03,2022-01-29T07:50:00Z,Bristol,BRI-022,Underground,Power Issue,Medium,3,110,23088,TRUE
INC-202201-MAN-022-03,2022-01-29T15:42:00Z,Manchester,MAN-022,Rail,Signal Failure,Medium,3,83,9762,TRUE
INC-202201-LON-002-01,2022-01-30T23:58:00Z,London,LON-002,Bus,Accident,Med-High,4,109,10011,TRUE
INC-202201-EDI-013-01,2022-01-31T00:18:00Z,Edinburgh,EDI-013,Rail,Track Fault,Med-High,4,169,15528,TRUE
INC-202201-MAN-022-01,2022-01-31T04:47:00Z,Manchester,MAN-022,Rail,Weather,Low-Med,2,42,7692,TRUE
INC-202201-LON-013-01,2022-01-31T15:43:00Z,London,LON-013,Underground,Station Closure,Low-Med,2,42,14052,TRUE
INC-202202-MAN-001-03,2022-02-01T05:39:00Z,Manchester,MAN-001,Bus,Roadworks,Low,1,23,1399,FALSE
INC-202202-LON-021-01,2022-02-01T07:41:00Z,London,LON-021,Bus,Congestion,Low-Med,2,45,4541,TRUE
INC-202202-LON-012-01,2022-02-01T08:29:00Z,London,LON-012,Bus,Vehicle Fault,Medium,3,97,13627,TRUE
INC-202202-BRI-007-01,2022-02-01T09:25:00Z,Bristol,BRI-007,Tram,Roadworks,Low,1,5,106,TRUE
INC-202202-EDI-007-03,2022-02-01T16:37:00Z,Edinburgh,EDI-007,BikeShare,Vandalism,Low,1,10,126,TRUE
INC-202202-EDI-004-02,2022-02-02T09:01:00Z,Edinburgh,EDI-004,Bus,Accident,Low-Med,2,43,2233,FALSE
INC-202202-EDI-013-01,2022-02-02T16:55:00Z,Edinburgh,EDI-013,Rail,Rolling Stock,Low,1,15,2149,TRUE
INC-202202-BRI-020-01,2022-02-02T17:36:00Z,Bristol,BRI-020,Rail,Track Fault,Medium,3,74,8825,TRUE
INC-202202-MAN-008-01,2022-02-02T20:11:00Z,Manchester,MAN-008,Bus,Congestion,Low,1,31,1216,TRUE
INC-202202-EDI-001-01,2022-02-03T00:11:00Z,Edinburgh,EDI-001,Underground,,Low-Med,2,51,13866,TRUE
INC-202202-EDI-009-01,2022-02-03T07:55:00Z,Edinburgh,EDI-009,Bus,Vehicle Fault,Low-Med,2,38,2682,TRUE
INC-202202-BRI-006-01,2022-02-04T03:06:00Z,Bristol,BRI-006,Bus,Roadworks,Medium,3,90,9643,TRUE
INC-202202-BRI-006-03,2022-02-04T10:45:00Z,Bristol,BRI-006,Bus,Staff Shortage,Low,1,20,1204,TRUE
INC-202202-LON-016-01,2022-02-04T23:33:00Z,London,LON-016,Rail,Rolling Stock,Low,1,26,5724,TRUE
INC-202202-MAN-007-01,2022-02-05T18:16:00Z,Manchester,MAN-007,Tram,Vehicle Fault,Low,1,,733,TRUE
INC-202202-EDI-004-01,2022-02-06T07:48:00Z,Edinburgh,EDI-004,Bus,Congestion,Low,1,17,834,TRUE
INC-202202-MAN-003-01,2022-02-06T16:49:00Z,Manchester,MAN-003,BikeShare,Dock Empty,Low,1,20,320,TRUE
INC-202202-MAN-012-01,2022-02-07T06:10:00Z,Manchester,MAN-012,Rail,Rolling Stock,Med-High,4,105,8611,TRUE
INC-202202-EDI-008-03,2022-02-07T07:36:00Z,Edinburgh,EDI-008,Bus,Congestion,Medium,3,108,6992,TRUE
INC-202202-EDI-010-02,2022-02-07T17:36:00Z,Edinburgh,EDI-010,Bus,Congestion,Medium,3,123,8774,TRUE
INC-202202-EDI-009-02,2022-02-08T22:56:00Z,Edinburgh,EDI-009,Bus,Congestion,Low,1,15,378,TRUE
INC-202202-LON-012-02,2022-02-09T06:59:00Z,London,LON-012,bus,Congestion,Medium,3,78,8886,TRUE
INC-202202-MAN-001-01,2022-02-09T07:21:00Z,Manchester,MAN-001,Bus,Vehicle Fault,Low,1,8,405,FALSE
INC-202202-EDI-011-01,2022-02-09T09:21:00Z,Edinburgh,EDI-011,Bus,Staff Shortage,Medium,3,98,14988,TRUE
INC-202202-BRI-021-01,2022-02-09T18:54:00Z,Bristol,BRI-021,rail,Signal Failure,LOW-MED,2,55,3208,TRUE
INC-202202-EDI-014-01,2022-02-09T22:42:00Z,Edinburgh,EDI-014,Underground,Signal Failure,Medium,3,79,24333,TRUE
INC-202202-MAN-021-02,2022-02-10T03:50:00Z,Manchester,MAN-021,Rail,Track Fault,Med-High,4,193,13157,TRUE
INC-202202-EDI-007-01,2022-02-10T22:20:00Z,Edinburgh,EDI-007,BikeShare,Vandalism,Low,1,13,129,TRUE
INC-202202-MAN-021-03,2022-02-11T01:07:00Z,MAN,MAN-021,Rail,Signal Failure,Med-High,4,205,31184,TRUE
INC-202202-BRI-002-02,2022-02-12T00:00:00Z,Bristol,BRI-002,Bus,Vehicle Fault,Low,1,16,421,TRUE
INC-202202-LON-007-01,2022-02-12T00:16:00Z,London,LON-007,Tram,Roadworks,Low-Med,2,66,4560,TRUE
INC-202202-BRI-019-01,2022-02-12T08:59:00Z,Bristol,BRI-019,Rail,Track Fault,Medium,3,118,17128,TRUE
INC-202202-MAN-010-01,2022-02-12T16:19:00Z,Manchester,MAN-010,rail,Signal Failure,Medium,3,80,7990,TRUE
INC-202202-MAN-001-04,2022-02-13T05:22:00Z,Manchester,MAN-001,Bus,Congestion,Low,1,17,1102,TRUE
INC-202202-LON-021-02,2022-02-13T07:21:00Z,London,LON-021,bus,Staff Shortage,Medium,3,85,6281,TRUE
INC-202202-EDI-020-01,2022-02-13T08:43:00Z,Edinburgh,EDI-020,Rail,Signal Failure,Low,1,9,621,TRUE
INC-202202-EDI-017-01,2022-02-13T18:45:00Z,Edinburgh,EDI-017,Underground,Power Issue,Med-High,4,120,27268,TRUE
INC-202202-LON-001-01,2022-02-14T07:30:00Z,London,LON-001,Bus,Roadworks,Low-Med,2,65,10064,TRUE
INC-202202-BRI-002-01,2022-02-14T13:05:00Z,Bristol,BRI-002,Bus,Staff Shortage,Low,1,8,278,TRUE
INC-202202-MAN-006-01,2022-02-15T10:15:00Z,Manchester,MAN-006,Tram,Power Issue,Low,1,16,605,TRUE
INC-202202-EDI-010-01,2022-02-16T00:07:00Z,Edinburgh,EDI-010,Bus,Staff Shortage,Low,1,20,5605,TRUE
INC-202202-EDI-008-01,2022-02-16T01:41:00Z,Edinburgh,EDI-008,Bus,Congestion,Low-Med,2,52,2567,TRUE
INC-202202-LON-016-02,2022-02-16T07:23:00Z,London,LON-016,Rail,Rolling Stock,Medium,3,76,31097,TRUE
INC-202202-BRI-006-02,2022-02-16T16:59:00Z,Bristol,BRI-006,Bus,Vehicle Fault,Low-Med,2,49,1909,TRUE
INC-202202-EDI-007-02,2022-02-17T17:09:00Z,Edinburgh,EDI-007,BikeShare,Bike Fault,Low,1,9,77,TRUE
INC-202202-LON-017-02,2022-02-17T19:18:00Z,London,LON-017,Bus,Congestion,Medium,3,84,9041,TRUE
INC-202202-LON-017-01,2022-02-17T22:31:00Z,London,LON-017,Bus,Congestion,Low,1,23,2942,TRUE
INC-202202-LON-017-03,2022-02-18T10:57:00Z,London,LON-017,Bus,Roadworks,Medium,3,61,2237,TRUE
INC-202202-BRI-016-01,2022-02-18T15:46:00Z,Bristol,BRI-016,rail,Track Fault,Medium,3,84,10943,TRUE
INC-202202-MAN-004-01,2022-02-18T16:46:00Z,Manchester,MAN-004,Bus,Congestion,Low,1,19,1121,TRUE
INC-202202-EDI-001-02,2022-02-18T17:43:00Z,Edinburgh,EDI-001,Underground,Signal Failure,Med-High,4,,50860,TRUE
INC-202202-LON-009-01,2022-02-18T19:12:00Z,London,LON-009,Rail,Track Fault,Med-High,4,190,38872,TRUE
INC-202202-MAN-001-02,2022-02-19T07:43:00Z,MAN,MAN-001,Bus,Accident,Low,1,13,1261,TRUE
INC-202202-MAN-015-01,2022-02-19T19:17:00Z,Manchester,MAN-015,Bus,Congestion,Low,1,9,367,TRUE
INC-202202-EDI-008-02,2022-02-20T10:12:00Z,EDI,EDI-008,Bus,Congestion,Med-High,4,169,5616,TRUE
INC-202202-BRI-001-01,2022-02-21T18:38:00Z,Bristol,BRI-001,Bus,Roadworks,Low,1,5,128,TRUE
INC-202202-LON-003-01,2022-02-22T01:01:00Z,London,LON-003,Bus,Congestion,Low-Med,2,27,,TRUE
INC-202202-BRI-022-02,2022-02-22T08:03:00Z,Bristol,BRI-022,Underground,Signal Failure,Low Med,2,45,7312,TRUE
INC-202202-LON-009-02,2022-02-23T08:51:00Z,London,LON-009,Rail,Track Fault,Med-High,4,199,62316,TRUE
INC-202202-BRI-022-01,2022-02-23T16:32:00Z,Bristol,BRI-022,Underground,Signal Failure,Med-High,4,143,62568,TRUE
INC-202202-LON-019-01,2022-02-24T02:30:00Z,London,LON-019,Bus,Roadworks,Low-Med,2,29,1615,TRUE
INC-202202-LON-008-01,2022-02-24T16:28:00Z,London,LON-008,Bus,Staff Shortage,Low-Med,2,47,3343,TRUE
INC-202202-MAN-019-01,2022-02-24T17:03:00Z,Manchester,MAN-019,Underground,Passenger Incident,Medium,3,118,38443,TRUE
INC-202202-EDI-009-03,2022-02-24T17:23:00Z,Edinburgh,EDI-009,Bus,Roadworks,Low,1,29,1361,TRUE
INC-202202-LON-013-01,2022-02-24T20:55:00Z,London,LON-013,Underground,Power Issue,Medium,3,91,44306,TRUE
INC-202202-EDI-017-02,2022-02-25T23:03:00Z,Edinburgh,EDI-017,Underground,Station Closure,Med-High,4,101,13721,TRUE
INC-202202-MAN-019-02,2022-02-26T03:55:00Z,Manchester,MAN-019,Underground,Passenger Incident,Med-High,4,139,26880,TRUE
INC-202202-BRI-016-02,2022-02-26T09:54:00Z,Bristol,BRI-016,Rail,Rolling Stock,Medium,3,129,8846,TRUE
INC-202202-BRI-018-01,2022-02-27T16:08:00Z,Bristol,BRI-018,Bus,Vehicle Fault,Medium,3,82,3599,TRUE
INC-202202-LON-022-01,2022-02-28T03:43:00Z,London,LON-022,Underground,Signal Failure,Med-High,4,216,80724,TRUE
INC-202202-LON-020-01,2022-02-28T08:11:00Z,London,LON-020,Bus,Congestion,Medium,3,47,3254,TRUE
INC-202202-EDI-006-01,2022-02-28T08:56:00Z,Edinburgh,EDI-006,Underground,Power Issue,Medium,3,121,35912,FALSE
INC-202202-BRI-010-01,2022-02-28T12:20:00Z,Bristol,BRI-010,BikeShare,Dock Empty,Low,1,19,79,TRUE
INC-202202-BRI-004-01,2022-02-28T16:01:00Z,Bristol,BRI-004,Underground,Power Issue,Med-High,4,144,28317,TRUE
INC-202202-BRI-004-02,2022-02-28T17:57:00Z,Bristol,BRI-004,Underground,Power Issue,Low-Med,2,46,7079,TRUE
INC-202202-MAN-021-01,2022-02-28T19:12:00Z,Manchester,MAN-021,Rail,Signal Failure,High,5,146,9346,TRUE
INC-202203-MAN-017-03,2022-03-01T06:02:00Z,Manchester,MAN-017,Underground,Signal Failure,Med-High,4,136,40860,TRUE
INC-202203-EDI-014-01,2022-03-01T12:12:00Z,Edinburgh,EDI-014,Underground,Signal Failure,Medium,3,71,11146,TRUE
INC-202203-LON-007-03,2022-03-01T14:33:00Z,london,LON-007,Tram,Vehicle Fault,Low,1,8,320,TRUE
INC-202203-MAN-017-02,2022-03-02T16:04:00Z,Manchester,MAN-017,Underground,Passenger Incident,Med-High,4,122,35176,TRUE
INC-202203-LON-017-02,2022-03-02T18:22:00Z,London,LON-017,Bus,Vehicle Fault,Medium,3,68,5122,TRUE
INC-202203-LON-012-02,2022-03-02T20:29:00Z,London,LON-012,Bus,Roadworks,Med-High,4,104,12916,TRUE
INC-202203-LON-021-01,2022-03-03T07:00:00Z,London,LON-021,Bus,Vehicle Fault,Med-High,4,193,13786,TRUE
INC-202203-BRI-008-01,2022-03-03T09:51:00Z,Bristol,BRI-008,Rail,Rolling Stock,Medium,3,78,10339,TRUE
INC-202203-MAN-009-05,2022-03-03T22:33:00Z,Manchester,MAN-009,Underground,Signal Failure,Medium,3,107,18255,TRUE
INC-202203-LON-020-02,2022-03-04T05:13:00Z,London,LON-020,Bus,Vehicle Fault,Medium,3,55,5564,TRUE
INC-202203-EDI-012-01,2022-03-04T07:31:00Z,Edinburgh,EDI-012,Underground,Passenger Incident,Medium,3,48,4807,TRUE
INC-202203-BRI-020-01,2022-03-05T05:56:00Z,Bristol,BRI-020,Rail,Signal Failure,Low-Med,2,53,7267,TRUE
INC-202203-EDI-006-01,2022-03-05T07:10:00Z,Edinburgh,EDI-006,Underground,Station Closure,Medium,3,87,16957,TRUE
INC-202203-BRI-001-01,2022-03-05T08:30:00Z,Bristol,BRI-001,Bus,Congestion,Medium,3,101,63544,TRUE
INC-202203-LON-015-01,2022-03-05T10:07:00Z,London,LON-015,rail,Track Fault,Medium,3,107,13635,TRUE
INC-202203-MAN-009-01,2022-03-06T10:28:00Z,Manchester,MAN-009,Underground,Passenger Incident,Medium,3,60,35318,TRUE
INC-202203-LON-017-01,2022-03-06T18:08:00Z,London,LON-017,Bus,Roadworks,Low,1,21,3573,TRUE
INC-202203-LON-008-02,2022-03-06T21:07:00Z,London,LON-008,Bus,Vehicle Fault,MEDIUM,3,78,6186,TRUE
INC-202203-BRI-004-02,2022-03-07T04:57:00Z,Bristol,BRI-004,Underground,Signal Failure,Low-Med,2,41,9814,TRUE
INC-202203-LON-007-01,2022-03-07T07:29:00Z,London,LON-007,Tram,Power Issue,Low,1,13,576,TRUE
INC-202203-MAN-008-01,2022-03-07T08:46:00Z,Manchester,MAN-008,Bus,Congestion,Low-Med,2,49,26240,TRUE
INC-202203-EDI-001-01,2022-03-07T08:49:00Z,Edinburgh,EDI-001,Underground,Signal Failure,Med-High,4,140,,TRUE
INC-202203-EDI-015-02,2022-03-07T16:06:00Z,Edinburgh,EDI-015,Bus,Congestion,MEDIUM,3,75,3388,TRUE
INC-202203-LON-014-02,2022-03-07T19:37:00Z,London,LON-014,Bus,Vehicle Fault,Low,1,8,796,FALSE
INC-202203-LON-016-03,2022-03-08T04:24:00Z,London,LON-016,rail,Signal Failure,Medium,3,59,8064,TRUE
INC-202203-BRI-013-01,2022-03-08T07:20:00Z,Bristol,BRI-013,Bus,Staff Shortage,Low,1,200,958,TRUE
INC-202203-EDI-006-03,2022-03-08T07:56:00Z,Edinburgh,EDI-006,Underground,Signal Failure,Med-High,4,188,62153,TRUE
INC-202203-BRI-007-01,2022-03-08T10:48:00Z,Bristol,BRI-007,Tram,Obstruction,Low,1,13,244,TRUE
INC-202203-BRI-021-02,2022-03-09T07:05:00Z,Bristol,BRI-021,Rail,Track Fault,Medium,3,94,11010,TRUE
INC-202203-MAN-013-01,2022-03-09T12:40:00Z,Manchester,MAN-013,Underground,Station Closure,Medium,3,107,20025,FALSE
INC-202203-EDI-007-01,2022-03-09T18:06:00Z,Edinburgh,EDI-007,BikeShare,Dock Empty,Low-Med,2,33,338,TRUE
INC-202203-EDI-014-02,2022-03-09T20:07:00Z,Edinburgh,EDI-014,Underground,Power Issue,Low-Med,2,51,4758,TRUE
INC-202203-LON-002-01,2022-03-10T04:16:00Z,London,LON-002,Bus,,Medium,3,64,7732,TRUE
INC-202203-MAN-009-03,2022-03-10T11:44:00Z,Manchester,MAN-009,Underground,Signal Failure,Med-High,4,109,28294,TRUE
INC-202203-LON-012-04,2022-03-10T14:15:00Z,London,LON-012,Bus,Congestion,Med-High,4,125,19821,FALSE
INC-202203-EDI-003-02,2022-03-10T16:24:00Z,Edinburgh,EDI-003,Bus,Congestion,Low,1,25,2333,TRUE
INC-202203-MAN-020-01,2022-03-11T11:07:00Z,Manchester,MAN-020,Bus,Congestion,Low,1,8,527,TRUE
INC-202203-BRI-018-01,2022-03-11T16:45:00Z,Bristol,BRI-018,Bus,Roadworks,Low,1,20,701,TRUE
INC-202203-LON-004-02,2022-03-12T11:41:00Z,London,LON-004,Tram,Power Issue,Low,1,25,1050,TRUE
INC-202203-BRI-001-03,2022-03-13T07:16:00Z,Bristol,BRI-001,Bus,Staff Shortage,LOW,1,16,1302,TRUE
INC-202203-BRI-015-01,2022-03-13T16:13:00Z,Bristol,BRI-015,BikeShare,Dock Empty,Low,1,13,41,TRUE
INC-202203-LON-020-03,2022-03-13T17:10:00Z,London,LON-020,Bus,Congestion,Low-Med,2,69,6175,TRUE
INC-202203-LON-008-01,2022-03-14T04:54:00Z,London,LON-008,Bus,Congestion,Medium,3,87,11636,TRUE
INC-202203-BRI-021-01,2022-03-15T16:32:00Z,Bristol,BRI-021,Rail,Rolling Stock,Med-High,4,141,13869,TRUE
INC-202203-BRI-005-01,2022-03-15T17:31:00Z,Bristol,BRI-005,Bus,Congestion,Medium,3,99,7548,TRUE
INC-202203-LON-010-02,2022-03-15T22:50:00Z,London,LON-010,BikeShare,Dock Full,Low-Med,2,28,581,TRUE
INC-202203-BRI-009-01,2022-03-16T03:14:00Z,Bristol,BRI-009,Tram,Roadworks,Low,1,19,823,TRUE
INC-202203-LON-003-02,2022-03-16T06:01:00Z,London,LON-003,Bus,Congestion,Low-Med,2,55,4545,TRUE
INC-202203-LON-015-02,2022-03-16T14:01:00Z,London,LON-015,Rail,Weather,Med-High,4,,31027,TRUE
INC-202203-BRI-001-02,2022-03-17T04:34:00Z,Bristol,BRI-001,Bus,Roadworks,Low-Med,2,42,2071,TRUE
INC-202203-LON-009-01,2022-03-17T18:13:00Z,London,LON-009,Rail,Weather,Med-High,4,111,20315,TRUE
INC-202203-LON-004-01,2022-03-17T18:37:00Z,London,LON-004,tram,Power Issue,Med-High,4,173,3337,TRUE
INC-202203-MAN-009-02,2022-03-18T02:05:00Z,MAN,MAN-009,Underground,Signal Failure,Medium,3,53,14396,TRUE
INC-202203-EDI-015-01,2022-03-18T08:19:00Z,Edinburgh,EDI-015,Bus,Vehicle Fault,Low-Med,2,40,1755,TRUE
INC-202203-EDI-003-03,2022-03-18T16:47:00Z,Edinburgh,EDI-003,Bus,Staff Shortage,Low-Med,2,58,2011,TRUE
INC-202203-LON-009-02,2022-03-19T14:15:00Z,London,LON-009,Rail,Signal Failure,High,5,304,74196,TRUE
INC-202203-LON-007-04,2022-03-19T17:13:00Z,London,LON-007,Tram,Power Issue,Low-Med,2,35,969,TRUE
INC-202203-LON-014-01,2022-03-19T20:30:00Z,London,LON-014,Bus,Congestion,Low,1,9,448,TRUE
INC-202203-LON-019-02,2022-03-20T00:14:00Z,London,LON-019,Bus,Staff Shortage,Low-Med,2,38,2317,TRUE
INC-202203-BRI-002-01,2022-03-20T09:43:00Z,Bristol,BRI-002,Bus,Congestion,Low,1,20,415,TRUE
INC-202203-LON-019-01,2022-03-20T10:50:00Z,London,LON-019,Bus,,Low-Med,2,54,5157,TRUE
INC-202203-MAN-004-01,2022-03-20T21:49:00Z,Manchester,MAN-004,Bus,Congestion,Low-Med,2,50,887,FALSE
INC-202203-LON-020-05,2022-03-21T07:07:00Z,London,LON-020,Bus,Congestion,High,5,255,33375,TRUE
INC-202203-EDI-005-01,2022-03-21T18:16:00Z,Edinburgh,EDI-005,underground,Power Issue,Medium,3,58,7787,TRUE
INC-202203-EDI-004-01,2022-03-21T22:47:00Z,Edinburgh,EDI-004,Bus,Staff Shortage,Low,1,11,498,TRUE
INC-202203-EDI-017-01,2022-03-22T16:47:00Z,Edinburgh,EDI-017,Underground,Signal Failure,Med-High,4,103,31492,TRUE
INC-202203-BRI-003-01,2022-03-22T17:46:00Z,Bristol,BRI-003,Rail,Rolling Stock,High,5,217,20860,TRUE
INC-202203-LON-016-02,2022-03-22T18:16:00Z,London,LON-016,Rail,Signal Failure,Med-High,4,169,40902,TRUE
INC-202203-LON-020-04,2022-03-23T08:48:00Z,London,LON-020,Bus,Roadworks,Low,1,22,3262,FALSE
INC-202203-EDI-006-02,2022-03-23T16:12:00Z,Edinburgh,EDI-006,Underground,Passenger Incident,Medium,3,76,23133,TRUE
INC-202203-MAN-018-01,2022-03-23T20:37:00Z,Manchester,MAN-018,BikeShare,Dock Full,Low-Med,2,53,289,FALSE
INC-202203-EDI-012-02,2022-03-23T23:04:00Z,Edinburgh,EDI-012,Underground,Power Issue,Medium,3,58,3434,TRUE
INC-202203-EDI-003-01,2022-03-24T00:31:00Z,Edinburgh,EDI-003,Bus,Congestion,Low-Med,2,45,4330,TRUE
INC-202203-EDI-008-01,2022-03-24T01:38:00Z,Edinburgh,EDI-008,Bus,Vehicle Fault,Low,1,16,1095,TRUE
INC-202203-EDI-013-01,2022-03-24T08:01:00Z,Edinburgh,EDI-013,Rail,Signal Failure,Medium,3,112,11027,TRUE
INC-202203-MAN-009-04,2022-03-24T13:47:00Z,MAN,MAN-009,Underground,Power Issue,Med-High,4,111,21654,TRUE
INC-202203-BRI-005-02,2022-03-24T20:23:00Z,Bristol,BRI-005,Bus,Congestion,Low,1,9,702,TRUE
INC-202203-LON-012-01,2022-03-25T09:40:00Z,London,LON-012,Bus,Staff Shortage,Medium,3,105,7042,TRUE
INC-202203-LON-010-01,2022-03-25T20:14:00Z,London,LON-010,BikeShare,Bike Fault,Low-Med,2,24,357,TRUE
INC-202203-MAN-017-01,2022-03-25T23:37:00Z,Manchester,MAN-017,Underground,Signal Failure,Medium,3,115,20681,FALSE
INC-202203-LON-006-01,2022-03-26T05:27:00Z,London,LON-006,BikeShare,Dock Empty,Medium,3,94,2523,FALSE
INC-202203-LON-018-01,2022-03-26T09:07:00Z,London,LON-018,Bus,Congestion,Med-High,4,126,6647,TRUE
INC-202203-EDI-009-01,2022-03-26T10:33:00Z,Edinburgh,EDI-009,Bus,Congestion,Low,1,14,339,FALSE
INC-202203-LON-012-03,2022-03-26T18:46:00Z,London,LON-012,Bus,Roadworks,Medium,3,110,11162,TRUE
INC-202203-BRI-004-01,2022-03-26T22:18:00Z,Bristol,BRI-004,Underground,Signal Failure,High,5,296,88545,TRUE
INC-202203-LON-020-01,2022-03-26T23:50:00Z,London,LON-020,Bus,Roadworks,Medium,3,114,15998,TRUE
INC-202203-MAN-007-01,2022-03-28T09:39:00Z,Manchester,MAN-007,Tram,Vehicle Fault,Low,1,8,336,TRUE
INC-202203-LON-001-01,2022-03-28T13:11:00Z,london,LON-001,Bus,Vehicle Fault,Medium,3,67,9029,TRUE
INC-202203-LON-014-03,2022-03-28T17:29:00Z,LDN,LON-014,Bus,Roadworks,Medium,3,102,6321,TRUE
INC-202203-LON-007-02,2022-03-28T20:20:00Z,London,LON-007,Tram,Vehicle Fault,Low,1,27,1425,TRUE
INC-202203-LON-016-01,2022-03-29T06:28:00Z,London,LON-016,Rail,Weather,Med-High,4,141,27545,TRUE
INC-202203-MAN-011-01,2022-03-29T08:37:00Z,Manchester,MAN-011,Bus,Vehicle Fault,LOW-MED,2,27,1373,TRUE
INC-202203-MAN-020-02,2022-03-29T18:02:00Z,Manchester,MAN-020,bus,Vehicle Fault,Medium,3,64,46312,TRUE
INC-202203-MAN-001-01,2022-03-30T19:48:00Z,Manchester,MAN-001,Bus,Roadworks,Medium,3,116,7622,TRUE
INC-202203-BRI-022-01,2022-03-30T20:50:00Z,Bristol,BRI-022,Underground,Signal Failure,Medium,3,75,27305,TRUE
INC-202203-LON-003-01,2022-03-31T05:52:00Z,LDN,LON-003,Bus,Congestion,Low-Med,2,24,839,TRUE
INC-202203-BRI-003-02,2022-03-31T17:58:00Z,Bristol,BRI-003,Rail,Weather,Med-High,4,204,16347,TRUE
INC-202203-MAN-011-02,2022-03-31T19:15:00Z,Manchester,MAN-011,Bus,Roadworks,Low,1,16,649,TRUE
INC-202204-LON-008-03,2022-04-01T02:22:00Z,London,LON-008,Bus,Staff Shortage,Low-Med,2,28,1951,TRUE
INC-202204-BRI-021-01,2022-04-01T07:45:00Z,Bristol,BRI-021,Rail,Track Fault,MEDIUM,3,79,5994,TRUE
INC-202204-LON-012-01,2022-04-01T18:08:00Z,London,LON-012,Bus,Congestion,Low-Med,2,37,5231,TRUE
INC-202204-EDI-013-01,2022-04-02T06:26:00Z,Edinburgh,EDI-013,Rail,Signal Failure,Low-Med,2,62,3351,TRUE
INC-202204-MAN-017-03,2022-04-02T08:45:00Z,Manchester,MAN-017,Underground,Passenger Incident,Med-High,4,200,44832,TRUE
INC-202204-LON-019-04,2022-04-02T09:21:00Z,London,LON-019,Bus,Roadworks,Med-High,4,104,11478,TRUE
INC-201905-EDI-001-02,2022-04-02T09:37:00Z,Edinburgh,EDI-018,Rail,Signal Failure,High,5,250,57376,TRUE
INC-202204-EDI-020-01,2022-04-02T17:38:00Z,Edinburgh,EDI-020,Rail,Signal Failure,Low-Med,2,28,2118,TRUE
INC-202204-BRI-002-01,2022-04-02T22:53:00Z,bristol,BRI-002,Bus,Roadworks,Low,1,10,727,TRUE
INC-202204-MAN-001-01,2022-04-03T08:26:00Z,Manchester,MAN-001,Bus,,Low-Med,2,38,3217,TRUE
INC-202204-MAN-022-02,2022-04-03T14:35:00Z,Manchester,MAN-022,Rail,Signal Failure,Med-High,4,96,8308,TRUE
INC-202204-LON-015-03,2022-04-03T17:23:00Z,London,LON-015,Rail,Signal Failure,Med-High,4,138,16719,TRUE
INC-202204-EDI-017-03,2022-04-03T21:57:00Z,Edinburgh,EDI-017,Underground,Signal Failure,Med-High,4,107,23216,TRUE
INC-202204-EDI-010-02,2022-04-05T07:16:00Z,Edinburgh,EDI-010,Bus,Vehicle Fault,Med-High,4,105,9543,TRUE
INC-202204-LON-018-01,2022-04-05T07:22:00Z,London,LON-018,Bus,Congestion,Med-High,4,98,8002,TRUE
INC-202204-LON-020-01,2022-04-05T08:47:00Z,London,LON-020,Bus,Staff Shortage,Medium,3,73,6365,TRUE
INC-202204-EDI-010-01,2022-04-06T04:46:00Z,Edinburgh,EDI-010,Bus,Staff Shortage,Low-Med,2,29,2412,TRUE
INC-202204-MAN-007-01,2022-04-06T10:00:00Z,Manchester,MAN-007,Tram,Power Issue,Low,1,21,1092,FALSE
INC-202204-MAN-002-02,2022-04-08T06:52:00Z,Manchester,MAN-002,Tram,Roadworks,Low-Med,2,48,2066,TRUE
INC-202204-MAN-020-02,2022-04-08T08:09:00Z,Manchester,MAN-020,bus,Congestion,Low,1,15,762,TRUE
INC-202204-MAN-005-01,2022-04-08T08:39:00Z,Manchester,MAN-005,Tram,Roadworks,Medium,3,116,5828,TRUE
INC-202204-EDI-014-02,2022-04-08T08:58:00Z,Edinburgh,EDI-014,Underground,Signal Failure,Med-High,4,148,11628,TRUE
INC-202204-BRI-007-01,2022-04-08T09:27:00Z,Bristol,BRI-007,Tram,Vehicle Fault,Low,1,20,650,TRUE
INC-202204-MAN-014-02,2022-04-08T17:46:00Z,Manchester,MAN-014,BikeShare,Bike Fault,Low,1,21,76,TRUE
INC-202204-BRI-004-02,2022-04-09T16:04:00Z,Bristol,BRI-004,Underground,Signal Failure,Medium,3,87,23821,TRUE
INC-202204-LON-022-02,2022-04-10T08:53:00Z,London,LON-022,Underground,Station Closure,Med-High,4,145,74383,TRUE
INC-202204-EDI-004-01,2022-04-10T15:13:00Z,Edinburgh,EDI-004,Bus,Roadworks,Low,1,5,337,TRUE
INC-202204-BRI-002-02,2022-04-10T15:30:00Z,Bristol,BRI-002,Bus,Staff Shortage,LOW-MED,2,35,2752,TRUE
INC-202204-LON-009-01,2022-04-11T07:31:00Z,London,LON-009,Rail,,High,5,320,61666,TRUE
INC-202204-BRI-006-01,2022-04-11T12:14:00Z,Bristol,BRI-006,Bus,Congestion,Low,1,18,920,TRUE
INC-202204-LON-016-01,2022-04-11T16:20:00Z,London,LON-016,Rail,Track Fault,Med-High,4,159,20912,TRUE
INC-202204-MAN-022-01,2022-04-11T18:56:00Z,Manchester,MAN-022,Rail,Rolling Stock,Medium,3,100,7528,TRUE
INC-202204-LON-019-01,2022-04-11T21:36:00Z,London,LON-019,bus,Congestion,Medium,3,114,14453,TRUE
INC-202204-BRI-016-01,2022-04-13T08:06:00Z,Bristol,BRI-016,Rail,Signal Failure,Medium,3,96,16974,FALSE
INC-202204-MAN-002-01,2022-04-13T13:19:00Z,Manchester,MAN-002,Tram,Power Issue,Low-Med,2,26,406,TRUE
INC-202204-LON-008-04,2022-04-13T18:55:00Z,London,LON-008,Bus,Roadworks,Medium,3,78,7082,TRUE
INC-202204-LON-016-02,2022-04-13T19:51:00Z,London,LON-016,Rail,Track Fault,Med-High,4,141,43994,TRUE
INC-202204-MAN-020-01,2022-04-14T10:32:00Z,Manchester,MAN-020,Bus,Congestion,Low,1,18,1708,FALSE
INC-202204-MAN-013-01,2022-04-14T22:09:00Z,Manchester,MAN-013,Underground,Passenger Incident,High,5,310,106357,TRUE
INC-202204-LON-012-02,2022-04-16T16:24:00Z,london,LON-012,Bus,Congestion,Medium,3,104,11030,TRUE
INC-202204-LON-008-01,2022-04-17T04:00:00Z,London,LON-008,Bus,Roadworks,Medium,3,83,7574,FALSE
INC-202204-MAN-014-01,2022-04-17T12:09:00Z,Manchester,MAN-014,BikeShare,Bike Fault,LOW,1,20,182,TRUE
INC-202204-LON-015-01,2022-04-17T19:12:00Z,London,LON-015,Rail,Signal Failure,Med-High,4,105,16143,TRUE
INC-202204-LON-017-02,2022-04-17T19:26:00Z,London,LON-017,Bus,Congestion,Medium,3,118,12755,FALSE
INC-202204-BRI-020-01,2022-04-17T19:35:00Z,Bristol,BRI-020,Rail,Signal Failure,Med-High,4,141,12212,TRUE
INC-202204-MAN-002-03,2022-04-17T19:37:00Z,Manchester,MAN-002,Tram,Power Issue,Low-Med,2,,2848,TRUE
INC-202204-EDI-003-01,2022-04-18T03:05:00Z,Edinburgh,EDI-003,Bus,Staff Shortage,Low-Med,2,41,1552,TRUE
INC-202204-MAN-020-05,2022-04-18T07:36:00Z,Manchester,MAN-020,Bus,Vehicle Fault,Low,1,38,3226,TRUE
INC-202204-BRI-004-01,2022-04-18T07:59:00Z,Bristol,BRI-004,Underground,Signal Failure,Low-Med,2,47,12589,TRUE
INC-202204-MAN-020-03,2022-04-18T09:23:00Z,Manchester,MAN-020,Bus,Congestion,Low,1,12,917,TRUE
INC-202204-LON-017-03,2022-04-18T18:55:00Z,London,LON-017,Bus,Congestion,High,5,220,28520,TRUE
INC-202204-LON-016-03,2022-04-19T14:01:00Z,London,LON-016,Rail,Weather,Med-High,4,205,28491,TRUE
INC-202204-EDI-019-01,2022-04-19T18:55:00Z,Edinburgh,EDI-019,Tram,Vehicle Fault,Low,1,19,550,FALSE
INC-202204-EDI-019-01,2022-04-19T19:00:00Z,Edinburgh,EDI-019,Tram,Vehicle Fault,Low,1,19,550,FALSE
INC-202204-BRI-007-02,2022-04-20T07:19:00Z,Bristol,BRI-007,Tram,Roadworks,Low,1,13,204,FALSE
INC-202204-LON-014-01,2022-04-20T10:42:00Z,London,LON-014,Bus,Roadworks,Medium,3,117,12823,TRUE
INC-202204-LON-019-05,2022-04-20T13:53:00Z,London,LON-019,Bus,Roadworks,Med-High,4,139,15254,TRUE
INC-202204-BRI-008-01,2022-04-21T02:02:00Z,Bristol,BRI-008,Rail,Track Fault,Medium,3,106,13963,TRUE
INC-202204-BRI-020-02,2022-04-21T03:37:00Z,Bristol,BRI-020,Rail,Signal Failure,Med-High,4,208,18245,TRUE
INC-202204-BRI-022-01,2022-04-21T13:36:00Z,Bristol,BRI-022,Underground,Signal Failure,High,5,312,48578,TRUE
INC-202204-LON-005-01,2022-04-22T05:30:00Z,London,LON-005,Rail,Signal Failure,Med-High,4,171,22006,TRUE
INC-202204-EDI-017-01,2022-04-22T20:03:00Z,Edinburgh,EDI-017,Underground,Station Closure,Medium,3,89,14730,TRUE
INC-202204-LON-019-03,2022-04-23T02:29:00Z,London,LON-019,Bus,Roadworks,Low-Med,2,42,4995,TRUE
INC-202204-LON-013-01,2022-04-23T08:04:00Z,london,LON-013,Underground,Station Closure,High,5,309,94378,TRUE
INC-202204-EDI-018-02,2022-04-23T12:41:00Z,Edinburgh,EDI-018,Rail,Rolling Stock,Low-Med,2,39,6166,TRUE
INC-202204-MAN-017-01,2022-04-23T18:30:00Z,Manchester,MAN-017,Underground,Station Closure,Med-High,4,201,62978,TRUE
INC-202204-EDI-013-02,2022-04-25T11:31:00Z,Edinburgh,EDI-013,Rail,Weather,Low-Med,2,58,4536,TRUE
INC-202204-BRI-005-01,2022-04-25T17:02:00Z,Bristol,BRI-005,Bus,Congestion,Low-Med,2,43,8591,TRUE
INC-202204-LON-015-02,2022-04-25T20:10:00Z,London,LON-015,Rail,Signal Failure,Med-High,4,157,24945,TRUE
INC-202204-LON-015-05,2022-04-26T04:52:00Z,London,LON-015,Rail,Rolling Stock,Medium,3,82,11151,FALSE
INC-202204-LON-015-05,2022-04-26T04:52:00Z,London,LON-015,Rail,Rolling Stock,Medium,3,82,11151,FALSE
INC-202204-LON-015-04,2022-04-26T05:21:00Z,London,LON-015,Rail,Rolling Stock,Med-High,4,97,11613,TRUE
INC-202204-LON-021-01,2022-04-26T06:18:00Z,London,LON-021,Bus,Congestion,Med-High,4,166,15492,TRUE
INC-202204-EDI-014-01,2022-04-26T16:28:00Z,Edinburgh,EDI-014,Underground,Passenger Incident,Med-High,4,120,15922,TRUE
INC-202204-MAN-005-02,2022-04-26T21:03:00Z,Manchester,MAN-005,Tram,Vehicle Fault,Med-High,4,197,10273,FALSE
INC-202204-EDI-017-02,2022-04-26T22:52:00Z,Edinburgh,EDI-017,Underground,Passenger Incident,Med-High,4,175,72532,TRUE
INC-202204-LON-006-01,2022-04-27T00:46:00Z,london,LON-006,bikeshare,App Outage,Low,1,9,61,TRUE
INC-202204-MAN-010-01,2022-04-27T07:35:00Z,Manchester,MAN-010,Rail,Rolling Stock,Low,1,10,1215,TRUE
INC-202204-BRI-018-01,2022-04-27T17:29:00Z,Bristol,BRI-018,Bus,Vehicle Fault,Medium,3,119,7715,FALSE
INC-202204-LON-008-02,2022-04-27T18:49:00Z,London,LON-008,Bus,Staff Shortage,Low-Med,2,32,2820,TRUE
INC-202204-EDI-006-01,2022-04-28T03:24:00Z,Edinburgh,EDI-006,Underground,Signal Failure,Medium,3,104,26196,TRUE
INC-202204-LON-017-01,2022-04-28T06:33:00Z,London,LON-017,Bus,Congestion,High,5,315,25716,TRUE
INC-202204-LON-006-02,2022-04-28T12:05:00Z,London,LON-006,BikeShare,Dock Empty,Low,1,7,65,TRUE
INC-202204-LON-010-01,2022-04-28T12:14:00Z,London,LON-010,BikeShare,Vandalism,Low,1,11,111,TRUE
INC-202204-LON-022-01,2022-04-29T08:42:00Z,London,LON-022,Underground,Passenger Incident,Medium,3,85,29610,TRUE
INC-202204-LON-019-02,2022-04-29T17:50:00Z,London,LON-019,Bus,Congestion,Medium,3,98,15259,FALSE
INC-202204-MAN-020-04,2022-04-29T19:40:00Z,Manchester,MAN-020,Bus,,Low-Med,2,58,6454,TRUE
INC-202204-MAN-017-02,2022-04-30T13:31:00Z,Manchester,MAN-017,Underground,Signal Failure,Med-High,4,124,43553,TRUE
INC-202204-EDI-015-01,2022-04-30T16:43:00Z,Edinburgh,EDI-015,Bus,Congestion,Low,1,17,396,TRUE
INC-202204-MAN-012-01,2022-04-30T19:06:00Z,Manchester,MAN-012,Rail,Signal Failure,High,5,166,20324,TRUE
INC-202204-BRI-011-01,2022-04-30T21:34:00Z,Bristol,BRI-011,Bus,Congestion,Low,1,5,146,TRUE
INC-202205-MAN-012-01,2022-05-01T07:54:00Z,Manchester,MAN-012,Rail,Track Fault,High,5,324,453896,TRUE
INC-202205-LON-001-01,2022-05-01T13:27:00Z,London,LON-001,Bus,Staff Shortage,Med-High,4,169,15611,TRUE
INC-202205-LON-013-02,2022-05-01T15:36:00Z,London,LON-013,Underground,Signal Failure,Low-Med,2,49,16474,FALSE
INC-202205-BRI-008-01,2022-05-01T19:24:00Z,Bristol,BRI-008,Rail,Weather,Medium,3,94,15384,FALSE
INC-202205-BRI-009-01,2022-05-02T03:40:00Z,Bristol,BRI-009,Tram,Power Issue,Low,1,17,598,TRUE
INC-202205-BRI-016-01,2022-05-02T08:16:00Z,Bristol,BRI-016,Rail,Weather,Medium,3,102,6266,TRUE
INC-202205-EDI-015-03,2022-05-02T10:47:00Z,Edinburgh,EDI-015,Bus,Roadworks,Low,1,5,239,TRUE
INC-202205-LON-013-03,2022-05-02T18:16:00Z,london,LON-013,Underground,Signal Failure,Medium,3,98,21838,TRUE
INC-202205-BRI-014-02,2022-05-03T01:16:00Z,Bristol,BRI-014,Bus,Staff Shortage,Low-Med,2,49,4380,TRUE
INC-202205-BRI-017-01,2022-05-03T06:28:00Z,Bristol,BRI-017,Bus,Congestion,Low-Med,2,38,3623,TRUE
INC-202205-LON-007-01,2022-05-03T17:07:00Z,London,LON-007,Tram,Vehicle Fault,Low,1,12,331,FALSE
INC-202205-MAN-016-01,2022-05-03T21:06:00Z,Manchester,MAN-016,Bus,Roadworks,Medium,3,76,7203,TRUE
INC-202205-LON-014-02,2022-05-04T01:18:00Z,London,LON-014,Bus,Roadworks,Low,1,25,1624,TRUE
INC-202205-BRI-017-02,2022-05-04T12:01:00Z,Bristol,BRI-017,Bus,Congestion,Low-Med,2,36,2983,TRUE
INC-202205-MAN-001-02,2022-05-05T08:01:00Z,Manchester,MAN-001,Bus,Vehicle Fault,Medium,3,70,3973,TRUE
INC-202205-MAN-016-02,2022-05-05T08:53:00Z,Manchester,MAN-016,Bus,Vehicle Fault,Low-Med,2,54,7432,TRUE
INC-202205-EDI-012-01,2022-05-05T11:16:00Z,Edinburgh,EDI-012,Underground,Signal Failure,Low-Med,2,61,18982,TRUE
INC-202205-EDI-005-02,2022-05-05T16:24:00Z,Edinburgh,EDI-005,Underground,Station Closure,Low Med,2,55,13121,TRUE
INC-202205-MAN-008-02,2022-05-06T08:42:00Z,Manchester,MAN-008,Bus,Congestion,Medium,3,79,,TRUE
INC-202205-EDI-002-01,2022-05-06T16:23:00Z,Edinburgh,EDI-002,Bus,Congestion,Low,1,17,807,TRUE
INC-202205-EDI-017-03,2022-05-07T01:40:00Z,Edinburgh,EDI-017,Underground,Power Issue,Low,1,30,3500,TRUE
INC-202205-BRI-022-02,2022-05-07T03:54:00Z,Bristol,BRI-022,Underground,Signal Failure,Med-High,4,203,50963,TRUE
INC-202205-MAN-001-01,2022-05-07T07:11:00Z,Manchester,MAN-001,Bus,Accident,Low,1,25,1085,TRUE
INC-202205-MAN-002-01,2022-05-07T07:17:00Z,Manchester,MAN-002,Tram,Power Issue,Medium,3,111,4744,TRUE
INC-202205-MAN-010-01,2022-05-07T07:18:00Z,MAN,MAN-010,Rail,Rolling Stock,Medium,3,70,6042,TRUE
INC-202205-LON-021-02,2022-05-07T07:21:00Z,London,LON-021,Bus,Congestion,Medium,3,121,19976,TRUE
INC-202205-BRI-019-01,2022-05-07T07:51:00Z,Bristol,BRI-019,Rail,Signal Failure,Low-Med,2,47,5537,TRUE
INC-202205-LON-017-04,2022-05-07T13:40:00Z,London,LON-017,Bus,Congestion,High,5,238,33779,FALSE
INC-202205-EDI-006-02,2022-05-07T20:49:00Z,Edinburgh,EDI-006,Underground,Power Issue,Med-High,4,127,30569,FALSE
INC-202205-LON-006-02,2022-05-08T16:58:00Z,London,LON-006,bikeshare,Vandalism,Low,1,19,220,FALSE
INC-202205-EDI-001-01,2022-05-09T01:55:00Z,Edinburgh,EDI-001,Underground,Power Issue,Med-High,4,197,45302,TRUE
INC-202205-MAN-013-01,2022-05-09T02:03:00Z,Manchester,MAN-013,Underground,Power Issue,Medium,3,108,30793,TRUE
INC-202205-EDI-001-02,2022-05-09T09:58:00Z,Edinburgh,EDI-001,Underground,Signal Failure,Med High,4,128,16022,TRUE
INC-202205-BRI-016-02,2022-05-10T07:33:00Z,Bristol,BRI-016,Rail,Track Fault,Medium,3,119,16087,FALSE
INC-202205-LON-012-01,2022-05-10T08:11:00Z,London,LON-012,Bus,Congestion,Medium,3,79,7437,FALSE
INC-202205-LON-016-02,2022-05-10T14:27:00Z,London,LON-016,Rail,Rolling Stock,MED-HIGH,4,128,14814,TRUE
INC-202205-LON-003-03,2022-05-10T15:31:00Z,London,LON-003,Bus,Vehicle Fault,LOW-MED,2,28,1537,TRUE
INC-202205-MAN-009-01,2022-05-10T17:28:00Z,Manchester,MAN-009,Underground,Passenger Incident,Med-High,4,109,12937,TRUE
INC-202205-LON-006-01,2022-05-10T20:28:00Z,London,LON-006,BikeShare,Bike Fault,Low,1,10,70,TRUE
INC-202205-LON-002-02,2022-05-11T03:37:00Z,London,LON-002,Bus,Roadworks,LOW-MED,2,53,5994,TRUE
INC-202205-LON-002-01,2022-05-11T07:45:00Z,LDN,LON-002,Bus,Congestion,Medium,3,62,9736,FALSE
INC-202205-BRI-015-01,2022-05-11T18:21:00Z,Bristol,BRI-015,BikeShare,Bike Fault,LOW,1,10,29,FALSE
INC-202205-MAN-011-05,2022-05-12T06:38:00Z,Manchester,MAN-011,Bus,Roadworks,High,5,170,5977,TRUE
INC-202205-EDI-015-02,2022-05-12T21:21:00Z,Edinburgh,EDI-015,Bus,Roadworks,Low,1,10,613,TRUE
INC-202205-LON-003-01,2022-05-13T18:30:00Z,london,LON-003,Bus,Staff Shortage,Medium,3,98,11509,TRUE
INC-202205-MAN-004-01,2022-05-14T16:17:00Z,Manchester,MAN-004,Bus,Accident,Low-Med,2,33,3378,TRUE
INC-202205-LON-015-02,2022-05-15T00:37:00Z,London,LON-015,Rail,Signal Failure,Med-High,4,135,113360,TRUE
INC-202408-LON-006-01,2022-05-15T07:44:00Z,Edinburgh,EDI-003,Bus,Roadworks,Low-Med,2,38,2915,TRUE
INC-202205-BRI-020-01,2022-05-15T09:47:00Z,Bristol,BRI-020,Rail,Signal Failure,Medium,3,67,4929,TRUE
INC-202205-BRI-013-01,2022-05-15T16:03:00Z,Bristol,BRI-013,Bus,Congestion,Low-Med,2,37,1952,TRUE
INC-202205-BRI-016-03,2022-05-15T20:43:00Z,Bristol,BRI-016,Rail,Track Fault,Medium,3,101,11890,TRUE
INC-202205-LON-005-01,2022-05-16T06:01:00Z,London,LON-005,Rail,Signal Failure,High,5,222,50436,TRUE
INC-202205-LON-003-02,2022-05-16T06:21:00Z,London,LON-003,Bus,Staff Shortage,Low,1,19,,TRUE
INC-202205-MAN-011-04,2022-05-16T08:39:00Z,Manchester,MAN-011,Bus,Vehicle Fault,Medium,3,73,7130,TRUE
INC-202205-BRI-001-02,2022-05-16T17:42:00Z,Bristol,BRI-001,Bus,Vehicle Fault,Low,1,17,800,TRUE
INC-202205-MAN-011-03,2022-05-16T19:45:00Z,Manchester,MAN-011,Bus,Congestion,Low,1,19,1578,FALSE
INC-202205-EDI-015-04,2022-05-16T23:31:00Z,Edinburgh,EDI-015,Bus,Congestion,LOW,1,7,408,TRUE
INC-202205-EDI-009-01,2022-05-17T08:24:00Z,Edinburgh,EDI-009,Bus,,Med-High,4,103,9522,TRUE
INC-202205-EDI-005-01,2022-05-17T12:31:00Z,Edinburgh,EDI-005,Underground,Signal Failure,Medium,3,580,21487,FALSE
INC-202205-EDI-017-01,2022-05-17T17:04:00Z,Edinburgh,EDI-017,Underground,Signal Failure,Medium,3,69,10078,TRUE
INC-202205-MAN-011-02,2022-05-17T18:06:00Z,Manchester,MAN-011,Bus,Vehicle Fault,Medium,3,98,5555,TRUE
INC-202205-BRI-004-01,2022-05-18T08:21:00Z,Bristol,BRI-004,Underground,Signal Failure,Med-High,4,154,28168,TRUE
INC-202205-MAN-017-01,2022-05-18T23:01:00Z,Manchester,MAN-017,Underground,Signal Failure,Medium,3,67,23818,TRUE
INC-202205-MAN-017-01,2022-05-18T23:05:00Z,Manchester,MAN-017,Underground,Signal Failure,Medium,3,67,23818,TRUE
INC-202205-LON-018-02,2022-05-19T17:38:00Z,London,LON-018,Bus,Congestion,Medium,3,64,4151,TRUE
INC-202205-LON-021-01,2022-05-20T01:11:00Z,London,LON-021,Bus,Congestion,Med-High,4,104,16990,TRUE
INC-202205-EDI-018-01,2022-05-20T02:43:00Z,Edinburgh,EDI-018,Rail,Weather,Medium,3,89,15452,TRUE
INC-202205-LON-017-01,2022-05-20T09:27:00Z,London,LON-017,Bus,Accident,Med-High,4,156,12922,TRUE
INC-202205-LON-016-01,2022-05-20T20:08:00Z,London,LON-016,Rail,Rolling Stock,High,5,170,29948,TRUE
INC-202205-LON-011-01,2022-05-21T05:40:00Z,London,LON-011,Tram,Obstruction,Low,1,7,940,TRUE
INC-202205-MAN-009-02,2022-05-21T10:36:00Z,Manchester,MAN-009,Underground,Power Issue,Medium,3,70,14219,TRUE
INC-202205-MAN-016-03,2022-05-21T17:18:00Z,Manchester,MAN-016,bus,Vehicle Fault,Medium,3,76,4599,FALSE
INC-202205-BRI-017-03,2022-05-21T19:07:00Z,Bristol,BRI-017,Bus,Congestion,Medium,3,51,5812,TRUE
INC-202205-BRI-002-01,2022-05-21T20:28:00Z,Bristol,BRI-002,Bus,Staff Shortage,Low,1,16,719,TRUE
INC-202205-MAN-022-03,2022-05-22T08:18:00Z,Manchester,MAN-022,Rail,Track Fault,High,5,204,23124,TRUE
INC-202205-LON-020-01,2022-05-22T23:27:00Z,London,LON-020,Bus,Roadworks,Low,1,20,2748,FALSE
INC-202205-MAN-011-01,2022-05-23T05:33:00Z,Manchester,MAN-011,Bus,Congestion,Low-Med,2,24,1459,FALSE
INC-202205-EDI-015-01,2022-05-23T06:27:00Z,Edinburgh,EDI-015,Bus,Vehicle Fault,Low-Med,2,26,1603,TRUE
INC-202205-BRI-018-01,2022-05-24T11:15:00Z,Bristol,BRI-018,Bus,Congestion,Low-Med,2,34,2242,TRUE
INC-202205-LON-018-01,2022-05-24T20:11:00Z,London,LON-018,Bus,Vehicle Fault,Medium,3,80,2643,FALSE
INC-202205-LON-013-01,2022-05-24T22:08:00Z,London,LON-013,underground,Signal Failure,High,5,313,155979,TRUE
INC-202205-LON-015-01,2022-05-25T18:07:00Z,London,LON-015,Rail,Track Fault,Low Med,2,47,2580,TRUE
INC-202205-MAN-013-02,2022-05-25T19:53:00Z,Manchester,MAN-013,Underground,Passenger Incident,Med-High,4,136,55327,TRUE
INC-202205-BRI-001-01,2022-05-26T12:24:00Z,Bristol,BRI-001,Bus,Roadworks,Medium,3,58,1591,TRUE
INC-202302-MAN-013-01,2022-05-26T13:22:00Z,Edinburgh,EDI-015,Bus,Roadworks,Low-Med,2,33,1781,TRUE
INC-202205-LON-022-01,2022-05-26T17:26:00Z,London,LON-022,Underground,Passenger Incident,Med-High,4,204,103529,TRUE
INC-202205-MAN-012-02,2022-05-27T06:09:00Z,Manchester,MAN-012,rail,Rolling Stock,Med-High,4,170,26040,FALSE
INC-202205-MAN-022-01,2022-05-27T19:10:00Z,Manchester,MAN-022,Rail,Signal Failure,Med-High,4,2620,19202,TRUE
INC-202205-LON-017-02,2022-05-28T07:25:00Z,London,LON-017,Bus,Staff Shortage,Med-High,4,142,14247,TRUE
INC-202205-MAN-004-02,2022-05-28T07:36:00Z,Manchester,MAN-004,Bus,Roadworks,Low,1,27,1453,TRUE
INC-202205-EDI-003-01,2022-05-28T07:48:00Z,Edinburgh,EDI-003,Bus,Congestion,Low,1,9,365,TRUE
INC-202205-BRI-004-02,2022-05-28T09:32:00Z,Bristol,BRI-004,Underground,Passenger Incident,Med-High,4,190,42122,TRUE
INC-202205-MAN-022-02,2022-05-28T10:57:00Z,Manchester,MAN-022,Rail,,Med-High,4,158,28087,TRUE
INC-202205-LON-022-02,2022-05-28T16:21:00Z,London,LON-022,Underground,Station Closure,High,5,151,77751,TRUE
INC-202205-EDI-006-01,2022-05-28T21:13:00Z,Edinburgh,EDI-006,Underground,Signal Failure,Med-High,4,176,50680,TRUE
INC-202205-EDI-011-01,2022-05-29T05:40:00Z,EDI,EDI-011,Bus,Vehicle Fault,Low,1,21,1061,TRUE
INC-202205-BRI-002-02,2022-05-29T07:30:00Z,Bristol,BRI-002,bus,Vehicle Fault,Low,1,12,617,TRUE
INC-202205-LON-014-01,2022-05-29T10:45:00Z,London,LON-014,Bus,Roadworks,Medium,3,115,13003,TRUE
INC-202205-BRI-014-01,2022-05-29T15:51:00Z,Bristol,BRI-014,Bus,Congestion,Low-Med,2,38,3201,TRUE
INC-202205-LON-013-04,2022-05-29T19:52:00Z,London,LON-013,underground,Signal Failure,Med High,4,153,37973,TRUE
INC-202205-MAN-002-02,2022-05-29T19:57:00Z,Manchester,MAN-002,Tram,Power Issue,Low,1,19,717,TRUE
INC-202205-MAN-002-02,2022-05-29T19:59:00Z,Manchester,MAN-002,Tram,Power Issue,Low,1,19,717,TRUE
INC-202205-BRI-014-03,2022-05-30T03:15:00Z,Bristol,BRI-014,Bus,Vehicle Fault,Medium,3,68,3237,TRUE
INC-202205-MAN-008-01,2022-05-30T11:27:00Z,Manchester,MAN-008,Bus,Congestion,Medium,3,95,3925,TRUE
INC-202205-EDI-016-01,2022-05-30T16:47:00Z,Edinburgh,EDI-016,BikeShare,Dock Full,Low,1,15,63,TRUE
INC-202205-EDI-003-03,2022-05-30T17:20:00Z,Edinburgh,EDI-003,Bus,Roadworks,Low-Med,2,31,1706,TRUE
INC-202205-EDI-017-02,2022-05-30T18:05:00Z,Edinburgh,EDI-017,Underground,Passenger Incident,Med-High,4,136,34848,TRUE
INC-202205-BRI-022-01,2022-05-30T18:42:00Z,Bristol,BRI-022,Underground,Signal Failure,Med-High,4,109,25925,TRUE
INC-202205-LON-008-01,2022-05-31T00:41:00Z,London,LON-008,Bus,Vehicle Fault,Low,1,22,1084,TRUE
INC-202205-LON-017-03,2022-05-31T06:45:00Z,London,LON-017,Bus,Accident,Medium,3,67,4256,FALSE
INC-202205-MAN-018-01,2022-05-31T13:41:00Z,Manchester,MAN-018,BikeShare,Dock Full,Low,1,12,107,TRUE
INC-202205-LON-018-03,2022-05-31T16:52:00Z,London,LON-018,bus,Roadworks,Medium,3,95,5402,TRUE
INC-202205-MAN-003-01,2022-05-31T18:00:00Z,Manchester,MAN-003,BikeShare,Dock Empty,Low,1,10,143,TRUE
INC-202205-MAN-020-01,2022-05-31T19:15:00Z,Manchester,MAN-020,Bus,Congestion,Low,1,12,1289,TRUE
INC-202206-EDI-020-01,2022-06-01T06:47:00Z,Edinburgh,EDI-020,Rail,Rolling Stock,Low,1,18,1277,TRUE
INC-202206-EDI-021-01,2022-06-01T13:22:00Z,Edinburgh,EDI-021,Tram,Obstruction,Low-Med,2,23,1375,FALSE
INC-202206-MAN-014-01,2022-06-01T14:30:00Z,Manchester,MAN-014,BikeShare,Bike Fault,Medium,3,67,1631,TRUE
INC-202206-EDI-006-04,2022-06-01T17:19:00Z,Edinburgh,EDI-006,Underground,Station Closure,Med-High,4,218,32526,TRUE
INC-202206-LON-002-02,2022-06-01T17:43:00Z,london,LON-002,Bus,Congestion,Low,1,9,1134,TRUE
INC-202206-BRI-019-01,2022-06-01T19:46:00Z,Bristol,BRI-019,Rail,Track Fault,Low-Med,2,55,6907,TRUE
INC-202206-EDI-010-01,2022-06-01T22:06:00Z,Edinburgh,EDI-010,Bus,Staff Shortage,Low-Med,2,41,3012,TRUE
INC-202206-LON-013-01,2022-06-02T06:28:00Z,London,LON-013,Underground,Signal Failure,High,5,2590,128021,TRUE
INC-202206-EDI-006-03,2022-06-02T11:32:00Z,Edinburgh,EDI-006,Underground,Passenger Incident,Med High,4,156,51977,TRUE
INC-202206-MAN-018-01,2022-06-02T16:04:00Z,Manchester,MAN-018,BikeShare,Bike Fault,Low,1,9,53,TRUE
INC-202206-BRI-021-01,2022-06-02T16:38:00Z,Bristol,BRI-021,Rail,Rolling Stock,Low-Med,2,54,3542,TRUE
INC-202206-MAN-008-02,2022-06-02T19:41:00Z,Manchester,MAN-008,Bus,Roadworks,Medium,3,79,5369,TRUE
INC-202206-LON-021-01,2022-06-03T02:03:00Z,London,LON-021,Bus,Vehicle Fault,Medium,3,70,3401,TRUE
INC-202206-LON-012-03,2022-06-03T05:29:00Z,London,LON-012,Bus,Staff Shortage,Low,1,14,1732,TRUE
INC-202206-LON-005-01,2022-06-03T07:58:00Z,London,LON-005,Rail,Weather,LOW-MED,2,21,3535,TRUE
INC-202206-EDI-017-03,2022-06-03T09:56:00Z,Edinburgh,EDI-017,Underground,Signal Failure,Med-High,4,149,22530,FALSE
INC-202206-EDI-002-01,2022-06-03T18:25:00Z,Edinburgh,EDI-002,Bus,Vehicle Fault,Medium,3,115,11932,TRUE
INC-202206-BRI-008-01,2022-06-04T06:26:00Z,Bristol,BRI-008,Rail,Track Fault,Medium,3,75,6151,TRUE
INC-202206-EDI-008-02,2022-06-04T14:23:00Z,Edinburgh,EDI-008,Bus,Accident,Low-Med,2,54,2343,TRUE
INC-202206-MAN-008-03,2022-06-04T16:46:00Z,Manchester,MAN-008,Bus,Roadworks,Low-Med,2,44,3713,TRUE
INC-202206-BRI-004-02,2022-06-04T18:33:00Z,Bristol,BRI-004,Underground,Signal Failure,Medium,3,75,17196,TRUE
INC-202206-EDI-014-01,2022-06-04T20:10:00Z,Edinburgh,EDI-014,Underground,Signal Failure,Med-High,4,129,33448,TRUE
INC-202206-EDI-011-01,2022-06-04T21:46:00Z,Edinburgh,EDI-011,Bus,Congestion,Medium,3,53,2811,TRUE
INC-202206-MAN-002-01,2022-06-04T23:19:00Z,Manchester,MAN-002,Tram,Obstruction,Low,1,17,605,TRUE
INC-202206-MAN-006-01,2022-06-05T04:29:00Z,Manchester,MAN-006,Tram,Vehicle Fault,Low-Med,2,56,1529,TRUE
INC-202206-LON-015-01,2022-06-05T07:38:00Z,London,LON-015,Rail,Rolling Stock,Low-Med,2,50,11282,FALSE
INC-202206-MAN-010-02,2022-06-05T17:32:00Z,Manchester,MAN-010,Rail,Track Fault,Low-Med,2,54,4269,TRUE
INC-202206-BRI-017-01,2022-06-05T21:14:00Z,Bristol,BRI-017,Bus,Vehicle Fault,Low-Med,2,45,2421,TRUE
INC-202206-EDI-017-01,2022-06-06T10:15:00Z,EDI,EDI-017,Underground,Signal Failure,High,5,170,31909,TRUE
INC-202206-EDI-013-03,2022-06-06T18:24:00Z,Edinburgh,EDI-013,Rail,Signal Failure,Medium,3,99,18081,TRUE
INC-202206-EDI-018-01,2022-06-06T21:07:00Z,Edinburgh,EDI-018,Rail,Rolling Stock,High,5,213,27127,TRUE
INC-202206-BRI-016-03,2022-06-07T07:14:00Z,Bristol,BRI-016,Rail,Rolling Stock,Med-High,4,174,22632,TRUE
INC-202206-MAN-013-03,2022-06-07T10:21:00Z,Manchester,MAN-013,Underground,Signal Failure,HIGH,5,165,32113,TRUE
INC-202206-EDI-004-02,2022-06-07T10:50:00Z,Edinburgh,EDI-004,Bus,Vehicle Fault,Low,1,18,566,TRUE
INC-202206-BRI-006-02,2022-06-07T17:46:00Z,Bristol,BRI-006,Bus,Vehicle Fault,Low-Med,2,45,2275,TRUE
INC-202206-MAN-013-02,2022-06-08T09:26:00Z,Manchester,MAN-013,Underground,Passenger Incident,Med-High,4,166,84510,TRUE
INC-202206-BRI-002-02,2022-06-08T21:50:00Z,Bristol,BRI-002,Bus,Vehicle Fault,Medium,3,113,3333,TRUE
INC-202206-MAN-022-01,2022-06-09T08:57:00Z,Manchester,MAN-022,Rail,Rolling Stock,Low Med,2,59,3003,TRUE
INC-202206-MAN-008-01,2022-06-10T12:20:00Z,Manchester,MAN-008,Bus,Congestion,Low-Med,2,35,2775,FALSE
INC-202206-EDI-003-03,2022-06-10T18:27:00Z,Edinburgh,EDI-003,Bus,Vehicle Fault,Medium,3,108,6257,TRUE
INC-202206-MAN-020-01,2022-06-11T09:03:00Z,Manchester,MAN-020,Bus,Congestion,Medium,3,90,5528,TRUE
INC-202206-LON-022-01,2022-06-11T12:36:00Z,London,LON-022,Underground,Station Closure,High,5,259,56559,TRUE
INC-202206-EDI-012-01,2022-06-11T15:54:00Z,Edinburgh,EDI-012,Underground,Power Issue,Medium,3,87,17605,TRUE
INC-202206-LON-022-02,2022-06-11T17:19:00Z,London,LON-022,Underground,Signal Failure,Med High,4,164,86419,TRUE
INC-202206-EDI-004-01,2022-06-11T22:41:00Z,Edinburgh,EDI-004,Bus,Congestion,Low,1,20,888,TRUE
INC-202206-MAN-010-01,2022-06-12T01:35:00Z,Manchester,MAN-010,Rail,Track Fault,Med-High,4,125,7146,TRUE
INC-202206-EDI-016-02,2022-06-12T07:46:00Z,Edinburgh,EDI-016,BikeShare,Bike Fault,Low-Med,2,49,632,TRUE
INC-202206-BRI-015-01,2022-06-12T08:37:00Z,Bristol,BRI-015,BikeShare,Dock Full,Low-Med,2,53,662,TRUE
INC-202206-MAN-004-01,2022-06-12T08:50:00Z,Manchester,MAN-004,Bus,Vehicle Fault,Low-Med,2,30,1361,TRUE
INC-202206-EDI-008-01,2022-06-12T08:51:00Z,Edinburgh,EDI-008,Bus,Vehicle Fault,Low,1,5,151,TRUE
INC-202206-MAN-009-02,2022-06-12T17:48:00Z,Manchester,MAN-009,Underground,Station Closure,Medium,3,,29607,FALSE
INC-202206-MAN-017-02,2022-06-12T22:25:00Z,Manchester,MAN-017,Underground,Signal Failure,High,5,158,41550,TRUE
INC-202206-LON-014-01,2022-06-14T17:16:00Z,london,LON-014,Bus,Staff Shortage,Med-High,4,200,10666,TRUE
INC-202206-EDI-003-02,2022-06-15T05:57:00Z,Edinburgh,EDI-003,bus,Staff Shortage,Medium,3,65,6517,TRUE
INC-202206-MAN-012-02,2022-06-15T11:28:00Z,Manchester,MAN-012,Rail,Weather,Low-Med,2,37,4567,TRUE
INC-202206-BRI-002-03,2022-06-15T19:14:00Z,Bristol,BRI-002,Bus,Congestion,LOW-MED,2,20,2254,TRUE
INC-202206-MAN-020-02,2022-06-16T06:46:00Z,Manchester,MAN-020,Bus,Congestion,LOW-MED,2,64,3657,TRUE
INC-202206-EDI-006-01,2022-06-16T08:12:00Z,Edinburgh,EDI-006,Underground,Passenger Incident,Med-High,4,174,63774,TRUE
INC-202206-LON-015-02,2022-06-16T09:21:00Z,London,LON-015,Rail,Rolling Stock,High,5,210,45050,TRUE
INC-202206-EDI-013-02,2022-06-16T11:11:00Z,Edinburgh,EDI-013,Rail,Weather,Medium,3,102,22670,TRUE
INC-202206-LON-002-01,2022-06-17T00:10:00Z,London,LON-002,Bus,Accident,Low,1,25,2547,TRUE
INC-202206-BRI-016-02,2022-06-17T10:47:00Z,bristol,BRI-016,Rail,Weather,High,5,202,12753,TRUE
INC-202206-LON-021-02,2022-06-17T14:24:00Z,London,LON-021,Bus,Staff Shortage,Medium,3,102,9825,TRUE
INC-202206-EDI-017-02,2022-06-17T19:25:00Z,Edinburgh,EDI-017,Underground,Station Closure,Med-High,4,167,57690,TRUE
INC-202206-BRI-001-01,2022-06-17T19:51:00Z,Bristol,BRI-001,Bus,Congestion,Low,1,10,536,FALSE
INC-202206-BRI-016-01,2022-06-17T21:44:00Z,Bristol,BRI-016,Rail,Rolling Stock,Medium,3,92,25946,TRUE
INC-202206-LON-001-01,2022-06-17T22:19:00Z,London,LON-001,Bus,Accident,Med-High,4,159,13500,TRUE
INC-202206-LON-001-03,2022-06-18T12:57:00Z,London,LON-001,Bus,Congestion,Low,1,10,409,TRUE
INC-202206-EDI-016-01,2022-06-18T14:04:00Z,Edinburgh,EDI-016,bikeshare,Bike Fault,Low,1,12,127,TRUE
INC-202206-BRI-010-01,2022-06-19T04:15:00Z,Bristol,BRI-010,BikeShare,Bike Fault,Low,1,15,143,TRUE
INC-202206-LON-010-01,2022-06-19T18:43:00Z,London,LON-010,BikeShare,Bike Fault,Low,1,11,224,FALSE
INC-202206-EDI-003-01,2022-06-20T08:07:00Z,Edinburgh,EDI-003,Bus,Accident,Low,1,12,571,TRUE
INC-202206-LON-002-04,2022-06-20T12:30:00Z,London,LON-002,Bus,Roadworks,Medium,3,49,3074,TRUE
INC-202206-LON-021-03,2022-06-20T12:47:00Z,London,LON-021,Bus,Roadworks,Low-Med,2,41,3882,TRUE
INC-202206-BRI-006-01,2022-06-20T18:18:00Z,Bristol,BRI-006,Bus,Roadworks,Med-High,4,121,4001,TRUE
INC-202206-MAN-003-01,2022-06-21T04:04:00Z,MAN,MAN-003,BikeShare,App Outage,Low,1,7,157,TRUE
INC-202206-LON-012-01,2022-06-21T06:35:00Z,London,LON-012,Bus,Vehicle Fault,Medium,3,105,8898,TRUE
INC-202206-BRI-002-01,2022-06-21T08:26:00Z,Bristol,BRI-002,Bus,Roadworks,Low-Med,2,33,2565,TRUE
INC-202206-BRI-014-01,2022-06-21T18:26:00Z,Bristol,BRI-014,Bus,Vehicle Fault,Low-Med,2,44,2476,TRUE
INC-202206-LON-020-01,2022-06-21T22:40:00Z,London,LON-020,Bus,Congestion,Medium,3,123,13411,TRUE
INC-202206-BRI-003-02,2022-06-22T03:01:00Z,Bristol,BRI-003,Rail,Rolling Stock,Medium,3,53,6831,TRUE
INC-202206-EDI-009-01,2022-06-22T16:39:00Z,Edinburgh,EDI-009,Bus,Roadworks,Medium,3,58,4216,TRUE
INC-202206-BRI-003-03,2022-06-23T09:06:00Z,Bristol,BRI-003,Rail,Signal Failure,Med-High,4,114,26330,TRUE
INC-202206-MAN-012-01,2022-06-23T10:18:00Z,Manchester,MAN-012,Rail,Signal Failure,Medium,3,85,5710,TRUE
INC-202206-BRI-004-01,2022-06-23T14:44:00Z,Bristol,BRI-004,Underground,Signal Failure,Medium,3,81,19164,TRUE
INC-202206-BRI-005-01,2022-06-24T00:07:00Z,Bristol,BRI-005,Bus,Roadworks,Low,1,15,512,TRUE
INC-202206-LON-018-01,2022-06-24T08:10:00Z,London,LON-018,Bus,Roadworks,Medium,3,1460,4439,TRUE
INC-202206-LON-017-02,2022-06-24T08:16:00Z,London,LON-017,Bus,Roadworks,Low,1,300,1323,TRUE
INC-202206-LON-002-03,2022-06-24T09:00:00Z,London,LON-002,Bus,Roadworks,Medium,3,114,9589,TRUE
INC-202206-MAN-013-01,2022-06-25T08:31:00Z,Manchester,MAN-013,Underground,Power Issue,Medium,3,77,21608,TRUE
INC-202206-EDI-012-02,2022-06-25T16:55:00Z,Edinburgh,EDI-012,underground,Station Closure,Med-High,4,160,43824,TRUE
INC-202206-EDI-001-01,2022-06-26T11:54:00Z,Edinburgh,EDI-001,Underground,Station Closure,Med-High,4,188,36765,TRUE
INC-202206-MAN-009-01,2022-06-26T14:29:00Z,Manchester,MAN-009,Underground,Signal Failure,Med-High,4,176,59701,TRUE
INC-202206-MAN-005-01,2022-06-26T18:22:00Z,Manchester,MAN-005,Tram,Power Issue,Low,1,19,1045,TRUE
INC-202206-MAN-003-03,2022-06-26T22:10:00Z,Manchester,MAN-003,BikeShare,Bike Fault,Low,1,6,124,TRUE
INC-202206-LON-012-02,2022-06-26T23:29:00Z,London,LON-012,Bus,Vehicle Fault,Low-Med,2,65,9201,TRUE
INC-202206-LON-017-01,2022-06-27T13:11:00Z,London,LON-017,Bus,Staff Shortage,Medium,3,98,15492,TRUE
INC-202206-BRI-013-03,2022-06-27T17:48:00Z,Bristol,BRI-013,Bus,Roadworks,Medium,3,76,5302,TRUE
INC-202206-MAN-020-03,2022-06-27T18:29:00Z,Manchester,MAN-020,Bus,Vehicle Fault,Medium,3,75,23935,TRUE
INC-202206-EDI-006-02,2022-06-28T09:59:00Z,Edinburgh,EDI-006,Underground,Station Closure,Med-High,4,109,33005,FALSE
INC-202206-LON-008-01,2022-06-28T11:31:00Z,London,LON-008,Bus,Congestion,Low-Med,2,43,1451,FALSE
INC-202206-BRI-007-01,2022-06-28T18:18:00Z,Bristol,BRI-007,Tram,Roadworks,Low Med,2,34,841,TRUE
INC-202206-MAN-017-01,2022-06-28T19:49:00Z,Manchester,MAN-017,Underground,Signal Failure,High,5,147,62879,TRUE
INC-202206-EDI-013-01,2022-06-29T00:39:00Z,Edinburgh,EDI-013,Rail,Track Fault,Med-High,4,125,13504,TRUE
INC-202203-BRI-001-01,2022-06-29T01:45:00Z,London,LON-001,Bus,Congestion,Low-Med,2,52,3217,TRUE
INC-202206-EDI-013-04,2022-06-29T01:58:00Z,Edinburgh,EDI-013,Rail,Rolling Stock,MED-HIGH,4,177,43189,TRUE
INC-202206-LON-022-03,2022-06-29T16:01:00Z,London,LON-022,Underground,Passenger Incident,Medium,3,73,31877,TRUE
INC-202206-MAN-021-01,2022-06-29T17:27:00Z,Manchester,MAN-021,Rail,Signal Failure,Low-Med,2,69,7155,TRUE
INC-202206-BRI-013-01,2022-06-29T20:54:00Z,Bristol,BRI-013,Bus,Vehicle Fault,Low-Med,2,33,2949,FALSE
INC-202206-BRI-003-01,2022-06-30T01:13:00Z,Bristol,BRI-003,Rail,Signal Failure,Med-High,4,137,36623,TRUE
INC-202206-BRI-014-02,2022-06-30T08:28:00Z,Bristol,BRI-014,Bus,Congestion,Med-High,4,127,9436,TRUE
INC-202206-BRI-013-02,2022-06-30T08:46:00Z,Bristol,BRI-013,Bus,Congestion,Medium,3,100,33300,TRUE
INC-202206-MAN-003-02,2022-06-30T16:39:00Z,Manchester,MAN-003,BikeShare,Dock Full,Low-Med,2,29,904,TRUE
INC-202207-BRI-022-01,2022-07-01T07:06:00Z,Bristol,BRI-022,Underground,Signal Failure,Med-High,4,140,88488,TRUE
INC-202207-MAN-006-02,2022-07-01T08:00:00Z,Manchester,MAN-006,Tram,Vehicle Fault,Low,1,17,1109,TRUE
INC-202207-LON-019-01,2022-07-01T08:50:00Z,London,LON-019,Bus,Congestion,Low,1,18,1154,TRUE
INC-202207-BRI-006-01,2022-07-01T19:06:00Z,Bristol,BRI-006,bus,Roadworks,Med-High,4,104,6357,TRUE
INC-201905-MAN-019-01,2022-07-01T20:03:00Z,Bristol,BRI-014,Bus,Staff Shortage,Low-Med,2,32,1572,TRUE
INC-202207-EDI-003-03,2022-07-01T21:45:00Z,Edinburgh,EDI-003,Bus,Roadworks,Low,1,36,1876,TRUE
INC-202207-EDI-016-01,2022-07-02T01:52:00Z,Edinburgh,EDI-016,BikeShare,Bike Fault,Low,1,5,54,TRUE
INC-202207-MAN-022-02,2022-07-02T02:42:00Z,Manchester,MAN-022,Rail,Rolling Stock,Med-High,4,219,34757,TRUE
INC-202207-LON-016-02,2022-07-02T17:37:00Z,London,LON-016,Rail,Track Fault,Medium,3,67,11831,TRUE
INC-202207-LON-001-02,2022-07-02T17:51:00Z,London,LON-001,Bus,Congestion,Low-Med,2,21,1143,FALSE
INC-202207-LON-001-02,2022-07-02T17:56:00Z,London,LON-001,Bus,Congestion,Low-Med,2,21,1143,FALSE
INC-202207-LON-012-01,2022-07-03T04:21:00Z,London,LON-012,bus,Staff Shortage,Med-High,4,105,8064,TRUE
INC-202207-EDI-009-01,2022-07-03T08:54:00Z,Edinburgh,EDI-009,Bus,Roadworks,Low-Med,2,50,5579,TRUE
INC-202207-LON-008-02,2022-07-04T00:22:00Z,London,LON-008,Bus,Roadworks,Low,1,22,2118,TRUE
INC-202207-BRI-008-01,2022-07-04T21:20:00Z,Bristol,BRI-008,Rail,Rolling Stock,Low-Med,2,51,4217,TRUE
INC-202207-BRI-020-02,2022-07-05T01:09:00Z,Bristol,BRI-020,Rail,Signal Failure,High,5,202,48728,TRUE
INC-202207-LON-016-01,2022-07-05T07:14:00Z,London,LON-016,Rail,Signal Failure,Medium,3,74,23394,TRUE
INC-202207-EDI-005-01,2022-07-05T08:41:00Z,Edinburgh,EDI-005,Underground,Power Issue,High,5,244,29810,TRUE
INC-202207-MAN-004-02,2022-07-05T09:50:00Z,Manchester,MAN-004,Bus,Congestion,Low,1,17,815,TRUE
INC-202207-MAN-017-01,2022-07-05T23:55:00Z,Manchester,MAN-017,Underground,Signal Failure,Low-Med,2,41,15071,TRUE
INC-202207-EDI-014-01,2022-07-06T07:01:00Z,Edinburgh,EDI-014,Underground,Signal Failure,Low-Med,2,41,8758,TRUE
INC-202207-LON-022-03,2022-07-06T09:08:00Z,London,LON-022,Underground,Signal Failure,Medium,3,107,33826,TRUE
INC-202207-BRI-021-01,2022-07-06T16:15:00Z,bristol,BRI-021,Rail,Signal Failure,Medium,3,109,13505,TRUE
INC-202207-BRI-019-01,2022-07-07T09:05:00Z,Bristol,BRI-019,rail,Rolling Stock,Low,1,500,4077,TRUE
INC-202207-EDI-002-02,2022-07-07T14:54:00Z,Edinburgh,EDI-002,Bus,Vehicle Fault,Low-Med,2,37,2315,FALSE
INC-202207-MAN-004-03,2022-07-07T16:26:00Z,Manchester,MAN-004,Bus,Roadworks,Low,1,7,481,TRUE
INC-202207-BRI-020-01,2022-07-07T22:21:00Z,Bristol,BRI-020,Rail,Signal Failure,Low-Med,2,59,7764,TRUE
INC-202207-MAN-013-02,2022-07-08T12:20:00Z,Manchester,MAN-013,Underground,Passenger Incident,Medium,3,125,29063,TRUE
INC-202207-BRI-014-01,2022-07-08T19:36:00Z,Bristol,BRI-014,Bus,Accident,Low-Med,2,53,2163,TRUE
INC-202207-LON-022-02,2022-07-09T03:10:00Z,London,LON-022,Underground,Passenger Incident,Med-High,4,149,65265,TRUE
INC-202207-LON-008-03,2022-07-10T15:02:00Z,London,LON-008,Bus,Roadworks,Medium,3,72,4590,TRUE
INC-202207-BRI-002-02,2022-07-10T16:30:00Z,Bristol,BRI-002,Bus,Roadworks,Low,1,20,1280,TRUE
INC-202207-MAN-010-01,2022-07-10T17:05:00Z,Manchester,MAN-010,Rail,Signal Failure,Med-High,4,162,25611,TRUE
INC-202207-BRI-012-01,2022-07-10T18:30:00Z,Bristol,BRI-012,BikeShare,Vandalism,Low,1,6,30,TRUE
INC-202207-BRI-004-01,2022-07-10T21:20:00Z,Bristol,BRI-004,Underground,Signal Failure,Medium,3,119,13187,TRUE
INC-202207-LON-005-01,2022-07-11T03:45:00Z,London,LON-005,Rail,Track Fault,Med-High,4,104,18103,TRUE
INC-202207-MAN-011-01,2022-07-11T08:20:00Z,Manchester,MAN-011,Bus,Staff Shortage,Low-Med,2,43,2510,TRUE
INC-202207-MAN-009-02,2022-07-11T08:53:00Z,Manchester,MAN-009,Underground,Signal Failure,Med High,4,148,26638,TRUE
INC-202207-MAN-019-01,2022-07-12T03:16:00Z,Manchester,MAN-019,Underground,Signal Failure,High,5,296,47114,FALSE
INC-202207-BRI-009-01,2022-07-12T19:18:00Z,Bristol,BRI-009,Tram,Vehicle Fault,Low,1,21,935,TRUE
INC-202207-LON-001-01,2022-07-14T13:43:00Z,London,LON-001,Bus,Roadworks,Low-Med,2,50,2529,TRUE
INC-202207-LON-018-01,2022-07-14T16:45:00Z,London,LON-018,Bus,Congestion,Low-Med,2,48,5738,FALSE
INC-202207-BRI-006-03,2022-07-14T23:13:00Z,Bristol,BRI-006,Bus,Vehicle Fault,Low,1,5,316,TRUE
INC-202207-MAN-004-01,2022-07-15T00:45:00Z,Manchester,MAN-004,Bus,Roadworks,Medium,3,93,5214,TRUE
INC-202207-BRI-014-02,2022-07-15T07:55:00Z,Bristol,BRI-014,Bus,Congestion,Low-Med,2,31,2633,TRUE
INC-202207-MAN-019-02,2022-07-15T09:32:00Z,Manchester,MAN-019,Underground,Signal Failure,Med-High,4,170,25290,TRUE
INC-202207-MAN-014-01,2022-07-15T22:00:00Z,Manchester,MAN-014,bikeshare,Vandalism,Low,1,5,75,TRUE
INC-202207-EDI-006-01,2022-07-16T03:21:00Z,Edinburgh,EDI-006,Underground,Signal Failure,Low-Med,2,37,4979,TRUE
INC-202207-BRI-002-03,2022-07-16T07:17:00Z,Bristol,BRI-002,Bus,Staff Shortage,Medium,3,93,6493,TRUE
INC-202207-LON-002-02,2022-07-16T08:10:00Z,London,LON-002,Bus,Roadworks,Medium,3,117,12885,TRUE
INC-202207-EDI-008-02,2022-07-16T09:18:00Z,Edinburgh,EDI-008,Bus,Roadworks,Low,1,5,118,TRUE
INC-202207-MAN-016-01,2022-07-16T15:06:00Z,Manchester,MAN-016,Bus,Vehicle Fault,Low,1,23,1459,TRUE
INC-202207-EDI-008-03,2022-07-16T19:21:00Z,Edinburgh,EDI-008,Bus,Accident,Low,1,19,1024,TRUE
INC-202207-BRI-012-02,2022-07-17T08:03:00Z,Bristol,BRI-012,BikeShare,,Low,1,,34,TRUE
INC-202207-MAN-012-01,2022-07-18T08:30:00Z,Manchester,MAN-012,Rail,Rolling Stock,Low-Med,2,36,2510,TRUE
INC-202207-BRI-007-01,2022-07-19T08:31:00Z,Bristol,BRI-007,Tram,Obstruction,Low,1,22,1076,TRUE
INC-202207-MAN-001-01,2022-07-20T01:57:00Z,Manchester,MAN-001,Bus,Staff Shortage,Low,1,22,2445,TRUE
INC-202207-MAN-006-01,2022-07-20T09:30:00Z,Manchester,MAN-006,Tram,Roadworks,Low-Med,2,33,4223,TRUE
INC-202207-LON-016-03,2022-07-20T11:31:00Z,London,LON-016,Rail,Rolling Stock,Med-High,4,163,27104,TRUE
INC-202207-EDI-003-04,2022-07-21T05:19:00Z,Edinburgh,EDI-003,Bus,Congestion,Low,1,11,585,TRUE
INC-202207-BRI-019-02,2022-07-21T05:41:00Z,Bristol,BRI-019,Rail,Signal Failure,Medium,3,115,16211,TRUE
INC-202207-EDI-017-01,2022-07-21T16:51:00Z,Edinburgh,EDI-017,underground,Power Issue,Med-High,4,98,,TRUE
INC-202207-LON-022-01,2022-07-21T22:58:00Z,London,LON-022,Underground,Power Issue,Med-High,4,176,73692,TRUE
INC-202207-LON-013-01,2022-07-22T06:13:00Z,London,LON-013,Underground,Signal Failure,Medium,3,80,27180,TRUE
INC-202207-BRI-006-04,2022-07-22T15:06:00Z,Bristol,BRI-006,Bus,Staff Shortage,Low,1,13,970,TRUE
INC-202207-LON-021-02,2022-07-22T17:29:00Z,London,LON-021,bus,Roadworks,Low-Med,2,44,3999,TRUE
INC-202207-MAN-001-02,2022-07-22T17:35:00Z,Manchester,MAN-001,Bus,Roadworks,Low,1,22,1345,TRUE
INC-202207-MAN-022-01,2022-07-22T18:13:00Z,Manchester,MAN-022,Rail,Signal Failure,Medium,3,74,8104,TRUE
INC-202207-BRI-017-01,2022-07-22T18:24:00Z,Bristol,BRI-017,Bus,Roadworks,Medium,3,92,6397,TRUE
INC-202207-LON-008-01,2022-07-22T21:19:00Z,london,LON-008,Bus,Congestion,Medium,3,112,10636,TRUE
INC-202207-EDI-013-01,2022-07-23T00:57:00Z,Edinburgh,EDI-013,Rail,Signal Failure,Med-High,4,107,11393,TRUE
INC-202207-LON-019-02,2022-07-23T01:28:00Z,London,LON-019,Bus,Staff Shortage,Low-Med,2,19,644,TRUE
INC-202207-EDI-002-01,2022-07-23T06:20:00Z,Edinburgh,EDI-002,Bus,Roadworks,Low,1,11,1014,FALSE
INC-202207-LON-017-01,2022-07-23T09:20:00Z,London,LON-017,Bus,Congestion,Low-Med,2,30,3997,TRUE
INC-202207-EDI-011-01,2022-07-23T16:53:00Z,Edinburgh,EDI-011,Bus,,Low-Med,2,31,3682,TRUE
INC-202207-BRI-011-01,2022-07-23T18:11:00Z,Bristol,BRI-011,Bus,Roadworks,Low,1,6,245,TRUE
INC-202207-LON-019-03,2022-07-24T02:32:00Z,London,LON-019,Bus,Staff Shortage,Low-Med,2,56,3811,TRUE
INC-202207-LON-014-03,2022-07-24T09:38:00Z,LDN,LON-014,Bus,Vehicle Fault,Medium,3,93,4475,TRUE
INC-202207-LON-021-01,2022-07-24T17:59:00Z,London,LON-021,Bus,Vehicle Fault,Med-High,4,92,5150,TRUE
INC-202207-LON-021-01,2022-07-24T17:59:00Z,London,LON-021,Bus,Vehicle Fault,Med-High,4,92,5150,TRUE
INC-202207-LON-003-02,2022-07-24T19:55:00Z,London,LON-003,Bus,Vehicle Fault,Medium,3,56,2216,FALSE
INC-202207-MAN-008-01,2022-07-25T08:12:00Z,Manchester,MAN-008,Bus,Congestion,Low,1,19,1344,TRUE
INC-202207-BRI-005-01,2022-07-25T09:09:00Z,Bristol,BRI-005,Bus,Staff Shortage,Low,1,5,334,TRUE
INC-202207-LON-016-04,2022-07-25T17:04:00Z,london,LON-016,Rail,Rolling Stock,High,5,167,20407,TRUE
INC-202207-LON-003-01,2022-07-26T00:17:00Z,London,LON-003,Bus,Congestion,Low-Med,2,33,2596,TRUE
INC-202207-LON-017-02,2022-07-26T02:38:00Z,London,LON-017,Bus,Congestion,Medium,3,106,10982,TRUE
INC-202207-EDI-022-01,2022-07-26T06:41:00Z,Edinburgh,EDI-022,BikeShare,Dock Empty,Low,1,7,54,TRUE
INC-202207-EDI-003-01,2022-07-26T07:58:00Z,Edinburgh,EDI-003,Bus,Congestion,Low,1,14,1119,TRUE
INC-202207-MAN-020-01,2022-07-26T16:48:00Z,Manchester,MAN-020,Bus,Vehicle Fault,Medium,3,79,8348,TRUE
INC-202207-BRI-001-01,2022-07-27T00:19:00Z,Bristol,BRI-001,Bus,Roadworks,Med-High,4,142,6258,TRUE
INC-202207-BRI-006-02,2022-07-27T06:15:00Z,Bristol,BRI-006,Bus,Accident,Medium,3,55,6681,TRUE
INC-202207-LON-013-02,2022-07-27T17:27:00Z,London,LON-013,Underground,Power Issue,High,5,252,50235,TRUE
INC-202207-MAN-009-01,2022-07-27T18:54:00Z,Manchester,MAN-009,Underground,Power Issue,Med-High,4,97,19325,TRUE
INC-202503-MAN-013-01,2022-07-28T06:49:00Z,Edinburgh,EDI-008,Bus,Congestion,Low-Med,2,49,1791,FALSE
INC-202207-EDI-019-02,2022-07-28T14:15:00Z,Edinburgh,EDI-019,Tram,Power Issue,Low-Med,2,42,2213,TRUE
INC-202207-BRI-018-01,2022-07-28T17:08:00Z,Bristol,BRI-018,Bus,Congestion,Low,1,11,375,TRUE
INC-202207-BRI-009-02,2022-07-28T21:01:00Z,Bristol,BRI-009,Tram,Vehicle Fault,Low,1,11,97,TRUE
INC-202207-EDI-005-02,2022-07-29T06:48:00Z,Edinburgh,EDI-005,Underground,Power Issue,Medium,3,129,35941,TRUE
INC-202207-BRI-002-01,2022-07-29T07:31:00Z,Bristol,BRI-002,Bus,Vehicle Fault,Low-Med,2,32,2827,TRUE
INC-202207-LON-014-02,2022-07-29T07:33:00Z,london,LON-014,Bus,Vehicle Fault,Med-High,4,172,18099,TRUE
INC-202207-EDI-017-02,2022-07-29T09:20:00Z,Edinburgh,EDI-017,Underground,Passenger Incident,Medium,3,111,27365,TRUE
INC-202207-LON-008-04,2022-07-30T09:07:00Z,London,LON-008,Bus,Congestion,Low,1,14,3149,TRUE
INC-202207-LON-014-01,2022-07-30T15:20:00Z,London,LON-014,Bus,Roadworks,Low Med,2,40,3354,TRUE
INC-202207-LON-002-01,2022-07-31T05:34:00Z,London,LON-002,Bus,Roadworks,Low-Med,2,35,3324,TRUE
INC-202207-BRI-020-03,2022-07-31T07:22:00Z,Bristol,BRI-020,Rail,Rolling Stock,Medium,3,67,12253,TRUE
INC-202207-EDI-019-01,2022-07-31T12:16:00Z,Edinburgh,EDI-019,Tram,Vehicle Fault,Low-Med,2,33,1744,TRUE
INC-202207-EDI-019-01,2022-07-31T12:21:00Z,Edinburgh,EDI-019,Tram,Vehicle Fault,Low-Med,2,33,1744,TRUE
INC-202207-LON-020-01,2022-07-31T13:01:00Z,London,LON-020,Bus,Congestion,Medium,3,81,6788,TRUE
INC-202207-BRI-015-01,2022-07-31T17:02:00Z,Bristol,BRI-015,BikeShare,Dock Empty,Low,1,10,80,TRUE
INC-202207-MAN-013-01,2022-07-31T18:05:00Z,Manchester,MAN-013,Underground,Station Closure,High,5,259,79384,TRUE
INC-202207-EDI-013-02,2022-07-31T18:27:00Z,Edinburgh,EDI-013,Rail,Rolling Stock,Med-High,4,123,10570,TRUE
INC-202207-EDI-003-02,2022-07-31T18:49:00Z,Edinburgh,EDI-003,Bus,Congestion,Medium,3,86,3024,TRUE
INC-202208-EDI-005-01,2022-08-01T06:06:00Z,Edinburgh,EDI-005,Underground,Signal Failure,Medium,3,87,14527,TRUE
INC-202208-MAN-004-02,2022-08-01T06:12:00Z,Manchester,MAN-004,Bus,Roadworks,Medium,3,92,10283,TRUE
INC-202208-MAN-008-02,2022-08-01T09:20:00Z,Manchester,MAN-008,Bus,Roadworks,Med-High,4,166,8526,TRUE
INC-202208-LON-014-01,2022-08-01T10:51:00Z,London,LON-014,Bus,Congestion,Medium,3,,2515,FALSE
INC-202208-MAN-019-02,2022-08-01T13:51:00Z,Manchester,MAN-019,Underground,Power Issue,Medium,3,125,25244,TRUE
INC-202208-EDI-015-02,2022-08-01T22:59:00Z,Edinburgh,EDI-015,Bus,Roadworks,Low-Med,2,34,2228,TRUE
INC-202208-EDI-011-01,2022-08-02T07:30:00Z,Edinburgh,EDI-011,Bus,Vehicle Fault,Medium,3,62,2188,TRUE
INC-202208-LON-013-03,2022-08-02T08:13:00Z,London,LON-013,Underground,Passenger Incident,Med-High,4,210,40132,TRUE
INC-202208-MAN-009-01,2022-08-02T16:58:00Z,Manchester,MAN-009,Underground,Signal Failure,Medium,3,75,28839,TRUE
INC-202208-MAN-008-01,2022-08-02T22:52:00Z,Manchester,MAN-008,Bus,Accident,Low,1,5,572,TRUE
INC-202208-LON-013-02,2022-08-03T06:26:00Z,London,LON-013,Underground,Signal Failure,Med-High,4,197,39616,TRUE
INC-202208-EDI-013-01,2022-08-03T10:48:00Z,Edinburgh,EDI-013,Rail,Rolling Stock,Medium,3,64,5168,FALSE
INC-202208-EDI-009-01,2022-08-03T17:10:00Z,Edinburgh,EDI-009,Bus,Vehicle Fault,Low,1,26,1307,TRUE
INC-202208-EDI-013-02,2022-08-04T05:33:00Z,Edinburgh,EDI-013,Rail,,Medium,3,114,12915,TRUE
INC-202208-EDI-010-01,2022-08-04T06:16:00Z,Edinburgh,EDI-010,Bus,Vehicle Fault,Medium,3,97,12356,TRUE
INC-202208-EDI-018-02,2022-08-04T15:32:00Z,Edinburgh,EDI-018,Rail,Signal Failure,Low-Med,2,50,5531,TRUE
INC-202208-LON-003-02,2022-08-04T22:57:00Z,London,LON-003,Bus,Roadworks,Low,1,17,2364,TRUE
INC-202208-MAN-008-03,2022-08-05T00:08:00Z,Manchester,MAN-008,Bus,Congestion,Low-Med,2,42,4709,TRUE
INC-202208-BRI-014-01,2022-08-05T10:19:00Z,Bristol,BRI-014,Bus,Congestion,Low-Med,2,36,2674,TRUE
INC-202208-LON-013-01,2022-08-05T15:41:00Z,London,LON-013,Underground,Signal Failure,Med-High,4,121,50052,TRUE
INC-202208-MAN-013-03,2022-08-05T16:41:00Z,Manchester,MAN-013,Underground,Station Closure,Med-High,4,145,42031,TRUE
INC-202208-LON-015-01,2022-08-05T21:22:00Z,London,LON-015,Rail,Rolling Stock,Medium,3,116,18881,TRUE
INC-202208-LON-011-01,2022-08-06T04:18:00Z,London,LON-011,Tram,Power Issue,Medium,3,123,5713,TRUE
INC-202208-MAN-016-01,2022-08-06T16:23:00Z,Manchester,MAN-016,Bus,Roadworks,Low-Med,2,34,3575,TRUE
INC-202208-BRI-018-01,2022-08-06T17:32:00Z,Bristol,BRI-018,Bus,Congestion,Low-Med,2,52,2597,TRUE
INC-202208-EDI-018-03,2022-08-07T02:39:00Z,Edinburgh,EDI-018,Rail,Rolling Stock,Medium,3,69,7670,TRUE
INC-202208-LON-014-02,2022-08-07T15:59:00Z,London,LON-014,Bus,Congestion,Medium,3,57,5685,TRUE
INC-202208-EDI-002-01,2022-08-07T17:45:00Z,EDI,EDI-002,Bus,Roadworks,Med-High,4,127,7137,TRUE
INC-202208-EDI-005-03,2022-08-07T19:58:00Z,EDI,EDI-005,Underground,Power Issue,Med-High,4,134,18939,TRUE
INC-202208-BRI-011-02,2022-08-08T00:40:00Z,Bristol,BRI-011,Bus,Staff Shortage,Low,1,17,579,TRUE
INC-202208-LON-006-01,2022-08-08T07:09:00Z,London,LON-006,BikeShare,Dock Empty,Low,1,10,93,TRUE
INC-202208-MAN-001-02,2022-08-08T08:35:00Z,Manchester,MAN-001,Bus,Congestion,Medium,3,58,1988,TRUE
INC-202208-BRI-011-01,2022-08-08T09:06:00Z,Bristol,BRI-011,Bus,Congestion,Low,1,21,552,TRUE
INC-202208-BRI-016-01,2022-08-08T10:03:00Z,Bristol,BRI-016,Rail,Rolling Stock,Low-Med,2,45,6067,TRUE
INC-202208-BRI-005-02,2022-08-08T10:18:00Z,Bristol,BRI-005,Bus,Congestion,Med-High,4,101,11891,TRUE
INC-202208-BRI-021-02,2022-08-09T03:16:00Z,Bristol,BRI-021,rail,Rolling Stock,Low,1,29,3216,TRUE
INC-202208-LON-019-02,2022-08-09T07:06:00Z,London,LON-019,Bus,Accident,Med-High,4,193,13282,TRUE
INC-202208-BRI-013-01,2022-08-09T13:25:00Z,Bristol,BRI-013,Bus,Vehicle Fault,Low-Med,2,67,2726,FALSE
INC-202208-BRI-013-02,2022-08-09T15:59:00Z,Bristol,BRI-013,Bus,Congestion,Medium,3,63,3899,TRUE
INC-202208-BRI-001-01,2022-08-09T17:43:00Z,Bristol,BRI-001,Bus,Congestion,Low-Med,2,23,3456,TRUE
INC-202208-LON-010-03,2022-08-11T06:42:00Z,London,LON-010,BikeShare,Dock Full,Low,1,12,125,TRUE
INC-202208-MAN-020-02,2022-08-11T07:30:00Z,Manchester,MAN-020,Bus,Vehicle Fault,Low-Med,2,40,3651,TRUE
INC-202208-EDI-017-02,2022-08-12T15:20:00Z,Edinburgh,EDI-017,Underground,Signal Failure,Low-Med,2,32,7898,TRUE
INC-202208-MAN-001-01,2022-08-12T16:04:00Z,Manchester,MAN-001,Bus,Roadworks,Low-Med,2,,1035,TRUE
INC-202208-LON-002-01,2022-08-12T17:32:00Z,London,LON-002,Bus,Accident,Medium,3,84,4881,TRUE
INC-202208-EDI-015-01,2022-08-13T01:07:00Z,Edinburgh,EDI-015,Bus,Congestion,Medium,3,98,6720,TRUE
INC-202208-MAN-020-04,2022-08-13T19:27:00Z,Manchester,MAN-020,Bus,Roadworks,Medium,3,79,4721,TRUE
INC-202208-LON-012-01,2022-08-14T09:31:00Z,London,LON-012,Bus,Staff Shortage,Low-Med,2,,7756,TRUE
INC-202208-EDI-017-01,2022-08-14T09:54:00Z,Edinburgh,EDI-017,underground,Signal Failure,Low,1,25,4223,TRUE
INC-202208-LON-015-02,2022-08-14T21:03:00Z,London,LON-015,Rail,Signal Failure,Medium,3,120,17898,TRUE
INC-202208-LON-003-01,2022-08-14T22:55:00Z,London,LON-003,Bus,Roadworks,Low,1,10,547,TRUE
INC-202208-MAN-004-03,2022-08-15T09:53:00Z,Manchester,MAN-004,Bus,Staff Shortage,Med-High,4,218,31368,TRUE
INC-202208-MAN-019-01,2022-08-15T16:30:00Z,Manchester,MAN-019,Underground,Signal Failure,Med-High,4,203,47596,TRUE
INC-202208-LON-007-01,2022-08-15T17:10:00Z,London,LON-007,Tram,Power Issue,Medium,3,115,10256,TRUE
INC-202208-MAN-015-02,2022-08-16T02:03:00Z,Manchester,MAN-015,Bus,Vehicle Fault,Low,1,27,877,TRUE
INC-202208-LON-022-01,2022-08-16T02:22:00Z,London,LON-022,Underground,Signal Failure,High,5,161,72826,TRUE
INC-202208-BRI-005-01,2022-08-16T19:43:00Z,Bristol,BRI-005,Bus,Roadworks,Low-Med,2,34,2975,TRUE
INC-202208-LON-016-02,2022-08-17T16:40:00Z,London,LON-016,Rail,Signal Failure,Med-High,4,134,19850,TRUE
INC-202208-LON-021-01,2022-08-18T04:17:00Z,London,LON-021,Bus,Accident,Medium,3,77,5345,TRUE
INC-202208-BRI-014-02,2022-08-18T04:42:00Z,Bristol,BRI-014,Bus,Roadworks,Med-High,4,105,4068,TRUE
INC-202208-LON-010-01,2022-08-18T17:17:00Z,London,LON-010,BikeShare,App Outage,Low,1,10,99,TRUE
INC-202208-MAN-015-01,2022-08-19T01:56:00Z,Manchester,MAN-015,Bus,Staff Shortage,Low-Med,2,45,4162,TRUE
INC-202203-LON-014-03,2022-08-19T01:57:00Z,Bristol,BRI-006,Bus,Congestion,Low-Med,2,47,3087,TRUE
INC-202208-MAN-013-01,2022-08-19T07:25:00Z,Manchester,MAN-013,Underground,Signal Failure,Medium,3,61,15618,TRUE
INC-202208-EDI-004-01,2022-08-19T09:16:00Z,Edinburgh,EDI-004,Bus,Staff Shortage,Low-Med,2,54,3126,FALSE
INC-202208-LON-016-03,2022-08-19T18:48:00Z,London,LON-016,Rail,Track Fault,LOW,1,19,,TRUE
INC-202208-LON-010-02,2022-08-19T22:00:00Z,London,LON-010,BikeShare,Dock Empty,Low,1,11,142,TRUE
INC-202208-MAN-022-02,2022-08-20T06:51:00Z,Manchester,MAN-022,Rail,Track Fault,Medium,3,84,9332,TRUE
INC-202208-BRI-019-02,2022-08-20T15:43:00Z,Bristol,BRI-019,Rail,Rolling Stock,Med-High,4,198,22406,TRUE
INC-202208-LON-018-01,2022-08-20T17:13:00Z,London,LON-018,Bus,Vehicle Fault,Low,1,17,1743,FALSE
INC-202208-MAN-015-03,2022-08-21T07:44:00Z,Manchester,MAN-015,Bus,Roadworks,Low-Med,2,63,5688,TRUE
INC-202208-LON-019-01,2022-08-21T15:30:00Z,London,LON-019,Bus,Accident,Med-High,4,194,30581,TRUE
INC-202208-BRI-019-01,2022-08-22T16:27:00Z,Bristol,BRI-019,Rail,Rolling Stock,High,5,253,52648,TRUE
INC-202208-MAN-012-02,2022-08-23T11:07:00Z,Manchester,MAN-012,Rail,Signal Failure,Medium,3,109,,TRUE
INC-202208-EDI-011-02,2022-08-23T11:18:00Z,Edinburgh,EDI-011,Bus,Congestion,Low-Med,2,64,5765,TRUE
INC-202208-LON-016-01,2022-08-23T20:38:00Z,London,LON-016,Rail,Weather,High,5,148,31625,TRUE
INC-202208-EDI-008-01,2022-08-23T20:47:00Z,Edinburgh,EDI-008,Bus,Accident,Med-High,4,105,6691,FALSE
INC-202208-MAN-020-06,2022-08-24T07:03:00Z,Manchester,MAN-020,Bus,Congestion,Med-High,4,109,8386,TRUE
INC-202208-EDI-018-01,2022-08-24T13:42:00Z,Edinburgh,EDI-018,rail,Rolling Stock,Med-High,4,172,26669,TRUE
INC-202208-LON-017-01,2022-08-24T19:39:00Z,London,LON-017,Bus,Congestion,Medium,3,79,5499,TRUE
INC-202208-BRI-005-03,2022-08-25T15:19:00Z,Bristol,BRI-005,Bus,Congestion,Medium,3,65,5027,TRUE
INC-202208-BRI-005-04,2022-08-25T16:03:00Z,Bristol,BRI-005,Bus,Congestion,Low-Med,2,33,1602,TRUE
INC-202208-MAN-020-05,2022-08-25T22:50:00Z,Manchester,MAN-020,Bus,Staff Shortage,Medium,3,63,6749,TRUE
INC-202208-LON-017-02,2022-08-26T01:31:00Z,London,LON-017,Bus,Congestion,Low-Med,2,42,7382,FALSE
INC-202208-MAN-013-02,2022-08-26T08:10:00Z,Manchester,MAN-013,Underground,Power Issue,High,5,311,80732,TRUE
INC-202208-MAN-020-01,2022-08-27T01:07:00Z,Manchester,MAN-020,Bus,Staff Shortage,Low-Med,2,38,4295,TRUE
INC-202208-BRI-021-01,2022-08-27T16:49:00Z,Bristol,BRI-021,Rail,Track Fault,Medium,3,101,12456,FALSE
INC-202208-EDI-005-02,2022-08-27T18:29:00Z,Edinburgh,EDI-005,Underground,Passenger Incident,High,5,312,37051,TRUE
INC-202208-LON-020-01,2022-08-28T18:12:00Z,London,LON-020,Bus,Congestion,Med-High,4,112,6219,TRUE
INC-202208-MAN-020-03,2022-08-28T23:03:00Z,Manchester,MAN-020,Bus,Congestion,Medium,3,67,8193,TRUE
INC-202208-MAN-011-01,2022-08-29T03:02:00Z,Manchester,MAN-011,Bus,Roadworks,Low-Med,2,60,4427,TRUE
INC-202208-BRI-020-01,2022-08-29T04:37:00Z,Bristol,BRI-020,Rail,Rolling Stock,High,5,166,41596,TRUE
INC-202208-LON-008-01,2022-08-29T06:18:00Z,London,LON-008,Bus,Congestion,Low-Med,2,26,3622,TRUE
INC-202208-BRI-016-02,2022-08-29T17:59:00Z,Bristol,BRI-016,Rail,Rolling Stock,Low-Med,2,56,8998,TRUE
INC-202208-BRI-022-01,2022-08-30T09:55:00Z,Bristol,BRI-022,Underground,Signal Failure,Med-High,4,176,25854,TRUE
INC-202208-MAN-004-01,2022-08-30T16:28:00Z,Manchester,MAN-004,Bus,Roadworks,Low,1,19,1999,TRUE
INC-202208-BRI-013-03,2022-08-31T02:02:00Z,Bristol,BRI-013,Bus,Congestion,Low,1,13,534,TRUE
INC-202208-BRI-003-01,2022-08-31T08:09:00Z,Bristol,BRI-003,Rail,Signal Failure,High,5,192,24222,TRUE
INC-202208-MAN-012-01,2022-08-31T13:31:00Z,Manchester,MAN-012,Rail,Signal Failure,High,5,157,32968,TRUE
INC-202208-MAN-010-01,2022-08-31T14:33:00Z,Manchester,MAN-010,Rail,,Medium,3,119,14982,TRUE
INC-202208-MAN-022-01,2022-08-31T17:56:00Z,Manchester,MAN-022,rail,Rolling Stock,Med-High,4,95,14190,TRUE
INC-202208-MAN-002-01,2022-08-31T19:17:00Z,Manchester,MAN-002,Tram,Power Issue,Low-Med,2,31,1407,TRUE
INC-202208-LON-009-01,2022-08-31T19:53:00Z,London,LON-009,Rail,Signal Failure,High,5,293,63246,TRUE
INC-202209-EDI-017-02,2022-09-01T00:32:00Z,Edinburgh,EDI-017,Underground,Signal Failure,Medium,3,109,39598,TRUE
INC-202209-BRI-021-02,2022-09-02T05:02:00Z,Bristol,BRI-021,Rail,Signal Failure,Medium,3,114,11230,TRUE
INC-202209-BRI-021-04,2022-09-03T07:11:00Z,Bristol,BRI-021,Rail,Signal Failure,Low,1,31,2869,FALSE
INC-202209-LON-016-04,2022-09-03T16:29:00Z,london,LON-016,Rail,Signal Failure,Med-High,4,197,44726,TRUE
INC-202209-EDI-017-01,2022-09-03T17:02:00Z,Edinburgh,EDI-017,Underground,Power Issue,Medium,3,97,20102,TRUE
INC-202209-MAN-019-01,2022-09-03T18:31:00Z,Manchester,MAN-019,Underground,Station Closure,Med-High,4,122,26237,TRUE
INC-202209-BRI-013-02,2022-09-04T17:42:00Z,Bristol,BRI-013,Bus,Congestion,Low-Med,2,38,2436,TRUE
INC-202209-MAN-022-01,2022-09-06T01:28:00Z,Manchester,MAN-022,Rail,Signal Failure,Medium,3,74,17914,TRUE
INC-202209-LON-016-03,2022-09-06T09:40:00Z,London,LON-016,Rail,Signal Failure,High,5,257,25438,TRUE
INC-202209-EDI-011-01,2022-09-06T12:10:00Z,Edinburgh,EDI-011,Bus,Roadworks,Low,1,10,227,TRUE
INC-202209-LON-014-01,2022-09-06T14:36:00Z,london,LON-014,Bus,Accident,Low,1,6,433,TRUE
INC-202209-MAN-004-02,2022-09-07T12:21:00Z,Manchester,MAN-004,Bus,Vehicle Fault,Medium,3,104,5374,TRUE
INC-202209-LON-002-03,2022-09-07T12:28:00Z,London,LON-002,Bus,Congestion,Med-High,4,166,9167,TRUE
INC-202209-BRI-003-02,2022-09-08T09:16:00Z,Bristol,BRI-003,Rail,Signal Failure,Medium,3,68,8974,TRUE
INC-202209-MAN-001-02,2022-09-08T11:23:00Z,Manchester,MAN-001,Bus,Congestion,Low-Med,2,52,4084,TRUE
INC-202209-LON-015-01,2022-09-09T01:58:00Z,London,LON-015,Rail,Signal Failure,Med-High,4,135,22406,TRUE
INC-202209-EDI-019-01,2022-09-09T04:33:00Z,Edinburgh,EDI-019,tram,Roadworks,Low,1,18,266,TRUE
INC-202209-EDI-005-03,2022-09-09T07:17:00Z,Edinburgh,EDI-005,Underground,Signal Failure,High,5,198,67144,TRUE
INC-202209-MAN-017-03,2022-09-09T15:32:00Z,Manchester,MAN-017,Underground,Passenger Incident,Low-Med,2,,7263,TRUE
INC-202209-LON-017-01,2022-09-09T17:01:00Z,London,LON-017,Bus,Vehicle Fault,Medium,3,102,12229,TRUE
INC-202209-BRI-001-02,2022-09-10T07:35:00Z,Bristol,BRI-001,Bus,Congestion,Low,1,16,1161,TRUE
INC-202209-MAN-013-01,2022-09-10T08:03:00Z,Manchester,MAN-013,Underground,Passenger Incident,Low-Med,2,35,9950,TRUE
INC-202209-MAN-017-02,2022-09-10T18:32:00Z,Manchester,MAN-017,Underground,Power Issue,Medium,3,95,32640,TRUE
INC-202209-EDI-008-01,2022-09-11T15:52:00Z,Edinburgh,EDI-008,Bus,Staff Shortage,Low,1,19,1418,TRUE
INC-202209-MAN-019-02,2022-09-11T17:29:00Z,Manchester,MAN-019,Underground,Signal Failure,Med-High,4,163,149157,TRUE
INC-202209-LON-008-01,2022-09-11T17:45:00Z,London,LON-008,Bus,Roadworks,Low,1,11,1127,TRUE
INC-202209-LON-022-02,2022-09-11T21:23:00Z,London,LON-022,underground,Power Issue,Medium,3,78,24365,TRUE
INC-202209-LON-005-01,2022-09-12T11:46:00Z,London,LON-005,Rail,Signal Failure,Med-High,4,142,24526,TRUE
INC-202209-MAN-004-01,2022-09-12T12:20:00Z,Manchester,MAN-004,Bus,Vehicle Fault,Low,1,13,617,TRUE
INC-202209-BRI-009-01,2022-09-12T17:30:00Z,Bristol,BRI-009,Tram,Obstruction,Low,1,5,165,TRUE
INC-202209-MAN-015-01,2022-09-14T08:19:00Z,Manchester,MAN-015,Bus,Vehicle Fault,Low,1,15,1051,TRUE
INC-202209-LON-021-04,2022-09-14T16:35:00Z,London,LON-021,Bus,,Medium,3,71,7227,TRUE
INC-202209-MAN-017-01,2022-09-14T17:59:00Z,Manchester,MAN-017,Underground,Power Issue,Low-Med,2,58,20039,TRUE
INC-202209-EDI-017-04,2022-09-14T18:01:00Z,Edinburgh,EDI-017,Underground,Station Closure,Medium,3,116,27254,TRUE
INC-202209-EDI-002-01,2022-09-14T19:18:00Z,Edinburgh,EDI-002,Bus,Congestion,Low,1,10,514,TRUE
INC-202209-LON-010-02,2022-09-14T20:41:00Z,London,LON-010,BikeShare,Dock Empty,Low,1,9,195,TRUE
INC-202209-EDI-020-01,2022-09-14T22:15:00Z,Edinburgh,EDI-020,Rail,Weather,Low,1,320,6177,TRUE
INC-202209-BRI-001-01,2022-09-15T00:51:00Z,Bristol,BRI-001,Bus,Roadworks,Low,1,19,1251,FALSE
INC-202209-EDI-006-01,2022-09-15T01:13:00Z,Edinburgh,EDI-006,Underground,Passenger Incident,High,5,157,34904,TRUE
INC-202209-BRI-006-01,2022-09-15T07:20:00Z,Bristol,BRI-006,Bus,Vehicle Fault,Low,1,5,470,TRUE
INC-202209-EDI-010-01,2022-09-16T17:08:00Z,Edinburgh,EDI-010,Bus,Congestion,Low,1,25,1615,TRUE
INC-202209-EDI-019-02,2022-09-16T19:09:00Z,Edinburgh,EDI-019,Tram,Vehicle Fault,Low,1,24,375,TRUE
INC-202209-MAN-016-02,2022-09-17T12:31:00Z,Manchester,MAN-016,Bus,Roadworks,Low-Med,2,57,4198,TRUE
INC-202209-MAN-006-01,2022-09-17T19:30:00Z,Manchester,MAN-006,Tram,Vehicle Fault,Medium,3,61,2005,TRUE
INC-202209-LON-021-01,2022-09-17T22:08:00Z,London,LON-021,Bus,Congestion,Medium,3,59,4180,TRUE
INC-202209-MAN-001-01,2022-09-18T05:14:00Z,Manchester,MAN-001,Bus,Roadworks,Low,1,480,1038,TRUE
INC-202209-EDI-008-02,2022-09-18T06:50:00Z,Edinburgh,EDI-008,Bus,Staff Shortage,Low,1,28,1988,TRUE
INC-202209-LON-016-02,2022-09-18T07:34:00Z,London,LON-016,Rail,Track Fault,Med-High,4,209,62239,TRUE
INC-202209-MAN-008-01,2022-09-18T08:44:00Z,Manchester,MAN-008,Bus,Roadworks,Low-Med,2,34,1269,TRUE
INC-202209-BRI-016-01,2022-09-18T17:12:00Z,Bristol,BRI-016,Rail,Rolling Stock,Medium,3,74,9032,TRUE
INC-202210-EDI-003-01,2022-09-18T21:10:00Z,Edinburgh,EDI-005,Underground,Signal Failure,High,5,267,82138,TRUE
INC-202209-EDI-020-02,2022-09-20T04:25:00Z,Edinburgh,EDI-020,Rail,Signal Failure,High,5,258,26463,TRUE
INC-202209-LON-006-01,2022-09-20T10:09:00Z,London,LON-006,BikeShare,Dock Empty,Low,1,6,45,TRUE
INC-202209-EDI-021-01,2022-09-20T10:17:00Z,Edinburgh,EDI-021,Tram,Roadworks,Low,1,29,722,TRUE
INC-202209-BRI-021-01,2022-09-20T11:36:00Z,Bristol,BRI-021,Rail,Signal Failure,Low,1,23,3271,TRUE
INC-202209-EDI-017-03,2022-09-21T01:34:00Z,Edinburgh,EDI-017,Underground,Passenger Incident,High,5,314,91072,TRUE
INC-202209-LON-007-01,2022-09-21T01:53:00Z,London,LON-007,Tram,Vehicle Fault,Low-Med,2,43,2277,TRUE
INC-202209-LON-021-02,2022-09-21T12:26:00Z,London,LON-021,Bus,Staff Shortage,Medium,3,,3313,TRUE
INC-202209-MAN-016-01,2022-09-22T04:57:00Z,Manchester,MAN-016,Bus,Congestion,Medium,3,122,7587,FALSE
INC-202209-LON-012-02,2022-09-22T06:00:00Z,london,LON-012,Bus,Roadworks,Medium,3,113,14488,TRUE
INC-202209-LON-016-01,2022-09-22T13:14:00Z,London,LON-016,Rail,Rolling Stock,High,5,224,47832,FALSE
INC-202209-BRI-008-01,2022-09-22T13:42:00Z,Bristol,BRI-008,Rail,Signal Failure,Medium,3,80,5602,TRUE
INC-202209-MAN-009-01,2022-09-22T13:48:00Z,Manchester,MAN-009,Underground,Passenger Incident,Low-Med,2,48,9031,TRUE
INC-202209-MAN-009-01,2022-09-22T13:49:00Z,Manchester,MAN-009,Underground,Passenger Incident,Low-Med,2,48,9031,TRUE
INC-202209-MAN-013-03,2022-09-23T08:14:00Z,Manchester,MAN-013,Underground,Passenger Incident,Med-High,4,162,57158,TRUE
INC-202209-LON-001-01,2022-09-23T18:54:00Z,London,LON-001,Bus,Vehicle Fault,Medium,3,93,10284,TRUE
INC-202209-MAN-002-01,2022-09-24T09:15:00Z,Manchester,MAN-002,Tram,Vehicle Fault,Low-Med,2,51,1542,TRUE
INC-202209-LON-010-01,2022-09-24T18:55:00Z,London,LON-010,BikeShare,Bike Fault,Low,1,10,135,TRUE
INC-202209-EDI-004-01,2022-09-25T06:08:00Z,Edinburgh,EDI-004,Bus,Vehicle Fault,Low-Med,2,29,1284,TRUE
INC-202209-LON-002-02,2022-09-25T07:57:00Z,London,LON-002,Bus,Congestion,Medium,3,49,2611,TRUE
INC-202209-LON-017-02,2022-09-25T23:02:00Z,London,LON-017,Bus,Staff Shortage,Low,1,19,1134,TRUE
INC-202209-BRI-021-03,2022-09-26T04:17:00Z,Bristol,BRI-021,Rail,Weather,Medium,3,,14694,TRUE
INC-202209-MAN-022-02,2022-09-26T06:48:00Z,Manchester,MAN-022,Rail,Signal Failure,Med-High,4,107,13524,TRUE
INC-202209-BRI-003-01,2022-09-26T07:16:00Z,Bristol,BRI-003,Rail,Signal Failure,Med-High,4,203,36791,TRUE
INC-202209-BRI-019-01,2022-09-26T17:51:00Z,Bristol,BRI-019,Rail,Rolling Stock,Med-High,4,196,15142,FALSE
INC-202209-LON-022-01,2022-09-26T19:32:00Z,London,LON-022,Underground,Signal Failure,Med-High,4,197,48745,TRUE
INC-202209-LON-002-01,2022-09-27T03:54:00Z,London,LON-002,Bus,Congestion,Medium,3,54,5471,TRUE
INC-202209-LON-019-01,2022-09-27T10:11:00Z,london,LON-019,Bus,Staff Shortage,Medium,3,81,7086,TRUE
INC-202209-LON-021-03,2022-09-28T03:48:00Z,London,LON-021,Bus,Vehicle Fault,Medium,3,106,13760,TRUE
INC-202209-MAN-022-03,2022-09-28T07:34:00Z,Manchester,MAN-022,Rail,Weather,Med-High,4,202,49164,TRUE
INC-202209-MAN-010-01,2022-09-28T16:01:00Z,Manchester,MAN-010,Rail,Rolling Stock,Low-Med,2,57,7890,TRUE
INC-202209-BRI-006-02,2022-09-28T17:16:00Z,Bristol,BRI-006,Bus,Roadworks,Low,1,16,742,TRUE
INC-202209-BRI-020-01,2022-09-29T04:39:00Z,Bristol,BRI-020,Rail,Rolling Stock,Medium,3,118,90744,TRUE
INC-202209-MAN-013-02,2022-09-29T11:14:00Z,Manchester,MAN-013,Underground,Passenger Incident,Med-High,4,164,48264,TRUE
INC-202209-LON-003-01,2022-09-29T16:45:00Z,London,LON-003,Bus,Congestion,Low-Med,2,48,1569,TRUE
INC-202209-LON-012-01,2022-09-30T09:28:00Z,London,LON-012,Bus,Roadworks,Medium,3,118,10239,TRUE
INC-202209-BRI-011-01,2022-09-30T14:10:00Z,Bristol,BRI-011,Bus,Congestion,Low,1,18,978,TRUE
INC-202209-EDI-005-01,2022-09-30T18:08:00Z,Edinburgh,EDI-005,Underground,Power Issue,Medium,3,66,10365,TRUE
INC-202209-BRI-013-01,2022-09-30T19:56:00Z,Bristol,BRI-013,Bus,Vehicle Fault,Low-Med,2,61,4446,TRUE
INC-202210-MAN-009-02,2022-10-01T10:09:00Z,Manchester,MAN-009,Underground,Station Closure,Med-High,4,110,23594,TRUE
INC-202210-MAN-013-01,2022-10-01T19:25:00Z,Manchester,MAN-013,Underground,Power Issue,Medium,3,74,24567,TRUE
INC-202210-BRI-016-01,2022-10-02T06:31:00Z,Bristol,BRI-016,Rail,Weather,Medium,3,81,22594,TRUE
INC-202210-LON-008-01,2022-10-03T04:02:00Z,London,LON-008,Bus,Congestion,Medium,3,115,6849,TRUE
INC-202210-LON-007-01,2022-10-03T06:41:00Z,London,LON-007,Tram,Obstruction,MEDIUM,3,123,9305,TRUE
INC-202210-BRI-014-03,2022-10-03T16:51:00Z,Bristol,BRI-014,Bus,Roadworks,Low,1,15,754,TRUE
INC-202210-BRI-022-01,2022-10-03T22:38:00Z,Bristol,BRI-022,Underground,Signal Failure,Medium,3,124,25823,TRUE
INC-202210-LON-014-02,2022-10-04T07:01:00Z,London,LON-014,Bus,Congestion,Low,1,23,2035,TRUE
INC-202210-LON-004-01,2022-10-04T16:39:00Z,London,LON-004,tram,Vehicle Fault,Low,1,19,602,TRUE
INC-202210-EDI-012-01,2022-10-04T19:16:00Z,Edinburgh,EDI-012,Underground,Power Issue,Medium,3,97,18269,TRUE
INC-202210-LON-016-01,2022-10-04T21:38:00Z,London,LON-016,Rail,Signal Failure,Med-High,4,162,35870,TRUE
INC-202210-BRI-017-01,2022-10-05T02:31:00Z,Bristol,BRI-017,Bus,Vehicle Fault,Medium,3,57,5004,TRUE
INC-202210-BRI-011-01,2022-10-05T06:34:00Z,Bristol,BRI-011,Bus,Vehicle Fault,LOW,1,17,366,TRUE
INC-202210-LON-017-02,2022-10-05T14:03:00Z,London,LON-017,Bus,Congestion,Medium,3,107,16418,TRUE
INC-202210-BRI-017-04,2022-10-05T17:56:00Z,Bristol,BRI-017,bus,Staff Shortage,Low-Med,2,63,6302,TRUE
INC-202311-EDI-006-02,2022-10-06T08:12:00Z,Manchester,MAN-001,Bus,Congestion,Low,1,5,332,TRUE
INC-202210-BRI-017-03,2022-10-06T16:31:00Z,Bristol,BRI-017,Bus,Congestion,Med-High,4,97,24046,TRUE
INC-202210-MAN-009-03,2022-10-07T03:27:00Z,Manchester,MAN-009,Underground,Station Closure,Med-High,4,169,80246,TRUE
INC-202210-MAN-013-03,2022-10-07T07:38:00Z,Manchester,MAN-013,Underground,Passenger Incident,Medium,3,85,20571,TRUE
INC-202210-LON-018-01,2022-10-07T17:11:00Z,London,LON-018,Bus,Accident,Low-Med,2,25,2841,TRUE
INC-202210-LON-014-01,2022-10-07T19:30:00Z,London,LON-014,Bus,Vehicle Fault,Medium,3,61,3193,TRUE
INC-202210-LON-019-01,2022-10-08T08:15:00Z,LDN,LON-019,Bus,Roadworks,Low-Med,2,51,3256,FALSE
INC-202210-MAN-020-01,2022-10-08T08:56:00Z,Manchester,MAN-020,Bus,Vehicle Fault,Low-Med,2,67,3840,TRUE
INC-202210-BRI-005-01,2022-10-08T13:32:00Z,Bristol,BRI-005,Bus,Staff Shortage,Low,1,23,993,FALSE
INC-202210-LON-017-03,2022-10-08T18:28:00Z,London,LON-017,Bus,Vehicle Fault,Med-High,4,90,10663,TRUE
INC-202210-BRI-004-01,2022-10-08T19:46:00Z,Bristol,BRI-004,Underground,Passenger Incident,Med-High,4,204,53136,TRUE
INC-202210-LON-015-01,2022-10-08T20:09:00Z,London,LON-015,Rail,Signal Failure,High,5,329,67263,TRUE
INC-202210-MAN-017-01,2022-10-09T17:16:00Z,Manchester,MAN-017,Underground,Station Closure,Med-High,4,134,43251,TRUE
INC-202210-BRI-014-02,2022-10-10T08:26:00Z,Bristol,BRI-014,Bus,Roadworks,Medium,3,,2509,TRUE
INC-202210-BRI-018-01,2022-10-10T08:34:00Z,Bristol,BRI-018,Bus,Roadworks,Low,1,23,242,TRUE
INC-202210-EDI-001-01,2022-10-10T17:33:00Z,Edinburgh,EDI-001,Underground,Signal Failure,Medium,3,71,17626,TRUE
INC-202210-MAN-007-01,2022-10-11T06:46:00Z,Manchester,MAN-007,Tram,Obstruction,Medium,3,102,1795,TRUE
INC-202210-LON-009-01,2022-10-11T10:15:00Z,London,LON-009,Rail,Rolling Stock,Med-High,4,102,40925,TRUE
INC-202210-BRI-006-03,2022-10-11T13:27:00Z,Bristol,BRI-006,Bus,Vehicle Fault,Low-Med,2,22,2106,TRUE
INC-202210-BRI-011-02,2022-10-11T17:10:00Z,Bristol,BRI-011,Bus,Roadworks,Low,1,31,1551,TRUE
INC-202210-LON-005-02,2022-10-11T17:52:00Z,London,LON-005,Rail,Rolling Stock,Medium,3,59,58025,TRUE
INC-202210-MAN-016-04,2022-10-13T02:15:00Z,Manchester,MAN-016,Bus,Roadworks,Medium,3,88,8753,TRUE
INC-202210-MAN-020-03,2022-10-13T06:13:00Z,Manchester,MAN-020,Bus,Staff Shortage,Low,1,11,406,TRUE
INC-202210-EDI-008-01,2022-10-13T09:28:00Z,Edinburgh,EDI-008,Bus,Congestion,Low-Med,2,19,582,TRUE
INC-202210-MAN-016-02,2022-10-13T16:34:00Z,Manchester,MAN-016,Bus,Staff Shortage,Medium,3,106,5523,TRUE
INC-202210-BRI-002-01,2022-10-13T17:21:00Z,Bristol,BRI-002,Bus,Roadworks,Low,1,5,269,TRUE
INC-202210-BRI-020-01,2022-10-13T21:01:00Z,Bristol,BRI-020,Rail,Rolling Stock,Low-Med,2,55,5206,TRUE
INC-202210-EDI-019-04,2022-10-13T23:59:00Z,Edinburgh,EDI-019,Tram,Power Issue,Low,1,6,280,TRUE
INC-202210-EDI-004-02,2022-10-14T15:55:00Z,Edinburgh,EDI-004,Bus,Roadworks,Low,1,22,2278,TRUE
INC-202210-MAN-013-02,2022-10-15T00:55:00Z,Manchester,MAN-013,Underground,Signal Failure,High,5,309,49749,TRUE
INC-202210-MAN-009-01,2022-10-15T14:22:00Z,Manchester,MAN-009,Underground,Passenger Incident,High,5,137,24112,TRUE
INC-202210-EDI-013-01,2022-10-15T16:19:00Z,Edinburgh,EDI-013,Rail,Rolling Stock,Low-Med,2,460,4088,TRUE
INC-202210-BRI-006-01,2022-10-16T02:34:00Z,bristol,BRI-006,Bus,Roadworks,Medium,3,60,5860,TRUE
INC-202210-EDI-022-01,2022-10-16T05:25:00Z,Edinburgh,EDI-022,BikeShare,Dock Full,Low,1,14,97,TRUE
INC-202210-LON-012-03,2022-10-16T05:43:00Z,London,LON-012,Bus,Congestion,Medium,3,119,6791,TRUE
INC-202210-EDI-003-01,2022-10-16T07:27:00Z,Edinburgh,EDI-003,Bus,Staff Shortage,Low-Med,2,46,1881,TRUE
INC-202210-BRI-016-02,2022-10-16T19:20:00Z,Bristol,BRI-016,Rail,Signal Failure,High,5,217,30907,TRUE
INC-202210-BRI-005-02,2022-10-16T22:55:00Z,Bristol,BRI-005,Bus,Congestion,Low-Med,2,58,3157,TRUE
INC-202210-BRI-017-02,2022-10-17T01:59:00Z,Bristol,BRI-017,Bus,Roadworks,Medium,3,68,5038,TRUE
INC-202210-LON-019-02,2022-10-17T11:22:00Z,London,LON-019,bus,Vehicle Fault,Low-Med,2,24,1358,TRUE
INC-202210-LON-018-02,2022-10-17T18:06:00Z,London,LON-018,Bus,Roadworks,Medium,3,84,8124,TRUE
INC-202210-LON-010-01,2022-10-18T04:28:00Z,London,LON-010,BikeShare,Dock Empty,Low,1,8,112,FALSE
INC-202210-LON-012-02,2022-10-18T17:30:00Z,London,LON-012,Bus,Congestion,MED-HIGH,4,165,11776,TRUE
INC-202210-LON-022-04,2022-10-19T03:21:00Z,London,LON-022,Underground,Signal Failure,Med-High,4,203,87102,TRUE
INC-202210-EDI-019-01,2022-10-19T08:10:00Z,Edinburgh,EDI-019,Tram,Roadworks,Low-Med,2,33,1263,TRUE
INC-202210-LON-022-02,2022-10-19T08:20:00Z,London,LON-022,Underground,Signal Failure,Medium,3,115,589480,TRUE
INC-202210-LON-022-01,2022-10-19T09:44:00Z,London,LON-022,Underground,Station Closure,High,5,252,104002,TRUE
INC-202210-BRI-015-01,2022-10-20T09:17:00Z,Bristol,BRI-015,BikeShare,Vandalism,Low,1,15,229,TRUE
INC-202210-MAN-020-02,2022-10-20T20:33:00Z,Manchester,MAN-020,Bus,Roadworks,Low,1,18,996,FALSE
INC-202210-LON-012-01,2022-10-21T01:28:00Z,London,LON-012,Bus,Roadworks,Med-High,4,99,11890,TRUE
INC-202210-EDI-006-02,2022-10-21T16:39:00Z,Edinburgh,EDI-006,Underground,Signal Failure,Medium,3,81,10403,TRUE
INC-202210-LON-005-03,2022-10-21T17:49:00Z,London,LON-005,Rail,Track Fault,High,5,157,31017,TRUE
INC-202210-LON-020-01,2022-10-22T08:24:00Z,London,LON-020,Bus,Roadworks,Medium,3,115,7107,TRUE
INC-202210-MAN-016-01,2022-10-22T08:34:00Z,Manchester,MAN-016,Bus,Congestion,Low-Med,2,58,4384,TRUE
INC-202210-LON-003-01,2022-10-22T17:40:00Z,London,LON-003,Bus,Staff Shortage,Low-Med,2,38,2690,TRUE
INC-202210-MAN-006-01,2022-10-23T03:16:00Z,Manchester,MAN-006,Tram,Vehicle Fault,Low,1,14,427,TRUE
INC-202210-MAN-011-01,2022-10-23T18:44:00Z,Manchester,MAN-011,Bus,Congestion,Low,1,10,743,TRUE
INC-202210-LON-022-03,2022-10-23T19:22:00Z,London,LON-022,Underground,Signal Failure,Med-High,4,160,42428,TRUE
INC-202210-BRI-017-05,2022-10-24T06:01:00Z,Bristol,BRI-017,Bus,Staff Shortage,Medium,3,98,8724,TRUE
INC-202210-EDI-018-01,2022-10-24T06:17:00Z,Edinburgh,EDI-018,Rail,Track Fault,Med-High,4,103,17161,TRUE
INC-202210-EDI-006-01,2022-10-24T07:41:00Z,Edinburgh,EDI-006,Underground,Power Issue,Low-Med,2,28,8255,TRUE
INC-202210-LON-015-02,2022-10-24T08:49:00Z,London,LON-015,Rail,Rolling Stock,Med-High,4,211,37949,TRUE
INC-202210-MAN-010-01,2022-10-25T00:31:00Z,Manchester,MAN-010,Rail,Weather,Med-High,4,206,16237,TRUE
INC-202210-BRI-020-03,2022-10-25T02:37:00Z,Bristol,BRI-020,Rail,Signal Failure,Med-High,4,198,20220,TRUE
INC-202210-BRI-020-02,2022-10-25T08:20:00Z,Bristol,BRI-020,Rail,Track Fault,Medium,3,97,23760,FALSE
INC-202210-MAN-016-03,2022-10-25T13:13:00Z,Manchester,MAN-016,Bus,Staff Shortage,Medium,3,115,8326,TRUE
INC-202210-MAN-022-01,2022-10-26T06:17:00Z,Manchester,MAN-022,Rail,Rolling Stock,Med-High,4,199,33675,TRUE
INC-202210-EDI-019-02,2022-10-26T10:22:00Z,Edinburgh,EDI-019,Tram,Roadworks,Low Med,2,,1597,TRUE
INC-202210-EDI-002-01,2022-10-26T15:56:00Z,Edinburgh,EDI-002,bus,Vehicle Fault,Low-Med,2,29,,TRUE
INC-202210-BRI-014-01,2022-10-26T20:35:00Z,Bristol,BRI-014,Bus,Vehicle Fault,Low,1,10,478,TRUE
INC-202210-EDI-014-01,2022-10-27T06:02:00Z,Edinburgh,EDI-014,Underground,Power Issue,Med-High,4,142,42174,TRUE
INC-202210-LON-017-01,2022-10-27T07:13:00Z,London,LON-017,Bus,Roadworks,Medium,3,74,7765,TRUE
INC-202210-EDI-019-03,2022-10-27T19:52:00Z,Edinburgh,EDI-019,Tram,Obstruction,Medium,3,74,1766,FALSE
INC-202210-BRI-017-06,2022-10-28T03:50:00Z,Bristol,BRI-017,Bus,Staff Shortage,Med-High,4,202,16133,TRUE
INC-202210-LON-005-01,2022-10-28T19:40:00Z,London,LON-005,Rail,Signal Failure,Medium,3,81,16939,TRUE
INC-202210-BRI-013-01,2022-10-29T01:46:00Z,Bristol,BRI-013,Bus,Congestion,Low,1,8,313,TRUE
INC-202210-BRI-006-02,2022-10-29T10:06:00Z,Bristol,BRI-006,Bus,Congestion,Medium,3,106,6840,TRUE
INC-202210-EDI-011-01,2022-10-29T10:09:00Z,Edinburgh,EDI-011,Bus,Roadworks,Medium,3,89,,TRUE
INC-202210-EDI-004-01,2022-10-29T17:30:00Z,Edinburgh,EDI-004,Bus,Vehicle Fault,Low-Med,2,39,2107,TRUE
INC-202210-BRI-022-02,2022-10-30T06:16:00Z,Bristol,BRI-022,Underground,Power Issue,Low-Med,2,54,7561,TRUE
INC-202210-EDI-013-02,2022-10-30T09:13:00Z,Edinburgh,EDI-013,Rail,Rolling Stock,Medium,3,111,12009,TRUE
INC-202210-EDI-005-01,2022-10-30T09:39:00Z,Edinburgh,EDI-005,underground,Power Issue,Med-High,4,97,45299,TRUE
INC-202210-MAN-018-01,2022-10-31T06:24:00Z,Manchester,MAN-018,BikeShare,Bike Fault,Low,1,15,53,TRUE
INC-202210-EDI-017-01,2022-10-31T11:10:00Z,Edinburgh,EDI-017,Underground,,Medium,3,93,26928,TRUE
INC-202211-MAN-011-02,2022-11-01T01:57:00Z,Manchester,MAN-011,Bus,Vehicle Fault,Medium,3,83,3306,TRUE
INC-202211-LON-007-01,2022-11-01T02:49:00Z,London,LON-007,Tram,Roadworks,Low,1,5,210,TRUE
INC-202211-EDI-009-02,2022-11-01T08:45:00Z,Edinburgh,EDI-009,Bus,Vehicle Fault,Low,1,8,478,TRUE
INC-202211-LON-022-03,2022-11-02T09:16:00Z,London,LON-022,Underground,Signal Failure,High,5,268,115516,TRUE
INC-202211-MAN-002-01,2022-11-02T20:52:00Z,Manchester,MAN-002,Tram,Roadworks,Low-Med,2,43,1585,TRUE
INC-202211-BRI-019-04,2022-11-02T23:54:00Z,Bristol,BRI-019,Rail,Rolling Stock,Low-Med,2,41,6910,TRUE
INC-202211-MAN-015-01,2022-11-03T16:06:00Z,Manchester,MAN-015,Bus,Vehicle Fault,Low,1,,399,TRUE
INC-202211-BRI-021-02,2022-11-03T16:48:00Z,Bristol,BRI-021,Rail,Track Fault,Medium,3,72,8118,TRUE
INC-202211-BRI-019-01,2022-11-04T08:54:00Z,Bristol,BRI-019,Rail,Rolling Stock,Medium,3,74,6239,TRUE
INC-202211-BRI-009-01,2022-11-04T17:12:00Z,Bristol,BRI-009,Tram,Roadworks,Low,1,32,1258,FALSE
INC-202211-EDI-009-01,2022-11-05T00:31:00Z,Edinburgh,EDI-009,Bus,Congestion,Low-Med,2,59,2709,TRUE
INC-202211-EDI-020-01,2022-11-05T06:06:00Z,EDI,EDI-020,Rail,Signal Failure,Low-Med,2,37,2675,TRUE
INC-202211-EDI-015-01,2022-11-05T09:39:00Z,Edinburgh,EDI-015,Bus,Roadworks,Low,1,26,,TRUE
INC-202211-LON-016-01,2022-11-06T12:36:00Z,London,LON-016,Rail,Signal Failure,High,5,268,31247,TRUE
INC-202211-LON-018-01,2022-11-07T05:07:00Z,London,LON-018,Bus,Congestion,Low-Med,2,46,1503,TRUE
INC-202211-LON-022-02,2022-11-07T18:14:00Z,London,LON-022,Underground,Signal Failure,Med-High,4,164,63568,TRUE
INC-202211-MAN-018-01,2022-11-07T18:47:00Z,Manchester,MAN-018,BikeShare,Dock Full,Low,1,,27,TRUE
INC-202211-BRI-011-01,2022-11-08T05:41:00Z,Bristol,BRI-011,Bus,Roadworks,Medium,3,62,2721,TRUE
INC-202211-EDI-013-01,2022-11-08T09:05:00Z,Edinburgh,EDI-013,Rail,Track Fault,Med High,4,171,18022,TRUE
INC-202211-EDI-019-01,2022-11-09T08:07:00Z,Edinburgh,EDI-019,Tram,Vehicle Fault,Low-Med,2,38,1948,TRUE
INC-202211-LON-003-01,2022-11-09T08:42:00Z,London,LON-003,Bus,Congestion,Medium,3,66,3028,TRUE
INC-202211-LON-011-01,2022-11-09T16:06:00Z,London,LON-011,Tram,Vehicle Fault,Low-Med,2,54,2052,TRUE
INC-202211-LON-022-01,2022-11-09T16:35:00Z,London,LON-022,underground,Station Closure,High,5,251,80933,TRUE
INC-202211-LON-013-01,2022-11-09T20:44:00Z,London,LON-013,Underground,Signal Failure,High,5,318,74572,TRUE
INC-202211-BRI-020-01,2022-11-10T03:53:00Z,Bristol,BRI-020,Rail,Track Fault,Medium,3,59,9352,TRUE
INC-202211-BRI-005-01,2022-11-10T06:16:00Z,Bristol,BRI-005,Bus,Vehicle Fault,Medium,3,72,5218,TRUE
INC-202211-BRI-005-01,2022-11-10T06:20:00Z,Bristol,BRI-005,Bus,Vehicle Fault,Medium,3,72,5218,TRUE
INC-202211-LON-017-02,2022-11-10T18:26:00Z,London,LON-017,Bus,Vehicle Fault,LOW-MED,2,49,2102,TRUE
INC-202211-MAN-013-03,2022-11-10T19:42:00Z,Manchester,MAN-013,Underground,Signal Failure,Med-High,4,96,19533,TRUE
INC-202211-LON-020-01,2022-11-10T23:33:00Z,London,LON-020,bus,Congestion,Low-Med,2,53,3158,TRUE
INC-202211-BRI-004-02,2022-11-11T07:18:00Z,Bristol,BRI-004,Underground,Power Issue,Medium,3,86,15895,TRUE
INC-202211-LON-011-02,2022-11-11T16:02:00Z,London,LON-011,Tram,Vehicle Fault,Low,1,8,583,TRUE
INC-202211-EDI-013-02,2022-11-11T17:05:00Z,Edinburgh,EDI-013,rail,Track Fault,MED-HIGH,4,113,12576,TRUE
INC-202211-LON-017-01,2022-11-11T18:21:00Z,London,LON-017,Bus,Congestion,Medium,3,106,14848,TRUE
INC-202211-BRI-004-01,2022-11-11T19:01:00Z,Bristol,BRI-004,Underground,Signal Failure,Low-Med,2,57,12303,TRUE
INC-202211-BRI-022-01,2022-11-12T05:13:00Z,Bristol,BRI-022,Underground,Station Closure,Med-High,4,212,74363,TRUE
INC-202211-EDI-019-02,2022-11-12T07:44:00Z,Edinburgh,EDI-019,Tram,Vehicle Fault,Low,1,24,1299,TRUE
INC-202211-BRI-014-01,2022-11-12T08:52:00Z,Bristol,BRI-014,Bus,Accident,Low-Med,2,37,1256,TRUE
INC-202211-LON-008-01,2022-11-12T17:03:00Z,London,LON-008,Bus,Staff Shortage,Medium,3,97,11597,TRUE
INC-202211-EDI-006-02,2022-11-12T17:54:00Z,Edinburgh,EDI-006,Underground,Power Issue,Med-High,4,138,20033,TRUE
INC-202211-BRI-019-02,2022-11-13T08:57:00Z,Bristol,BRI-019,Rail,Signal Failure,Med-High,4,204,42517,TRUE
INC-202211-MAN-010-01,2022-11-13T23:38:00Z,Manchester,MAN-010,Rail,Weather,Med-High,4,,23320,TRUE
INC-202211-BRI-021-01,2022-11-14T03:51:00Z,Bristol,BRI-021,Rail,Signal Failure,Low-Med,2,53,5172,TRUE
INC-202211-LON-020-02,2022-11-14T07:29:00Z,London,LON-020,Bus,Vehicle Fault,Low,1,29,1605,TRUE
INC-202211-MAN-009-01,2022-11-14T11:47:00Z,Manchester,MAN-009,Underground,Power Issue,Low-Med,2,38,15745,TRUE
INC-202211-MAN-011-03,2022-11-14T17:10:00Z,Manchester,MAN-011,Bus,Congestion,Medium,3,71,4493,TRUE
INC-202211-EDI-010-01,2022-11-14T17:43:00Z,Edinburgh,EDI-010,Bus,Roadworks,Low,1,16,1037,TRUE
INC-202211-EDI-002-01,2022-11-15T06:03:00Z,Edinburgh,EDI-002,Bus,Vehicle Fault,Low-Med,2,52,2138,TRUE
INC-202211-BRI-018-01,2022-11-15T06:07:00Z,Bristol,BRI-018,Bus,Congestion,Low,1,16,388,TRUE
INC-202211-LON-005-02,2022-11-15T06:14:00Z,London,LON-005,Rail,Track Fault,Low-Med,2,38,7475,TRUE
INC-202211-LON-022-04,2022-11-15T07:22:00Z,London,LON-022,Underground,Power Issue,High,5,200,52073,TRUE
INC-202211-MAN-013-02,2022-11-15T18:11:00Z,Manchester,MAN-013,Underground,Station Closure,Med-High,4,217,,FALSE
INC-202211-BRI-002-02,2022-11-16T00:25:00Z,Bristol,BRI-002,Bus,Roadworks,Med-High,4,124,,TRUE
INC-202211-MAN-016-01,2022-11-16T17:13:00Z,Manchester,MAN-016,Bus,Roadworks,Low,1,24,956,TRUE
INC-202211-MAN-001-02,2022-11-16T18:37:00Z,Manchester,MAN-001,Bus,Congestion,Low,1,21,722,TRUE
INC-202211-EDI-004-01,2022-11-17T02:12:00Z,Edinburgh,EDI-004,Bus,Congestion,Low,1,19,887,FALSE
INC-202211-EDI-004-02,2022-11-17T03:11:00Z,Edinburgh,EDI-004,Bus,Vehicle Fault,Low-Med,2,43,3467,TRUE
INC-202211-EDI-007-01,2022-11-17T17:24:00Z,Edinburgh,EDI-007,BikeShare,Dock Full,Low,1,10,46,TRUE
INC-202211-EDI-006-01,2022-11-18T08:55:00Z,Edinburgh,EDI-006,Underground,Power Issue,Med-High,4,172,22286,TRUE
INC-202211-MAN-020-01,2022-11-19T06:47:00Z,Manchester,MAN-020,Bus,Staff Shortage,Low-Med,2,48,3107,TRUE
INC-202211-MAN-008-01,2022-11-20T17:13:00Z,Manchester,MAN-008,Bus,Roadworks,Low-Med,2,33,2256,FALSE
INC-202211-MAN-013-01,2022-11-21T14:42:00Z,Manchester,MAN-013,Underground,Station Closure,Medium,3,69,12757,TRUE
INC-202211-MAN-004-01,2022-11-22T02:12:00Z,Manchester,MAN-004,Bus,Congestion,Low,1,25,1909,FALSE
INC-202211-MAN-012-01,2022-11-22T17:22:00Z,Manchester,MAN-012,Rail,Signal Failure,Med-High,4,194,33431,TRUE
INC-202211-LON-019-01,2022-11-23T18:42:00Z,London,LON-019,Bus,Roadworks,Medium,3,85,5645,TRUE
INC-202211-BRI-008-01,2022-11-23T23:42:00Z,Bristol,BRI-008,Rail,Signal Failure,Low-Med,2,44,3206,TRUE
INC-202211-BRI-004-03,2022-11-24T17:03:00Z,Bristol,BRI-004,Underground,Signal Failure,Medium,3,92,28034,FALSE
INC-202211-MAN-011-01,2022-11-24T17:29:00Z,Manchester,MAN-011,Bus,Congestion,Low,1,22,721,TRUE
INC-202211-LON-016-02,2022-11-24T17:52:00Z,London,LON-016,Rail,Signal Failure,Med-High,4,107,26808,TRUE
INC-202211-BRI-003-01,2022-11-24T17:54:00Z,Bristol,BRI-003,Rail,Rolling Stock,Med-High,4,164,14023,TRUE
INC-202211-MAN-022-01,2022-11-24T19:55:00Z,MAN,MAN-022,Rail,Weather,Low,1,8,579,TRUE
INC-202211-LON-013-02,2022-11-25T08:24:00Z,London,LON-013,Underground,Signal Failure,Medium,3,85,30014,TRUE
INC-202211-LON-012-01,2022-11-25T10:28:00Z,London,LON-012,Bus,Roadworks,Low,1,14,839,TRUE
INC-202211-LON-013-03,2022-11-25T11:28:00Z,London,LON-013,Underground,Power Issue,Med-High,4,116,28258,TRUE
INC-202211-LON-005-01,2022-11-25T18:31:00Z,London,LON-005,Rail,Signal Failure,Low-Med,2,35,7211,TRUE
INC-202211-BRI-005-03,2022-11-25T22:52:00Z,Bristol,BRI-005,Bus,Congestion,Medium,3,114,6515,TRUE
INC-202211-LON-018-02,2022-11-26T02:12:00Z,London,LON-018,Bus,Staff Shortage,Med-High,4,102,7974,FALSE
INC-202211-LON-008-02,2022-11-26T19:56:00Z,London,LON-008,Bus,Staff Shortage,Med-High,4,111,11934,TRUE
INC-202211-MAN-016-02,2022-11-27T08:53:00Z,Manchester,MAN-016,Bus,Staff Shortage,Medium,3,101,6271,TRUE
INC-202211-LON-021-01,2022-11-27T18:10:00Z,London,LON-021,Bus,Roadworks,Medium,3,83,7188,TRUE
INC-202211-MAN-001-01,2022-11-27T23:14:00Z,Manchester,MAN-001,Bus,Roadworks,Low,1,14,659,TRUE
INC-202211-BRI-008-02,2022-11-28T13:40:00Z,Bristol,BRI-008,Rail,Weather,Low-Med,2,40,6192,TRUE
INC-202211-BRI-021-03,2022-11-28T16:07:00Z,Bristol,BRI-021,Rail,Weather,Medium,3,100,12328,TRUE
INC-202211-BRI-002-01,2022-11-28T18:36:00Z,Bristol,BRI-002,Bus,Roadworks,Low,1,16,949,TRUE
INC-202211-BRI-002-01,2022-11-28T18:40:00Z,Bristol,BRI-002,Bus,Roadworks,Low,1,16,949,TRUE
INC-202211-LON-001-01,2022-11-28T21:19:00Z,London,LON-001,Bus,Congestion,Low-Med,2,30,1823,TRUE
INC-202211-BRI-003-02,2022-11-28T22:19:00Z,Bristol,BRI-003,Rail,Signal Failure,Medium,3,102,14531,TRUE
INC-202211-MAN-009-02,2022-11-29T10:09:00Z,Manchester,MAN-009,Underground,Signal Failure,Medium,3,57,26212,TRUE
INC-202211-BRI-019-03,2022-11-29T19:12:00Z,Bristol,BRI-019,Rail,Signal Failure,Low-Med,2,21,3034,TRUE
INC-202211-EDI-006-04,2022-11-30T00:45:00Z,Edinburgh,EDI-006,Underground,Power Issue,High,5,161,33489,TRUE
INC-202211-EDI-006-03,2022-11-30T05:39:00Z,EDI,EDI-006,Underground,Signal Failure,Medium,3,116,26333,TRUE
INC-202211-BRI-013-01,2022-11-30T07:46:00Z,Bristol,BRI-013,Bus,Accident,Low,1,14,754,TRUE
INC-202211-LON-015-01,2022-11-30T18:21:00Z,London,LON-015,Rail,Signal Failure,Med-High,4,125,18597,TRUE
INC-202211-BRI-005-02,2022-11-30T19:54:00Z,Bristol,BRI-005,Bus,Staff Shortage,Low,1,19,1450,TRUE
INC-202212-EDI-018-03,2022-12-01T00:27:00Z,Edinburgh,EDI-018,Rail,Rolling Stock,Med-High,4,114,6974,TRUE
INC-202212-BRI-013-01,2022-12-01T14:10:00Z,Bristol,BRI-013,Bus,Congestion,Low,1,15,879,TRUE
INC-202212-LON-022-02,2022-12-01T17:15:00Z,London,LON-022,Underground,Passenger Incident,Med-High,4,97,49194,TRUE
INC-202212-LON-003-01,2022-12-01T20:51:00Z,London,LON-003,Bus,Staff Shortage,Low,1,5,225,TRUE
INC-202212-LON-019-03,2022-12-01T21:46:00Z,London,LON-019,Bus,Roadworks,LOW-MED,2,58,2483,FALSE
INC-202212-BRI-005-01,2022-12-02T00:01:00Z,Bristol,BRI-005,Bus,Roadworks,Low,1,30,1177,FALSE
INC-202212-EDI-019-01,2022-12-02T09:39:00Z,Edinburgh,EDI-019,Tram,Vehicle Fault,Low,1,8,121,TRUE
INC-202212-EDI-005-01,2022-12-02T14:30:00Z,Edinburgh,EDI-005,Underground,Signal Failure,Med-High,4,84,11731,TRUE
INC-202212-EDI-013-02,2022-12-02T20:10:00Z,Edinburgh,EDI-013,Rail,Weather,Med-High,4,101,18830,TRUE
INC-202212-LON-006-03,2022-12-03T08:50:00Z,London,LON-006,bikeshare,Vandalism,Low,1,9,229,TRUE
INC-202212-LON-009-01,2022-12-03T10:35:00Z,London,LON-009,Rail,Track Fault,High,5,204,42432,TRUE
INC-202212-LON-002-01,2022-12-03T11:33:00Z,London,LON-002,Bus,Staff Shortage,Med High,4,139,11676,TRUE
INC-202212-LON-021-03,2022-12-04T12:55:00Z,London,LON-021,Bus,Congestion,Low,1,16,938,TRUE
INC-202212-MAN-012-01,2022-12-04T16:49:00Z,Manchester,MAN-012,Rail,Rolling Stock,Medium,3,113,12908,TRUE
INC-202212-LON-021-01,2022-12-04T17:43:00Z,London,LON-021,Bus,Accident,Low-Med,2,40,3418,TRUE
INC-202212-EDI-001-01,2022-12-04T22:26:00Z,Edinburgh,EDI-001,Underground,Power Issue,Medium,3,118,25720,TRUE
INC-202212-LON-014-01,2022-12-05T08:48:00Z,London,LON-014,Bus,Congestion,Low-Med,2,30,2077,TRUE
INC-202212-LON-019-02,2022-12-05T13:32:00Z,London,LON-019,Bus,Vehicle Fault,Medium,3,67,4736,FALSE
INC-202212-BRI-020-02,2022-12-06T16:00:00Z,Bristol,BRI-020,Rail,Track Fault,Med-High,4,187,18942,TRUE
INC-202212-BRI-022-01,2022-12-07T12:57:00Z,Bristol,BRI-022,Underground,Signal Failure,Med-High,4,135,17768,TRUE
INC-202212-LON-022-01,2022-12-07T20:03:00Z,London,LON-022,Underground,Power Issue,High,5,303,77929,TRUE
INC-202212-LON-018-02,2022-12-07T21:19:00Z,London,LON-018,Bus,Congestion,Medium,3,51,1769,TRUE
INC-202212-EDI-015-01,2022-12-08T03:45:00Z,Edinburgh,EDI-015,Bus,Vehicle Fault,Medium,3,93,14513,TRUE
INC-202212-LON-013-01,2022-12-08T11:55:00Z,London,LON-013,Underground,Power Issue,Med-High,4,97,34983,TRUE
INC-202212-MAN-007-01,2022-12-08T14:06:00Z,Manchester,MAN-007,Tram,Roadworks,Low,1,13,419,TRUE
INC-202212-MAN-017-02,2022-12-08T14:38:00Z,Manchester,MAN-017,Underground,Power Issue,Medium,3,76,9895,TRUE
INC-202212-LON-017-02,2022-12-08T16:05:00Z,London,LON-017,Bus,Staff Shortage,Low,1,16,705,TRUE
INC-202212-EDI-006-01,2022-12-08T16:28:00Z,Edinburgh,EDI-006,Underground,Signal Failure,Medium,3,44,9903,TRUE
INC-202212-MAN-016-01,2022-12-08T18:28:00Z,Manchester,MAN-016,Bus,Accident,Medium,3,110,5300,TRUE
INC-202212-MAN-016-01,2022-12-08T18:29:00Z,Manchester,MAN-016,Bus,Accident,Medium,3,110,5300,TRUE
INC-202212-MAN-022-01,2022-12-08T19:54:00Z,Manchester,MAN-022,Rail,Weather,Med-High,4,146,15430,TRUE
INC-202212-EDI-013-01,2022-12-09T15:26:00Z,Edinburgh,EDI-013,Rail,Track Fault,Medium,3,105,15572,TRUE
INC-202212-LON-010-02,2022-12-09T16:35:00Z,London,LON-010,BikeShare,Dock Full,Low,1,5,41,TRUE
INC-202212-BRI-008-02,2022-12-09T18:06:00Z,Bristol,BRI-008,Rail,Signal Failure,Low-Med,2,55,13266,TRUE
INC-202212-MAN-007-02,2022-12-09T19:33:00Z,Manchester,MAN-007,Tram,Roadworks,LOW,1,13,276,TRUE
INC-202212-BRI-022-02,2022-12-11T06:13:00Z,Bristol,BRI-022,Underground,Power Issue,Medium,3,130,29024,TRUE
INC-202212-MAN-002-02,2022-12-11T10:54:00Z,Manchester,MAN-002,Tram,Roadworks,Low,1,9,305,TRUE
INC-202212-BRI-018-01,2022-12-11T14:55:00Z,Bristol,BRI-018,Bus,Congestion,Low Med,2,29,1255,TRUE
INC-202212-EDI-014-01,2022-12-11T17:35:00Z,Edinburgh,EDI-014,Underground,Power Issue,Med High,4,119,22020,FALSE
INC-202212-BRI-020-03,2022-12-12T06:54:00Z,Bristol,BRI-020,Rail,Signal Failure,Low-Med,2,28,4310,TRUE
INC-202212-EDI-003-01,2022-12-12T08:57:00Z,Edinburgh,EDI-003,Bus,Roadworks,Low-Med,2,41,2298,TRUE
INC-202212-MAN-002-01,2022-12-13T01:40:00Z,Manchester,MAN-002,Tram,Vehicle Fault,Low-Med,2,54,2023,TRUE
INC-202212-MAN-018-01,2022-12-13T13:23:00Z,Manchester,MAN-018,BikeShare,Dock Empty,Low,1,16,136,TRUE
INC-202212-EDI-011-01,2022-12-13T18:51:00Z,Edinburgh,EDI-011,Bus,Vehicle Fault,Low,1,5,1176,TRUE
INC-202212-MAN-004-01,2022-12-14T04:25:00Z,Manchester,MAN-004,Bus,Roadworks,Low,1,21,515,TRUE
INC-202212-MAN-009-02,2022-12-14T09:42:00Z,Manchester,MAN-009,Underground,Signal Failure,Medium,3,74,11685,TRUE
INC-202212-EDI-011-02,2022-12-16T06:22:00Z,Edinburgh,EDI-011,Bus,Staff Shortage,Low,1,160,483,TRUE
INC-202212-EDI-010-01,2022-12-16T07:30:00Z,Edinburgh,EDI-010,Bus,Congestion,Low-Med,2,48,2867,TRUE
INC-202212-EDI-006-02,2022-12-17T02:45:00Z,Edinburgh,EDI-006,Underground,Signal Failure,Med-High,4,112,41341,TRUE
INC-202212-BRI-009-01,2022-12-17T03:15:00Z,Bristol,BRI-009,Tram,Vehicle Fault,Low,1,17,892,TRUE
INC-202212-MAN-009-01,2022-12-17T07:39:00Z,Manchester,MAN-009,Underground,Signal Failure,High,5,208,39979,TRUE
INC-202212-MAN-017-01,2022-12-17T15:56:00Z,Manchester,MAN-017,Underground,Station Closure,Low-Med,2,58,10776,TRUE
INC-202212-MAN-013-02,2022-12-17T17:32:00Z,Manchester,MAN-013,Underground,Passenger Incident,Med-High,4,145,39836,TRUE
INC-202212-MAN-018-02,2022-12-18T13:13:00Z,Manchester,MAN-018,BikeShare,Bike Fault,Low,1,5,45,TRUE
INC-202212-MAN-012-03,2022-12-18T19:00:00Z,Manchester,MAN-012,Rail,Signal Failure,Medium,3,90,6401,TRUE
INC-202212-LON-003-02,2022-12-19T00:31:00Z,London,LON-003,Bus,Roadworks,Med-High,4,219,12370,TRUE
INC-202212-BRI-017-01,2022-12-19T11:00:00Z,Bristol,BRI-017,Bus,Roadworks,Medium,3,88,6649,TRUE
INC-202212-BRI-008-01,2022-12-19T12:13:00Z,Bristol,BRI-008,rail,Track Fault,Medium,3,78,9871,TRUE
INC-202212-EDI-008-01,2022-12-19T21:27:00Z,Edinburgh,EDI-008,Bus,Congestion,Low,1,13,297,TRUE
INC-202212-LON-017-01,2022-12-20T08:02:00Z,London,LON-017,Bus,Vehicle Fault,Low,1,12,551,TRUE
INC-202212-BRI-016-01,2022-12-20T09:25:00Z,Bristol,BRI-016,Rail,Weather,Low-Med,2,46,4022,TRUE
INC-202212-EDI-015-02,2022-12-20T13:19:00Z,Edinburgh,EDI-015,Bus,Congestion,Low-Med,2,46,3039,TRUE
INC-202212-BRI-014-01,2022-12-20T13:49:00Z,Bristol,BRI-014,Bus,Congestion,Low,1,5,313,TRUE
INC-202212-LON-006-01,2022-12-20T20:52:00Z,London,LON-006,BikeShare,Bike Fault,Low-Med,2,53,904,TRUE
INC-202212-LON-021-02,2022-12-22T11:18:00Z,London,LON-021,Bus,Vehicle Fault,Low-Med,2,26,1189,TRUE
INC-202212-BRI-002-02,2022-12-22T19:10:00Z,Bristol,BRI-002,Bus,Roadworks,Low,1,18,790,TRUE
INC-202212-BRI-001-01,2022-12-23T02:22:00Z,Bristol,BRI-001,Bus,Congestion,Low,1,5,464,FALSE
INC-202212-EDI-015-03,2022-12-23T12:08:00Z,Edinburgh,EDI-015,Bus,Accident,Medium,3,103,4801,TRUE
INC-202212-MAN-009-03,2022-12-23T16:37:00Z,Manchester,MAN-009,Underground,Passenger Incident,Medium,3,76,34180,TRUE
INC-202212-BRI-001-02,2022-12-23T16:45:00Z,Bristol,BRI-001,Bus,Congestion,Low,1,24,2573,TRUE
INC-202212-LON-016-01,2022-12-23T20:31:00Z,London,LON-016,Rail,Rolling Stock,High,5,303,35057,TRUE
INC-202212-EDI-020-01,2022-12-23T23:18:00Z,Edinburgh,EDI-020,Rail,Rolling Stock,Low-Med,2,35,2327,TRUE
INC-202212-MAN-010-01,2022-12-24T17:22:00Z,Manchester,MAN-010,Rail,Rolling Stock,Med-High,4,123,8519,TRUE
INC-202212-LON-019-01,2022-12-24T17:25:00Z,London,LON-019,Bus,Accident,Med-High,4,218,24449,TRUE
INC-202212-MAN-012-02,2022-12-24T17:32:00Z,Manchester,MAN-012,Rail,Rolling Stock,Medium,3,65,8678,FALSE
INC-202212-BRI-016-02,2022-12-24T18:08:00Z,Bristol,BRI-016,Rail,Signal Failure,Medium,3,117,12164,TRUE
INC-202212-BRI-020-01,2022-12-24T18:54:00Z,Bristol,BRI-020,rail,Signal Failure,Low-Med,2,42,4082,FALSE
INC-202212-BRI-002-01,2022-12-24T23:56:00Z,Bristol,BRI-002,Bus,Accident,Low-Med,2,16,446,TRUE
INC-202212-LON-018-04,2022-12-25T00:29:00Z,London,LON-018,Bus,Roadworks,Med High,4,117,9884,TRUE
INC-202212-LON-008-01,2022-12-25T14:22:00Z,London,LON-008,Bus,Congestion,Low-Med,2,23,2042,TRUE
INC-202212-LON-010-01,2022-12-25T18:56:00Z,London,LON-010,BikeShare,Vandalism,Low,1,9,89,FALSE
INC-202212-MAN-006-01,2022-12-26T05:53:00Z,Manchester,MAN-006,Tram,Vehicle Fault,Low,1,15,470,TRUE
INC-202212-LON-006-02,2022-12-26T08:17:00Z,London,LON-006,BikeShare,Bike Fault,Low,1,10,105,TRUE
INC-202212-BRI-001-03,2022-12-26T11:36:00Z,bristol,BRI-001,Bus,Staff Shortage,Medium,3,53,2687,TRUE
INC-202212-BRI-011-01,2022-12-26T19:33:00Z,Bristol,BRI-011,Bus,Roadworks,Low,1,26,1530,TRUE
INC-202212-MAN-008-02,2022-12-27T06:14:00Z,Manchester,MAN-008,Bus,Staff Shortage,Low,1,30,2047,TRUE
INC-202212-LON-018-01,2022-12-27T08:42:00Z,London,LON-018,Bus,Roadworks,Med High,4,104,14257,TRUE
INC-202212-MAN-019-01,2022-12-27T17:12:00Z,Manchester,MAN-019,Underground,Power Issue,Med-High,4,97,15173,TRUE
INC-202212-BRI-014-02,2022-12-28T07:54:00Z,Bristol,BRI-014,Bus,Congestion,Low,1,5,194,TRUE
INC-202212-LON-004-01,2022-12-28T17:01:00Z,LDN,LON-004,Tram,Vehicle Fault,Medium,3,116,2974,TRUE
INC-202212-EDI-018-01,2022-12-28T20:56:00Z,Edinburgh,EDI-018,Rail,Weather,Medium,3,84,5788,TRUE
INC-202212-MAN-003-01,2022-12-29T08:00:00Z,Manchester,MAN-003,BikeShare,Dock Full,Low-Med,2,39,265,TRUE
INC-202212-MAN-013-01,2022-12-29T09:52:00Z,Manchester,MAN-013,Underground,Station Closure,Med-High,4,197,58489,TRUE
INC-202212-MAN-016-02,2022-12-29T18:31:00Z,Manchester,MAN-016,Bus,Roadworks,Low-Med,2,30,2875,TRUE
INC-202212-EDI-018-02,2022-12-30T08:39:00Z,Edinburgh,EDI-018,Rail,Signal Failure,Medium,3,67,9124,TRUE
INC-202212-MAN-020-01,2022-12-30T10:09:00Z,Manchester,MAN-020,Bus,Roadworks,Low,1,9,545,TRUE
INC-202212-MAN-008-01,2022-12-30T14:56:00Z,Manchester,MAN-008,Bus,Roadworks,Med-High,4,140,5913,TRUE
INC-202212-LON-013-02,2022-12-30T16:48:00Z,London,LON-013,Underground,Power Issue,High,5,204,61219,TRUE
INC-202212-LON-018-03,2022-12-31T08:19:00Z,London,LON-018,Bus,Congestion,Med-High,4,173,32449,FALSE
INC-202212-MAN-017-03,2022-12-31T11:57:00Z,Manchester,MAN-017,Underground,Power Issue,Med-High,4,104,23879,TRUE
INC-202212-BRI-011-02,2022-12-31T19:38:00Z,Bristol,BRI-011,Bus,Congestion,LOW,1,5,329,TRUE
INC-202301-EDI-017-01,2023-01-02T01:04:00Z,EDI,EDI-017,Underground,Power Issue,Low-Med,2,43,10574,TRUE
INC-202301-LON-001-01,2023-01-02T10:39:00Z,London,LON-001,Bus,Roadworks,Low,1,21,3566,TRUE
INC-202301-MAN-010-01,2023-01-02T17:10:00Z,Manchester,MAN-010,Rail,Track Fault,Medium,3,67,13094,TRUE
INC-202301-EDI-003-03,2023-01-02T19:59:00Z,Edinburgh,EDI-003,Bus,Roadworks,Low,1,26,1846,TRUE
INC-202301-LON-017-03,2023-01-02T20:24:00Z,London,LON-017,Bus,Congestion,Low,1,9,726,TRUE
INC-202301-EDI-014-01,2023-01-03T23:56:00Z,Edinburgh,EDI-014,Underground,Power Issue,Medium,3,108,25629,TRUE
INC-202301-BRI-014-03,2023-01-04T07:55:00Z,Bristol,BRI-014,Bus,Staff Shortage,Low-Med,2,43,3473,TRUE
INC-202301-MAN-016-02,2023-01-04T12:44:00Z,Manchester,MAN-016,Bus,Roadworks,Low-Med,2,45,2432,FALSE
INC-202301-EDI-003-02,2023-01-05T06:41:00Z,Edinburgh,EDI-003,Bus,Congestion,Low,1,15,527,TRUE
INC-202301-LON-022-01,2023-01-06T17:43:00Z,London,LON-022,Underground,Signal Failure,Med-High,4,89,22371,TRUE
INC-202301-BRI-009-01,2023-01-07T07:52:00Z,bristol,BRI-009,Tram,Vehicle Fault,Low,1,16,968,TRUE
INC-202301-LON-022-02,2023-01-07T08:28:00Z,London,LON-022,underground,Passenger Incident,High,5,258,86102,TRUE
INC-202301-MAN-009-01,2023-01-08T19:58:00Z,Manchester,MAN-009,Underground,Power Issue,Medium,3,116,38746,TRUE
INC-202301-BRI-005-03,2023-01-08T21:17:00Z,Bristol,BRI-005,bus,Vehicle Fault,Low-Med,2,28,1260,TRUE
INC-202301-BRI-022-01,2023-01-09T01:09:00Z,Bristol,BRI-022,Underground,Station Closure,Medium,3,58,12922,TRUE
INC-202301-MAN-022-01,2023-01-09T13:25:00Z,Manchester,MAN-022,Rail,Track Fault,Medium,3,123,13172,TRUE
INC-202301-LON-001-02,2023-01-09T19:08:00Z,London,LON-001,Bus,Congestion,Med-High,4,102,17888,TRUE
INC-202301-MAN-008-01,2023-01-10T00:44:00Z,Manchester,MAN-008,Bus,Roadworks,Low,1,8,480,TRUE
INC-202301-EDI-012-01,2023-01-10T03:15:00Z,Edinburgh,EDI-012,Underground,Signal Failure,Medium,3,65,11696,TRUE
INC-202301-BRI-002-03,2023-01-10T05:22:00Z,Bristol,BRI-002,Bus,Congestion,Low-Med,2,41,2483,TRUE
INC-202301-MAN-007-01,2023-01-10T05:46:00Z,Manchester,MAN-007,Tram,Vehicle Fault,Low-Med,2,57,2368,TRUE
INC-202301-BRI-004-01,2023-01-10T08:04:00Z,Bristol,BRI-004,Underground,Signal Failure,Low-Med,2,36,8090,TRUE
INC-202301-LON-016-01,2023-01-10T08:50:00Z,London,LON-016,Rail,Signal Failure,Med-High,4,168,25630,TRUE
INC-202301-BRI-011-02,2023-01-10T16:58:00Z,Bristol,BRI-011,Bus,Roadworks,Medium,3,125,8357,TRUE
INC-202301-EDI-009-01,2023-01-11T02:07:00Z,Edinburgh,EDI-009,Bus,Congestion,Low-Med,2,61,4211,TRUE
INC-202301-LON-004-01,2023-01-11T06:51:00Z,London,LON-004,Tram,Power Issue,Low-Med,2,53,3589,TRUE
INC-202301-BRI-017-01,2023-01-11T08:16:00Z,Bristol,BRI-017,Bus,Roadworks,Low,1,32,1317,TRUE
INC-202205-LON-003-02,2023-01-12T00:19:00Z,LDN,LON-021,Bus,Congestion,Med-High,4,129,9694,TRUE
INC-202301-MAN-001-01,2023-01-12T03:51:00Z,Manchester,MAN-001,Bus,Vehicle Fault,Low-Med,2,35,34096,TRUE
INC-202301-MAN-022-02,2023-01-12T07:19:00Z,Manchester,MAN-022,Rail,,Medium,3,76,32093,TRUE
INC-202301-BRI-018-01,2023-01-12T08:50:00Z,bristol,BRI-018,Bus,Vehicle Fault,Medium,3,78,5527,TRUE
INC-202412-EDI-018-03,2023-01-12T18:41:00Z,London,LON-007,Tram,Vehicle Fault,Low-Med,2,450,2188,TRUE
INC-202412-EDI-018-03,2023-01-12T18:45:00Z,London,LON-007,Tram,Vehicle Fault,Low-Med,2,450,2188,TRUE
INC-202301-MAN-020-01,2023-01-13T08:03:00Z,Manchester,MAN-020,Bus,Congestion,Medium,3,81,8183,TRUE
INC-202301-EDI-008-01,2023-01-13T08:25:00Z,Edinburgh,EDI-008,Bus,Roadworks,Med-High,4,195,18521,TRUE
INC-201912-LON-008-01,2023-01-14T05:11:00Z,Edinburgh,EDI-012,Underground,Station Closure,Low-Med,2,65,19665,TRUE
INC-202301-BRI-013-01,2023-01-14T10:37:00Z,Bristol,BRI-013,Bus,Vehicle Fault,Low,1,21,607,TRUE
INC-202301-BRI-019-01,2023-01-16T05:36:00Z,Bristol,BRI-019,Rail,Rolling Stock,Medium,3,63,12873,TRUE
INC-202301-BRI-021-01,2023-01-16T08:37:00Z,Bristol,BRI-021,Rail,Signal Failure,Medium,3,91,7161,TRUE
INC-202301-BRI-005-01,2023-01-16T09:20:00Z,Bristol,BRI-005,Bus,Roadworks,Medium,3,110,5636,TRUE
INC-202301-LON-012-01,2023-01-16T09:26:00Z,London,LON-012,Bus,Vehicle Fault,Medium,3,89,6500,TRUE
INC-202301-MAN-021-01,2023-01-16T09:32:00Z,Manchester,MAN-021,Rail,Track Fault,Medium,3,129,,TRUE
INC-202301-BRI-014-02,2023-01-16T15:37:00Z,Bristol,BRI-014,Bus,Vehicle Fault,Low,1,11,570,TRUE
INC-202301-MAN-017-01,2023-01-16T19:10:00Z,Manchester,MAN-017,Underground,Passenger Incident,Med-High,4,4260,50293,TRUE
INC-202301-LON-017-02,2023-01-17T02:29:00Z,London,LON-017,Bus,Roadworks,Low-Med,2,52,3273,TRUE
INC-202301-LON-020-02,2023-01-17T08:19:00Z,London,LON-020,Bus,Vehicle Fault,MEDIUM,3,121,17120,TRUE
INC-202301-EDI-003-01,2023-01-17T17:35:00Z,Edinburgh,EDI-003,Bus,Congestion,Low-Med,2,32,2813,TRUE
INC-202301-BRI-019-02,2023-01-17T18:41:00Z,Bristol,BRI-019,Rail,Signal Failure,High,5,156,28811,TRUE
INC-202301-BRI-011-01,2023-01-17T19:55:00Z,Bristol,BRI-011,Bus,Congestion,Low-Med,2,36,5431,TRUE
INC-202301-BRI-018-02,2023-01-18T04:24:00Z,Bristol,BRI-018,Bus,Congestion,Medium,3,65,3481,TRUE
INC-202301-LON-020-01,2023-01-18T07:51:00Z,London,LON-020,Bus,Congestion,Low,1,20,2114,FALSE
INC-202301-LON-005-01,2023-01-18T09:10:00Z,London,LON-005,Rail,Signal Failure,Low-Med,2,67,6323,TRUE
INC-202301-LON-021-03,2023-01-18T10:49:00Z,London,LON-021,Bus,Roadworks,Low-Med,2,51,3833,TRUE
INC-202301-EDI-022-01,2023-01-19T09:32:00Z,Edinburgh,EDI-022,BikeShare,Dock Empty,Low,1,11,37,TRUE
INC-202301-LON-017-01,2023-01-19T20:41:00Z,London,LON-017,Bus,Roadworks,Low,1,20,2272,TRUE
INC-202301-MAN-022-03,2023-01-19T21:45:00Z,MAN,MAN-022,Rail,Rolling Stock,High,5,212,24006,TRUE
INC-202301-BRI-008-02,2023-01-20T18:52:00Z,Bristol,BRI-008,Rail,Signal Failure,Medium,3,118,11668,TRUE
INC-202301-BRI-016-01,2023-01-21T07:15:00Z,Bristol,BRI-016,Rail,Signal Failure,Medium,3,67,4880,TRUE
INC-202301-EDI-006-01,2023-01-22T07:46:00Z,Edinburgh,EDI-006,Underground,Signal Failure,Med-High,4,144,33984,TRUE
INC-202301-MAN-012-01,2023-01-22T08:58:00Z,Manchester,MAN-012,Rail,Weather,Medium,3,65,5932,FALSE
INC-202301-EDI-010-01,2023-01-22T09:53:00Z,Edinburgh,EDI-010,Bus,Roadworks,Medium,3,108,7445,TRUE
INC-202301-LON-011-01,2023-01-22T15:44:00Z,London,LON-011,Tram,Vehicle Fault,Low,1,14,870,TRUE
INC-202301-BRI-020-02,2023-01-22T18:59:00Z,Bristol,BRI-020,rail,Rolling Stock,Medium,3,89,10800,TRUE
INC-202301-LON-021-02,2023-01-23T13:18:00Z,London,LON-021,Bus,Roadworks,Medium,3,91,8186,TRUE
INC-202010-LON-006-02,2023-01-23T17:58:00Z,Bristol,BRI-006,Bus,Congestion,Low,1,20,647,TRUE
INC-202301-LON-021-05,2023-01-24T00:20:00Z,London,LON-021,Bus,Congestion,Low-Med,2,68,8661,TRUE
INC-202301-BRI-002-01,2023-01-24T04:09:00Z,bristol,BRI-002,Bus,Vehicle Fault,Low-Med,2,37,1014,TRUE
INC-202301-BRI-020-01,2023-01-24T06:43:00Z,Bristol,BRI-020,Rail,Rolling Stock,Medium,3,122,17827,TRUE
INC-202301-LON-001-03,2023-01-24T10:03:00Z,LDN,LON-001,Bus,Staff Shortage,Medium,3,121,19974,TRUE
INC-202301-EDI-001-02,2023-01-25T05:53:00Z,Edinburgh,EDI-001,Underground,Power Issue,High,5,293,69972,TRUE
INC-202301-MAN-003-01,2023-01-25T17:58:00Z,Manchester,MAN-003,BikeShare,Vandalism,Low-Med,2,53,1362,TRUE
INC-202301-MAN-008-02,2023-01-25T18:06:00Z,Manchester,MAN-008,Bus,Roadworks,Low,1,19,1308,TRUE
INC-202301-MAN-015-01,2023-01-25T21:27:00Z,Manchester,MAN-015,Bus,Accident,Low-Med,2,44,4390,TRUE
INC-202301-BRI-014-01,2023-01-25T23:41:00Z,Bristol,BRI-014,Bus,Roadworks,Low,1,,232,TRUE
INC-202301-BRI-002-02,2023-01-26T11:39:00Z,Bristol,BRI-002,Bus,Congestion,Medium,3,113,4836,TRUE
INC-202301-EDI-011-01,2023-01-27T06:21:00Z,Edinburgh,EDI-011,Bus,Vehicle Fault,Low,1,5,249,TRUE
INC-202301-MAN-009-02,2023-01-27T09:13:00Z,Manchester,MAN-009,Underground,Passenger Incident,MEDIUM,3,85,22706,FALSE
INC-202301-BRI-005-02,2023-01-27T17:44:00Z,Bristol,BRI-005,Bus,Staff Shortage,Low-Med,2,57,2647,TRUE
INC-202301-LON-015-01,2023-01-28T06:48:00Z,London,LON-015,Rail,Track Fault,Low-Med,2,64,12179,TRUE
INC-202301-BRI-008-01,2023-01-28T08:39:00Z,Bristol,BRI-008,Rail,Signal Failure,Low Med,2,48,6509,TRUE
INC-202301-MAN-015-02,2023-01-28T12:34:00Z,Manchester,MAN-015,Bus,Vehicle Fault,Medium,3,103,7399,TRUE
INC-202301-EDI-009-03,2023-01-28T13:51:00Z,Edinburgh,EDI-009,Bus,Roadworks,Low-Med,2,31,1910,TRUE
INC-202301-LON-006-01,2023-01-28T17:26:00Z,LDN,LON-006,BikeShare,Dock Empty,Low,1,5,33,TRUE
INC-202301-MAN-016-01,2023-01-28T17:55:00Z,Manchester,MAN-016,Bus,Roadworks,Low-Med,2,54,1774,TRUE
INC-202301-EDI-001-01,2023-01-29T08:29:00Z,Edinburgh,EDI-001,Underground,Passenger Incident,Medium,3,98,16679,TRUE
INC-202301-LON-006-02,2023-01-29T09:33:00Z,London,LON-006,BikeShare,Dock Full,Low,1,5,34,TRUE
INC-202301-EDI-009-02,2023-01-29T18:08:00Z,Edinburgh,EDI-009,Bus,Congestion,Low,1,8,173,FALSE
INC-202301-MAN-014-01,2023-01-29T19:07:00Z,Manchester,MAN-014,BikeShare,Vandalism,Low,1,16,117,TRUE
INC-202301-MAN-009-03,2023-01-29T23:15:00Z,Manchester,MAN-009,Underground,Signal Failure,Medium,3,106,45885,TRUE
INC-202301-LON-003-01,2023-01-30T04:15:00Z,London,LON-003,Bus,Roadworks,Low-Med,2,,2329,TRUE
INC-202301-LON-004-02,2023-01-30T18:19:00Z,London,LON-004,Tram,Obstruction,Medium,3,98,5712,TRUE
INC-202301-LON-021-04,2023-01-30T19:47:00Z,London,LON-021,Bus,Staff Shortage,Low,1,24,1482,TRUE
INC-202301-MAN-002-01,2023-01-30T23:22:00Z,Manchester,MAN-002,Tram,Vehicle Fault,Low-Med,2,45,711,FALSE
INC-202301-BRI-011-03,2023-01-31T07:56:00Z,Bristol,BRI-011,Bus,Vehicle Fault,Medium,3,51,8055,TRUE
INC-202301-EDI-002-01,2023-01-31T14:00:00Z,Edinburgh,EDI-002,Bus,Accident,Low,1,22,1113,TRUE
INC-202302-EDI-015-01,2023-02-01T19:25:00Z,Edinburgh,EDI-015,Bus,Congestion,Low-Med,2,63,3805,TRUE
INC-202302-EDI-015-02,2023-02-02T06:02:00Z,Edinburgh,EDI-015,Bus,Roadworks,LOW-MED,2,47,3424,TRUE
INC-202302-BRI-004-01,2023-02-02T07:58:00Z,Bristol,BRI-004,Underground,Signal Failure,Medium,3,83,17044,TRUE
INC-202302-LON-015-01,2023-02-02T16:02:00Z,London,LON-015,Rail,Track Fault,High,5,157,30266,TRUE
INC-202302-LON-020-02,2023-02-03T10:13:00Z,London,LON-020,bus,Congestion,Low-Med,2,39,5191,TRUE
INC-202302-MAN-013-02,2023-02-04T01:58:00Z,Manchester,MAN-013,Underground,Passenger Incident,Med-High,4,194,40361,FALSE
INC-202302-MAN-016-02,2023-02-04T02:28:00Z,Manchester,MAN-016,Bus,Roadworks,Low-Med,2,54,3295,TRUE
INC-202302-MAN-001-01,2023-02-04T09:09:00Z,Manchester,MAN-001,Bus,Roadworks,Low,1,21,1502,TRUE
INC-202302-LON-021-01,2023-02-04T18:46:00Z,London,LON-021,Bus,Congestion,Low-Med,2,40,5826,TRUE
INC-202302-LON-022-02,2023-02-04T23:56:00Z,London,LON-022,Underground,Station Closure,Med-High,4,108,35518,TRUE
INC-202302-MAN-017-02,2023-02-05T02:30:00Z,Manchester,MAN-017,Underground,Signal Failure,Medium,3,100,32347,TRUE
INC-202302-LON-014-02,2023-02-05T15:21:00Z,London,LON-014,Bus,Staff Shortage,Low-Med,2,49,4149,TRUE
INC-202302-EDI-016-01,2023-02-05T17:49:00Z,Edinburgh,EDI-016,BikeShare,Dock Full,Low,1,12,156,TRUE
INC-202302-EDI-005-01,2023-02-06T02:09:00Z,Edinburgh,EDI-005,Underground,Station Closure,Med-High,4,202,50856,TRUE
INC-202302-EDI-006-01,2023-02-06T08:22:00Z,Edinburgh,EDI-006,Underground,Power Issue,Medium,3,61,19602,TRUE
INC-202302-LON-002-01,2023-02-06T17:51:00Z,London,LON-002,Bus,Congestion,Low-Med,2,62,5279,TRUE
INC-202302-LON-017-02,2023-02-07T04:14:00Z,London,LON-017,Bus,Roadworks,Low-Med,2,31,2473,TRUE
INC-202302-MAN-002-03,2023-02-07T08:09:00Z,Manchester,MAN-002,Tram,Roadworks,Low,1,27,,TRUE
INC-202302-EDI-003-01,2023-02-07T13:23:00Z,Edinburgh,EDI-003,Bus,Roadworks,Medium,3,125,5427,TRUE
INC-202302-LON-009-01,2023-02-07T17:58:00Z,London,LON-009,Rail,Signal Failure,Medium,3,102,10983,TRUE
INC-202302-LON-015-02,2023-02-07T19:51:00Z,London,LON-015,rail,Rolling Stock,Medium,3,120,18708,TRUE
INC-202302-LON-011-02,2023-02-07T22:48:00Z,London,LON-011,Tram,Vehicle Fault,Medium,3,62,3713,FALSE
INC-202302-EDI-017-01,2023-02-08T00:06:00Z,Edinburgh,EDI-017,Underground,Signal Failure,Medium,3,63,13063,TRUE
INC-202302-LON-008-01,2023-02-08T13:57:00Z,London,LON-008,Bus,Congestion,Med-High,4,168,12619,TRUE
INC-202302-LON-020-01,2023-02-08T21:51:00Z,London,LON-020,Bus,Roadworks,Low,1,13,580,TRUE
INC-202302-MAN-007-01,2023-02-09T06:25:00Z,Manchester,MAN-007,tram,Obstruction,Low,1,12,292,TRUE
INC-202302-EDI-013-01,2023-02-09T08:08:00Z,Edinburgh,EDI-013,Rail,Rolling Stock,Low-Med,2,52,9040,TRUE
INC-202207-EDI-013-02,2023-02-09T10:55:00Z,Bristol,BRI-002,Bus,Accident,Low,1,19,991,TRUE
INC-202302-MAN-017-01,2023-02-09T19:15:00Z,Manchester,MAN-017,Underground,Power Issue,High,5,176,38640,TRUE
INC-202302-BRI-019-02,2023-02-10T18:32:00Z,Bristol,BRI-019,Rail,Rolling Stock,Low-Med,2,44,7229,TRUE
INC-202302-BRI-006-01,2023-02-10T21:10:00Z,Bristol,BRI-006,Bus,Congestion,Low,1,20,1445,TRUE
INC-202302-EDI-005-04,2023-02-10T22:33:00Z,Edinburgh,EDI-005,Underground,Passenger Incident,Low-Med,2,57,7428,TRUE
INC-202302-MAN-016-01,2023-02-11T06:13:00Z,Manchester,MAN-016,Bus,Roadworks,Medium,3,123,8092,TRUE
INC-202302-LON-018-01,2023-02-11T20:46:00Z,London,LON-018,Bus,Roadworks,Low-Med,2,64,,TRUE
INC-202302-BRI-014-02,2023-02-12T03:30:00Z,Bristol,BRI-014,Bus,Congestion,Low-Med,2,17,1005,TRUE
INC-202302-LON-017-01,2023-02-12T04:22:00Z,London,LON-017,Bus,Roadworks,Medium,3,84,5411,TRUE
INC-202302-BRI-019-01,2023-02-12T15:43:00Z,Bristol,BRI-019,Rail,Track Fault,Medium,3,62,3831,TRUE
INC-202302-BRI-014-03,2023-02-12T16:28:00Z,Bristol,BRI-014,Bus,Congestion,Low,1,10,311,TRUE
INC-202302-LON-022-01,2023-02-13T01:28:00Z,London,LON-022,Underground,Signal Failure,Med-High,4,155,51470,TRUE
INC-202302-MAN-009-01,2023-02-13T07:12:00Z,Manchester,MAN-009,underground,Power Issue,Med-High,4,101,17108,TRUE
INC-202302-EDI-019-01,2023-02-13T08:22:00Z,Edinburgh,EDI-019,Tram,Obstruction,Low,1,19,293,TRUE
INC-202302-EDI-005-02,2023-02-13T11:23:00Z,Edinburgh,EDI-005,Underground,Power Issue,Med-High,4,100,12675,FALSE
INC-202302-EDI-005-03,2023-02-13T23:23:00Z,Edinburgh,EDI-005,Underground,Passenger Incident,Med High,4,168,31017,TRUE
INC-202302-MAN-020-02,2023-02-14T04:53:00Z,Manchester,MAN-020,Bus,Vehicle Fault,Low,1,16,767,TRUE
INC-202302-LON-004-02,2023-02-14T08:57:00Z,London,LON-004,Tram,Roadworks,Medium,3,63,2133,TRUE
INC-202302-BRI-013-01,2023-02-14T17:05:00Z,Bristol,BRI-013,Bus,Congestion,Low,1,13,746,TRUE
INC-202302-EDI-007-03,2023-02-15T08:37:00Z,Edinburgh,EDI-007,BikeShare,Bike Fault,Low,1,5,44,TRUE
INC-202302-EDI-007-01,2023-02-15T16:16:00Z,Edinburgh,EDI-007,BikeShare,Dock Full,Low,1,9,173,TRUE
INC-202302-BRI-004-02,2023-02-15T20:59:00Z,Bristol,BRI-004,Underground,Power Issue,Med-High,4,129,38389,FALSE
INC-202302-BRI-004-05,2023-02-16T17:58:00Z,bristol,BRI-004,Underground,Signal Failure,Medium,3,107,34807,TRUE
INC-202302-BRI-004-03,2023-02-16T21:16:00Z,Bristol,BRI-004,Underground,Power Issue,Med-High,4,208,57969,TRUE
INC-202302-LON-011-01,2023-02-17T06:12:00Z,London,LON-011,Tram,Vehicle Fault,Medium,3,88,8234,TRUE
INC-202302-MAN-002-02,2023-02-17T06:22:00Z,Manchester,MAN-002,Tram,Vehicle Fault,Low,1,29,900,TRUE
INC-202302-BRI-020-02,2023-02-17T08:27:00Z,bristol,BRI-020,Rail,Rolling Stock,Medium,3,54,8387,TRUE
INC-202302-LON-004-01,2023-02-17T08:36:00Z,London,LON-004,Tram,Vehicle Fault,Medium,3,,3446,TRUE
INC-202302-LON-012-02,2023-02-17T09:40:00Z,London,LON-012,Bus,Vehicle Fault,Med-High,4,123,14456,TRUE
INC-202302-BRI-010-01,2023-02-17T10:24:00Z,Bristol,BRI-010,BikeShare,Vandalism,Low,1,7,36,TRUE
INC-202302-LON-019-01,2023-02-17T11:49:00Z,London,LON-019,Bus,Roadworks,Medium,3,79,4586,TRUE
INC-202302-EDI-004-01,2023-02-17T17:02:00Z,Edinburgh,EDI-004,Bus,Accident,Low,1,9,278,TRUE
INC-202302-LON-016-01,2023-02-17T17:10:00Z,London,LON-016,Rail,Track Fault,Medium,3,91,30293,TRUE
INC-202302-MAN-008-03,2023-02-17T17:32:00Z,Manchester,MAN-008,Bus,Roadworks,Low-Med,2,61,4836,TRUE
INC-202302-MAN-002-01,2023-02-17T17:56:00Z,Manchester,MAN-002,Tram,Vehicle Fault,Medium,3,59,1971,TRUE
INC-202302-MAN-013-04,2023-02-17T18:53:00Z,Manchester,MAN-013,Underground,Power Issue,High,5,148,47060,TRUE
INC-202302-LON-008-02,2023-02-18T09:12:00Z,london,LON-008,Bus,Roadworks,Low-Med,2,40,2590,TRUE
INC-202302-EDI-009-02,2023-02-18T12:58:00Z,Edinburgh,EDI-009,Bus,Congestion,Medium,3,106,2615,TRUE
INC-202302-EDI-009-02,2023-02-18T13:03:00Z,Edinburgh,EDI-009,Bus,Congestion,Medium,3,106,2615,TRUE
INC-202302-LON-016-02,2023-02-18T22:00:00Z,London,LON-016,Rail,Track Fault,High,5,244,30605,TRUE
INC-202302-MAN-014-01,2023-02-19T16:54:00Z,Manchester,MAN-014,BikeShare,Dock Empty,Low,1,12,112,TRUE
INC-202302-MAN-008-01,2023-02-19T19:39:00Z,Manchester,MAN-008,Bus,Roadworks,Medium,3,52,3356,TRUE
INC-202302-LON-018-02,2023-02-19T19:41:00Z,London,LON-018,Bus,Congestion,Low-Med,2,61,3797,TRUE
INC-202302-EDI-001-01,2023-02-19T21:34:00Z,Edinburgh,EDI-001,Underground,Power Issue,Medium,3,98,16353,TRUE
INC-202302-LON-005-01,2023-02-20T09:19:00Z,London,LON-005,Rail,Track Fault,Med-High,4,3480,54889,TRUE
INC-202302-BRI-014-01,2023-02-20T09:51:00Z,Bristol,BRI-014,Bus,Congestion,Low-Med,2,53,2470,TRUE
INC-202302-LON-006-01,2023-02-20T10:41:00Z,London,LON-006,BikeShare,Bike Fault,Low-Med,2,35,689,TRUE
INC-202302-MAN-004-01,2023-02-20T11:48:00Z,Manchester,MAN-004,Bus,Accident,Low-Med,2,26,1997,TRUE
INC-202302-BRI-004-04,2023-02-20T12:17:00Z,Bristol,BRI-004,Underground,Signal Failure,Low-Med,2,30,7290,TRUE
INC-202302-LON-014-01,2023-02-20T18:53:00Z,London,LON-014,Bus,Staff Shortage,Low-Med,2,64,5554,TRUE
INC-202302-EDI-008-01,2023-02-21T12:36:00Z,Edinburgh,EDI-008,Bus,Vehicle Fault,Low,1,5,262,TRUE
INC-202302-EDI-009-01,2023-02-21T21:28:00Z,Edinburgh,EDI-009,Bus,Roadworks,MEDIUM,3,54,1456,TRUE
INC-202302-MAN-015-01,2023-02-22T01:53:00Z,Manchester,MAN-015,Bus,Roadworks,Medium,3,74,,TRUE
INC-202302-BRI-020-01,2023-02-22T06:28:00Z,Bristol,BRI-020,Rail,Weather,Low-Med,2,40,9779,TRUE
INC-202302-EDI-013-02,2023-02-22T15:38:00Z,Edinburgh,EDI-013,Rail,Rolling Stock,Medium,3,128,11950,TRUE
INC-202302-BRI-005-01,2023-02-22T16:08:00Z,Bristol,BRI-005,Bus,Roadworks,Low,1,7,471,TRUE
INC-202302-LON-003-03,2023-02-22T17:38:00Z,London,LON-003,Bus,Roadworks,Low-Med,2,52,3291,TRUE
INC-202302-LON-003-01,2023-02-23T03:35:00Z,London,LON-003,Bus,Roadworks,Low-Med,2,27,1585,TRUE
INC-202302-LON-020-03,2023-02-23T06:47:00Z,London,LON-020,Bus,Congestion,Medium,3,96,8879,TRUE
INC-202302-EDI-014-01,2023-02-24T01:08:00Z,Edinburgh,EDI-014,Underground,Station Closure,High,5,174,,FALSE
INC-202302-MAN-010-01,2023-02-24T07:52:00Z,Manchester,MAN-010,Rail,Signal Failure,High,5,256,46333,TRUE
INC-202302-MAN-005-01,2023-02-24T18:51:00Z,MAN,MAN-005,Tram,Vehicle Fault,Low,1,7,423,TRUE
INC-202302-LON-012-03,2023-02-25T08:34:00Z,London,LON-012,Bus,Congestion,Medium,3,118,18667,TRUE
INC-202302-MAN-020-01,2023-02-25T17:56:00Z,Manchester,MAN-020,Bus,Congestion,Low-Med,2,55,5723,TRUE
INC-202302-BRI-002-02,2023-02-26T04:49:00Z,Bristol,BRI-002,Bus,,Low,1,6,276,TRUE
INC-202302-MAN-010-02,2023-02-26T06:32:00Z,Manchester,MAN-010,Rail,Signal Failure,Medium,3,2000,38340,TRUE
INC-202302-MAN-013-01,2023-02-26T08:08:00Z,Manchester,MAN-013,Underground,Passenger Incident,High,5,307,99392,TRUE
INC-202302-LON-012-01,2023-02-26T08:18:00Z,London,LON-012,Bus,Congestion,Medium,3,45,4678,TRUE
INC-202302-LON-003-02,2023-02-26T23:43:00Z,London,LON-003,Bus,Congestion,Low,1,6,510,TRUE
INC-202302-LON-018-03,2023-02-27T08:44:00Z,London,LON-018,Bus,Vehicle Fault,Low-Med,2,36,3015,TRUE
INC-202302-BRI-008-01,2023-02-27T15:42:00Z,Bristol,BRI-008,Rail,Signal Failure,Low,1,26,2937,TRUE
INC-202302-EDI-004-02,2023-02-27T18:09:00Z,Edinburgh,EDI-004,Bus,Congestion,Low-Med,2,45,3097,FALSE
INC-202302-MAN-013-03,2023-02-27T22:12:00Z,Manchester,MAN-013,Underground,Power Issue,Low-Med,2,58,24924,FALSE
INC-202302-MAN-008-02,2023-02-28T07:20:00Z,MAN,MAN-008,Bus,Roadworks,Medium,3,94,11730,TRUE
INC-202302-MAN-009-02,2023-02-28T07:41:00Z,Manchester,MAN-009,Underground,Passenger Incident,High,5,160,44293,TRUE
INC-202302-EDI-010-01,2023-02-28T07:41:00Z,Edinburgh,EDI-010,Bus,Roadworks,Low-Med,2,45,1670,TRUE
INC-202302-EDI-007-02,2023-02-28T07:57:00Z,Edinburgh,EDI-007,BikeShare,Vandalism,Low-Med,2,31,3232,TRUE
INC-202302-MAN-012-01,2023-02-28T10:05:00Z,Manchester,MAN-012,Rail,Rolling Stock,Medium,3,76,11023,TRUE
INC-202302-LON-011-03,2023-02-28T17:23:00Z,London,LON-011,Tram,Vehicle Fault,Low-Med,2,36,3676,TRUE
INC-202302-LON-015-03,2023-02-28T19:58:00Z,London,LON-015,Rail,Rolling Stock,Medium,3,94,15470,TRUE
INC-202303-LON-017-01,2023-03-01T23:54:00Z,London,LON-017,Bus,,Low,1,19,1365,TRUE
INC-202303-LON-017-01,2023-03-01T23:56:00Z,London,LON-017,Bus,,Low,1,19,1365,TRUE
INC-202303-MAN-011-01,2023-03-02T08:17:00Z,Manchester,MAN-011,Bus,Roadworks,Low-Med,2,44,3455,TRUE
INC-202303-BRI-010-01,2023-03-02T09:19:00Z,Bristol,BRI-010,BikeShare,Dock Empty,Low,1,8,38,TRUE
INC-202303-EDI-019-01,2023-03-02T11:40:00Z,Edinburgh,EDI-019,Tram,Power Issue,Low-Med,2,48,994,TRUE
INC-202303-LON-006-01,2023-03-02T18:32:00Z,London,LON-006,BikeShare,App Outage,Low-Med,2,53,400,TRUE
INC-202303-MAN-006-02,2023-03-03T12:11:00Z,Manchester,MAN-006,Tram,Roadworks,Low-Med,2,26,1589,TRUE
INC-202109-EDI-005-01,2023-03-04T00:29:00Z,Manchester,MAN-015,Bus,Accident,Low,1,8,762,TRUE
INC-202303-MAN-008-02,2023-03-04T03:56:00Z,Manchester,MAN-008,Bus,Vehicle Fault,Medium,3,91,6152,TRUE
INC-202303-LON-014-01,2023-03-04T09:50:00Z,london,LON-014,Bus,Roadworks,Med-High,4,179,7563,TRUE
INC-202303-BRI-017-01,2023-03-04T11:24:00Z,Bristol,BRI-017,Bus,Vehicle Fault,Low,1,14,699,TRUE
INC-202303-LON-007-01,2023-03-04T17:20:00Z,london,LON-007,Tram,Obstruction,LOW,1,25,1040,TRUE
INC-202303-LON-009-02,2023-03-04T23:27:00Z,London,LON-009,Rail,Track Fault,High,5,319,85750,TRUE
INC-202303-BRI-018-03,2023-03-05T01:33:00Z,Bristol,BRI-018,Bus,Accident,Low,1,6,324,TRUE
INC-202303-EDI-004-01,2023-03-05T07:22:00Z,Edinburgh,EDI-004,Bus,Congestion,Low-Med,2,50,4542,TRUE
INC-202303-BRI-007-01,2023-03-05T23:25:00Z,Bristol,BRI-007,Tram,Vehicle Fault,Low,1,19,10280,TRUE
INC-202303-MAN-011-02,2023-03-06T09:08:00Z,Manchester,MAN-011,Bus,Roadworks,Low-Med,2,48,3673,TRUE
INC-202303-MAN-011-02,2023-03-06T09:10:00Z,Manchester,MAN-011,Bus,Roadworks,Low-Med,2,48,3673,TRUE
INC-202303-LON-004-02,2023-03-06T19:45:00Z,London,LON-004,Tram,Roadworks,Med-High,4,131,9233,TRUE
INC-202303-EDI-018-01,2023-03-06T20:55:00Z,Edinburgh,EDI-018,Rail,Rolling Stock,Low-Med,2,43,3091,TRUE
INC-202303-MAN-010-01,2023-03-07T08:40:00Z,Manchester,MAN-010,Rail,Signal Failure,Low-Med,2,30,3401,TRUE
INC-202303-LON-010-01,2023-03-07T08:47:00Z,London,LON-010,BikeShare,Dock Empty,Low,1,13,149,TRUE
INC-202303-LON-005-03,2023-03-07T09:58:00Z,London,LON-005,rail,Track Fault,Medium,3,71,16396,FALSE
INC-202303-EDI-011-05,2023-03-07T16:03:00Z,Edinburgh,EDI-011,Bus,Vehicle Fault,Low,1,14,1321,FALSE
INC-202303-LON-015-01,2023-03-07T18:55:00Z,London,LON-015,Rail,Weather,Medium,3,61,4915,TRUE
INC-202303-LON-001-01,2023-03-08T01:24:00Z,London,LON-001,Bus,Roadworks,Med-High,4,130,12449,TRUE
INC-202303-EDI-003-01,2023-03-08T09:50:00Z,Edinburgh,EDI-003,Bus,Roadworks,Low-Med,2,46,2181,TRUE
INC-202303-EDI-002-02,2023-03-08T14:33:00Z,Edinburgh,EDI-002,Bus,Congestion,Low,1,22,879,TRUE
INC-202402-MAN-022-02,2023-03-08T15:30:00Z,Bristol,BRI-004,Underground,Signal Failure,Med-High,4,140,25879,TRUE
INC-202303-MAN-019-02,2023-03-08T18:17:00Z,Manchester,MAN-019,Underground,Passenger Incident,Medium,3,116,28384,TRUE
INC-202303-LON-002-01,2023-03-09T02:14:00Z,London,LON-002,Bus,Roadworks,Med-High,4,168,11099,FALSE
INC-202303-LON-013-01,2023-03-09T04:58:00Z,London,LON-013,Underground,Signal Failure,High,5,308,96836,TRUE
INC-202303-LON-013-01,2023-03-09T05:02:00Z,London,LON-013,Underground,Signal Failure,High,5,308,96836,TRUE
INC-202303-EDI-002-01,2023-03-09T15:37:00Z,Edinburgh,EDI-002,Bus,Staff Shortage,Low,1,5,177,TRUE
INC-202303-MAN-008-01,2023-03-10T02:04:00Z,Manchester,MAN-008,Bus,Congestion,Low-Med,2,40,5735,TRUE
INC-202303-LON-003-01,2023-03-10T08:03:00Z,London,LON-003,Bus,Congestion,Low,1,11,405,TRUE
INC-202303-BRI-012-01,2023-03-10T17:43:00Z,Bristol,BRI-012,BikeShare,Dock Full,Low,1,14,148,TRUE
INC-202303-MAN-022-01,2023-03-11T04:31:00Z,MAN,MAN-022,Rail,Signal Failure,Med-High,4,140,21742,TRUE
INC-202303-EDI-011-04,2023-03-11T06:01:00Z,Edinburgh,EDI-011,Bus,Accident,Low,1,16,1188,TRUE
INC-202303-LON-004-01,2023-03-11T12:22:00Z,LDN,LON-004,Tram,Vehicle Fault,Low-Med,2,41,1440,TRUE
INC-202303-BRI-014-02,2023-03-11T21:52:00Z,Bristol,BRI-014,Bus,Roadworks,Low,1,5,701,TRUE
INC-202303-LON-016-03,2023-03-13T02:24:00Z,London,LON-016,Rail,Signal Failure,Medium,3,83,15765,TRUE
INC-202303-BRI-016-01,2023-03-13T06:29:00Z,Bristol,BRI-016,Rail,Signal Failure,Medium,3,94,6631,TRUE
INC-202303-EDI-009-01,2023-03-13T19:36:00Z,Edinburgh,EDI-009,Bus,Vehicle Fault,Low,1,6,191,TRUE
INC-202303-MAN-021-01,2023-03-14T11:26:00Z,Manchester,MAN-021,Rail,Signal Failure,Low-Med,2,34,4834,TRUE
INC-202303-BRI-016-02,2023-03-14T12:18:00Z,Bristol,BRI-016,Rail,Rolling Stock,Low-Med,2,50,3464,TRUE
INC-202303-LON-016-01,2023-03-14T23:22:00Z,London,LON-016,Rail,Weather,Medium,3,106,13685,TRUE
INC-202303-BRI-005-01,2023-03-15T01:03:00Z,Bristol,BRI-005,Bus,Vehicle Fault,MEDIUM,3,104,11224,TRUE
INC-202303-LON-002-02,2023-03-15T09:08:00Z,London,LON-002,Bus,Roadworks,Medium,3,101,8996,TRUE
INC-202303-MAN-001-01,2023-03-15T09:25:00Z,Manchester,MAN-001,Bus,Staff Shortage,Low-Med,2,36,3066,TRUE
INC-202303-MAN-008-03,2023-03-15T16:08:00Z,Manchester,MAN-008,Bus,Vehicle Fault,Med-High,4,180,16806,FALSE
INC-202303-EDI-017-01,2023-03-16T06:49:00Z,Edinburgh,EDI-017,Underground,Power Issue,Med-High,4,164,,TRUE
INC-202303-EDI-011-02,2023-03-16T15:43:00Z,Edinburgh,EDI-011,Bus,Staff Shortage,Medium,3,126,12957,TRUE
INC-202303-LON-015-02,2023-03-16T16:14:00Z,London,LON-015,Rail,Track Fault,Medium,3,128,9387,TRUE
INC-202303-LON-015-03,2023-03-16T19:55:00Z,London,LON-015,Rail,Signal Failure,Medium,3,57,6289,FALSE
INC-202303-EDI-013-01,2023-03-16T23:33:00Z,Edinburgh,EDI-013,Rail,Signal Failure,Medium,3,72,9478,TRUE
INC-202303-BRI-022-01,2023-03-17T03:55:00Z,Bristol,BRI-022,Underground,Signal Failure,Medium,3,78,29727,FALSE
INC-202303-BRI-018-02,2023-03-18T05:31:00Z,Bristol,BRI-018,Bus,Vehicle Fault,Low-Med,2,23,562,TRUE
INC-202303-LON-011-01,2023-03-18T17:56:00Z,London,LON-011,Tram,Power Issue,Med-High,4,161,11301,TRUE
INC-202303-EDI-015-01,2023-03-19T05:36:00Z,Edinburgh,EDI-015,Bus,Congestion,Low,1,12,484,TRUE
INC-202303-MAN-001-02,2023-03-19T22:26:00Z,Manchester,MAN-001,Bus,Roadworks,Medium,3,122,4312,TRUE
INC-202303-LON-019-03,2023-03-19T23:04:00Z,London,LON-019,Bus,Accident,Low-Med,2,21,1695,TRUE
INC-202303-MAN-006-01,2023-03-20T02:27:00Z,Manchester,MAN-006,Tram,Vehicle Fault,Low-Med,2,29,1370,TRUE
INC-202303-EDI-006-01,2023-03-20T09:59:00Z,Edinburgh,EDI-006,Underground,Signal Failure,Med-High,4,130,33753,TRUE
INC-202303-BRI-017-02,2023-03-20T19:17:00Z,Bristol,BRI-017,Bus,Roadworks,Low,1,5,291,TRUE
INC-202303-MAN-011-03,2023-03-20T20:31:00Z,Manchester,MAN-011,Bus,Accident,Low,1,5,534,FALSE
INC-202303-LON-019-01,2023-03-21T04:23:00Z,London,LON-019,Bus,Vehicle Fault,Low-Med,2,38,3232,TRUE
INC-202303-LON-005-02,2023-03-21T04:29:00Z,London,LON-005,Rail,Signal Failure,Low-Med,2,63,9727,TRUE
INC-202303-BRI-011-01,2023-03-21T08:08:00Z,Bristol,BRI-011,Bus,Roadworks,Low-Med,2,45,1293,TRUE
INC-202303-LON-018-01,2023-03-21T17:57:00Z,London,LON-018,Bus,Roadworks,Medium,3,75,3282,TRUE
INC-202303-EDI-022-01,2023-03-21T18:28:00Z,Edinburgh,EDI-022,BikeShare,Vandalism,Low,1,12,78,TRUE
INC-202303-BRI-014-01,2023-03-21T18:47:00Z,Bristol,BRI-014,Bus,Roadworks,Low,1,15,393,TRUE
INC-202303-LON-009-01,2023-03-23T03:42:00Z,London,LON-009,Rail,Rolling Stock,Med-High,4,211,74559,TRUE
INC-202303-EDI-021-01,2023-03-23T08:01:00Z,Edinburgh,EDI-021,tram,Vehicle Fault,Medium,3,100,3640,TRUE
INC-202303-EDI-010-01,2023-03-24T04:24:00Z,Edinburgh,EDI-010,Bus,Roadworks,Low-Med,2,38,2701,TRUE
INC-202303-EDI-002-03,2023-03-24T22:56:00Z,Edinburgh,EDI-002,Bus,Roadworks,Low-Med,2,51,2238,TRUE
INC-202303-EDI-011-03,2023-03-25T01:00:00Z,EDI,EDI-011,Bus,Roadworks,Low-Med,2,57,4456,TRUE
INC-202303-EDI-011-01,2023-03-25T06:36:00Z,Edinburgh,EDI-011,Bus,Staff Shortage,Med-High,4,193,16157,TRUE
INC-202303-MAN-019-01,2023-03-25T09:50:00Z,Manchester,MAN-019,Underground,Signal Failure,Med-High,4,211,42909,TRUE
INC-202303-LON-010-02,2023-03-25T18:12:00Z,London,LON-010,BikeShare,Bike Fault,Low,1,10,92,TRUE
INC-202303-LON-022-01,2023-03-27T07:32:00Z,London,LON-022,Underground,Station Closure,Med-High,4,209,33863,TRUE
INC-202303-LON-005-01,2023-03-27T07:43:00Z,London,LON-005,Rail,Rolling Stock,Medium,3,115,24575,TRUE
INC-202303-LON-021-01,2023-03-27T11:23:00Z,London,LON-021,Bus,Accident,Medium,3,103,10170,TRUE
INC-202303-LON-014-02,2023-03-27T21:50:00Z,London,LON-014,Bus,Congestion,Medium,3,109,14305,TRUE
INC-202303-BRI-018-01,2023-03-28T13:08:00Z,Bristol,BRI-018,Bus,Accident,Low,1,8,451,TRUE
INC-202303-MAN-013-01,2023-03-29T11:38:00Z,Manchester,MAN-013,Underground,Power Issue,Med-High,4,198,33576,TRUE
INC-202303-BRI-003-01,2023-03-30T07:06:00Z,Bristol,BRI-003,Rail,Signal Failure,Med-High,4,207,32922,TRUE
INC-202303-LON-016-02,2023-03-30T09:45:00Z,London,LON-016,Rail,,Med-High,4,136,15438,TRUE
INC-202303-MAN-010-02,2023-03-30T18:14:00Z,Manchester,MAN-010,Rail,Track Fault,Medium,3,63,5655,TRUE
INC-202303-LON-009-03,2023-03-31T06:37:00Z,London,LON-009,Rail,Rolling Stock,Med-High,4,106,24161,FALSE
INC-202303-MAN-015-01,2023-03-31T08:42:00Z,Manchester,MAN-015,Bus,Congestion,Low-Med,2,22,822,TRUE
INC-202303-LON-019-02,2023-03-31T11:44:00Z,London,LON-019,Bus,Congestion,Low,1,27,1167,TRUE
INC-202303-EDI-007-01,2023-03-31T18:11:00Z,Edinburgh,EDI-007,BikeShare,Bike Fault,Low Med,2,25,306,TRUE
INC-202304-LON-012-05,2023-04-01T07:28:00Z,London,LON-012,Bus,Roadworks,Med-High,4,161,17248,TRUE
INC-202304-MAN-017-01,2023-04-02T02:14:00Z,Manchester,MAN-017,Underground,Signal Failure,Medium,3,64,17727,TRUE
INC-202304-BRI-019-02,2023-04-02T18:33:00Z,Bristol,BRI-019,Rail,Signal Failure,Med-High,4,174,18583,TRUE
INC-202304-EDI-009-02,2023-04-02T20:33:00Z,Edinburgh,EDI-009,Bus,Vehicle Fault,Low,1,18,1921,TRUE
INC-202304-LON-022-02,2023-04-03T09:45:00Z,London,LON-022,Underground,Signal Failure,High,5,303,123460,TRUE
INC-202304-BRI-011-01,2023-04-03T17:32:00Z,Bristol,BRI-011,Bus,Congestion,Low,1,13,1304,TRUE
INC-202304-EDI-005-01,2023-04-04T17:35:00Z,Edinburgh,EDI-005,Underground,Signal Failure,Low-Med,2,33,5206,TRUE
INC-202304-MAN-016-01,2023-04-05T05:22:00Z,Manchester,MAN-016,Bus,Vehicle Fault,Low,1,6,593,FALSE
INC-202304-LON-019-02,2023-04-05T17:36:00Z,London,LON-019,Bus,Congestion,Medium,3,78,9346,TRUE
INC-202304-LON-012-01,2023-04-05T18:22:00Z,London,LON-012,Bus,Vehicle Fault,Low-Med,2,37,5323,TRUE
INC-202304-LON-003-02,2023-04-05T18:26:00Z,London,LON-003,Bus,Staff Shortage,Med High,4,136,11680,TRUE
INC-202304-BRI-017-02,2023-04-06T04:10:00Z,Bristol,BRI-017,Bus,Vehicle Fault,Low-Med,2,47,1501,TRUE
INC-202304-MAN-022-01,2023-04-06T06:50:00Z,Manchester,MAN-022,Rail,Rolling Stock,Medium,3,120,16262,TRUE
INC-202304-LON-012-03,2023-04-06T07:05:00Z,London,LON-012,Bus,Roadworks,Low-Med,2,45,4989,TRUE
INC-202304-BRI-014-01,2023-04-06T23:50:00Z,Bristol,BRI-014,Bus,Staff Shortage,Medium,3,62,5577,TRUE
INC-202304-BRI-021-02,2023-04-07T04:33:00Z,Bristol,BRI-021,Rail,Weather,Medium,3,115,7801,TRUE
INC-202304-BRI-009-01,2023-04-07T09:25:00Z,Bristol,BRI-009,Tram,Roadworks,Low,1,15,668,TRUE
INC-202304-LON-020-01,2023-04-07T10:54:00Z,London,LON-020,Bus,Congestion,Medium,3,92,,TRUE
INC-202304-BRI-020-01,2023-04-07T11:13:00Z,Bristol,BRI-020,Rail,Rolling Stock,Med-High,4,133,77735,FALSE
INC-202304-EDI-006-02,2023-04-07T16:45:00Z,Edinburgh,EDI-006,Underground,Signal Failure,Med-High,4,108,18950,TRUE
INC-202304-MAN-004-03,2023-04-07T17:06:00Z,Manchester,MAN-004,Bus,Staff Shortage,Medium,3,79,3077,TRUE
INC-202304-BRI-021-01,2023-04-07T17:50:00Z,Bristol,BRI-021,Rail,Rolling Stock,Med-High,4,156,20855,TRUE
INC-202304-LON-004-01,2023-04-07T21:43:00Z,London,LON-004,Tram,Vehicle Fault,Med-High,4,108,4108,TRUE
INC-202304-LON-019-03,2023-04-08T07:16:00Z,London,LON-019,Bus,Vehicle Fault,Med-High,4,195,11230,TRUE
INC-202304-MAN-019-04,2023-04-08T08:54:00Z,Manchester,MAN-019,Underground,,Med-High,4,177,66728,FALSE
INC-202304-MAN-004-04,2023-04-08T12:35:00Z,Manchester,MAN-004,Bus,Roadworks,Low-Med,2,51,3706,TRUE
INC-202304-EDI-014-01,2023-04-08T12:58:00Z,Edinburgh,EDI-014,Underground,Signal Failure,Med-High,4,162,27635,TRUE
INC-202304-BRI-019-01,2023-04-08T18:08:00Z,bristol,BRI-019,Rail,Signal Failure,Med-High,4,102,17130,TRUE
INC-202304-LON-002-01,2023-04-08T18:14:00Z,London,LON-002,Bus,Accident,Medium,3,61,2517,TRUE
INC-202304-LON-008-01,2023-04-08T22:25:00Z,London,LON-008,Bus,Congestion,Medium,3,97,3925,TRUE
INC-202304-MAN-004-02,2023-04-09T06:12:00Z,Manchester,MAN-004,Bus,Congestion,Low,1,11,6360,FALSE
INC-202304-LON-003-01,2023-04-09T17:13:00Z,London,LON-003,Bus,,Low,1,19,1863,TRUE
INC-202304-LON-001-01,2023-04-09T18:13:00Z,London,LON-001,Bus,Accident,Low-Med,2,45,3808,TRUE
INC-202304-LON-007-01,2023-04-09T21:34:00Z,London,LON-007,Tram,Vehicle Fault,Low-Med,2,44,1490,TRUE
INC-202307-MAN-019-02,2023-04-10T08:31:00Z,Manchester,MAN-022,rail,Rolling Stock,Low,1,14,1605,TRUE
INC-202304-BRI-011-02,2023-04-10T17:20:00Z,Bristol,BRI-011,Bus,Vehicle Fault,Low,1,18,1219,FALSE
INC-202304-LON-009-01,2023-04-10T18:18:00Z,London,LON-009,Rail,Rolling Stock,Medium,3,65,14432,TRUE
INC-202304-LON-016-01,2023-04-11T14:12:00Z,London,LON-016,Rail,Track Fault,Low-Med,2,49,5819,TRUE
INC-202304-LON-008-02,2023-04-11T15:31:00Z,London,LON-008,Bus,Congestion,Low-Med,2,54,6099,TRUE
INC-202304-MAN-019-03,2023-04-12T04:41:00Z,Manchester,MAN-019,Underground,Station Closure,Med-High,4,139,31104,TRUE
INC-202304-BRI-019-03,2023-04-13T01:38:00Z,Bristol,BRI-019,Rail,Signal Failure,High,5,306,40284,TRUE
INC-202304-LON-012-02,2023-04-14T08:14:00Z,London,LON-012,Bus,Congestion,Medium,3,91,10377,TRUE
INC-202304-MAN-007-01,2023-04-14T16:09:00Z,Manchester,MAN-007,Tram,Vehicle Fault,Low-Med,2,51,1325,TRUE
INC-202304-BRI-018-01,2023-04-14T17:13:00Z,Bristol,BRI-018,Bus,Congestion,Medium,3,68,5264,TRUE
INC-202304-MAN-011-02,2023-04-14T17:34:00Z,Manchester,MAN-011,Bus,Accident,Low-Med,2,34,4832,TRUE
INC-202304-EDI-017-01,2023-04-15T07:39:00Z,Edinburgh,EDI-017,Underground,Signal Failure,High,5,326,94144,TRUE
INC-202304-MAN-020-01,2023-04-15T08:41:00Z,Manchester,MAN-020,Bus,Staff Shortage,Low,1,,548,TRUE
INC-202304-BRI-018-03,2023-04-15T11:47:00Z,Bristol,BRI-018,Bus,Staff Shortage,Low-Med,2,45,2259,FALSE
INC-202304-EDI-010-01,2023-04-15T14:02:00Z,Edinburgh,EDI-010,Bus,Staff Shortage,Medium,3,54,3721,FALSE
INC-202304-EDI-004-04,2023-04-15T17:47:00Z,Edinburgh,EDI-004,Bus,Roadworks,Low,1,11,714,TRUE
INC-202304-LON-003-03,2023-04-15T21:50:00Z,London,LON-003,Bus,Congestion,Medium,3,64,5316,TRUE
INC-202304-EDI-006-01,2023-04-16T01:37:00Z,Edinburgh,EDI-006,Underground,Signal Failure,Med-High,4,137,72200,TRUE
INC-202304-LON-021-01,2023-04-16T08:55:00Z,London,LON-021,Bus,Vehicle Fault,Low-Med,2,38,3883,FALSE
INC-202304-MAN-004-01,2023-04-16T20:27:00Z,Manchester,MAN-004,Bus,Congestion,Medium,3,61,4448,FALSE
INC-202304-MAN-001-01,2023-04-17T09:48:00Z,Manchester,MAN-001,Bus,Roadworks,Medium,3,103,6470,TRUE
INC-202304-LON-005-02,2023-04-17T11:04:00Z,London,LON-005,Rail,Weather,Medium,3,103,11873,TRUE
INC-202304-EDI-015-01,2023-04-18T06:36:00Z,Edinburgh,EDI-015,Bus,Vehicle Fault,Low-Med,2,41,2708,TRUE
INC-202304-EDI-016-01,2023-04-18T06:44:00Z,Edinburgh,EDI-016,BikeShare,Bike Fault,Low,1,10,160,TRUE
INC-202304-MAN-012-01,2023-04-18T09:41:00Z,Manchester,MAN-012,Rail,Signal Failure,Med-High,4,165,27196,TRUE
INC-202304-EDI-004-03,2023-04-18T11:45:00Z,Edinburgh,EDI-004,Bus,Congestion,Low,1,8,295,FALSE
INC-202304-BRI-014-02,2023-04-19T04:35:00Z,Bristol,BRI-014,Bus,Roadworks,Low-Med,2,46,2541,TRUE
INC-202304-BRI-014-02,2023-04-19T04:37:00Z,Bristol,BRI-014,Bus,Roadworks,Low-Med,2,46,2541,TRUE
INC-202304-BRI-001-01,2023-04-19T04:51:00Z,Bristol,BRI-001,Bus,Congestion,Low-Med,2,53,4730,TRUE
INC-202304-MAN-001-03,2023-04-19T05:55:00Z,Manchester,MAN-001,Bus,Congestion,Med-High,4,91,3548,TRUE
INC-202304-MAN-016-02,2023-04-19T06:26:00Z,Manchester,MAN-016,Bus,Roadworks,Low-Med,2,47,5846,TRUE
INC-202304-EDI-017-02,2023-04-19T12:27:00Z,Edinburgh,EDI-017,Underground,Power Issue,Low-Med,2,39,8151,TRUE
INC-202304-EDI-004-01,2023-04-19T19:21:00Z,Edinburgh,EDI-004,Bus,Roadworks,Low-Med,2,52,2663,TRUE
INC-202304-BRI-018-04,2023-04-19T23:04:00Z,Bristol,BRI-018,Bus,Staff Shortage,Low-Med,2,42,2442,TRUE
INC-202304-EDI-018-01,2023-04-20T01:59:00Z,Edinburgh,EDI-018,Rail,Signal Failure,Low-Med,2,46,5258,TRUE
INC-202304-BRI-019-04,2023-04-20T07:58:00Z,Bristol,BRI-019,Rail,Signal Failure,Med-High,4,107,22203,TRUE
INC-202304-LON-005-01,2023-04-20T16:23:00Z,London,LON-005,Rail,Rolling Stock,Med-High,4,151,33048,TRUE
INC-202304-EDI-018-02,2023-04-21T05:43:00Z,Edinburgh,EDI-018,Rail,Signal Failure,Med-High,4,166,14374,TRUE
INC-202304-MAN-019-01,2023-04-21T07:02:00Z,Manchester,MAN-019,Underground,Power Issue,High,5,312,101354,TRUE
INC-202304-EDI-004-02,2023-04-21T16:16:00Z,Edinburgh,EDI-004,Bus,Roadworks,Low,1,20,2186,TRUE
INC-202304-BRI-017-01,2023-04-21T20:41:00Z,Bristol,BRI-017,Bus,Staff Shortage,Low,1,6,300,TRUE
INC-202304-LON-012-06,2023-04-21T21:10:00Z,London,LON-012,Bus,Staff Shortage,Medium,3,90,11678,TRUE
INC-202304-EDI-019-01,2023-04-22T05:47:00Z,Edinburgh,EDI-019,Tram,Obstruction,Low-Med,2,22,401,TRUE
INC-202304-MAN-019-02,2023-04-22T07:05:00Z,Manchester,MAN-019,Underground,Power Issue,High,5,211,33380,TRUE
INC-202304-MAN-008-01,2023-04-22T15:49:00Z,Manchester,MAN-008,Bus,Accident,Low-Med,2,40,2906,TRUE
INC-202304-BRI-009-02,2023-04-23T20:58:00Z,Bristol,BRI-009,Tram,Obstruction,Low,1,19,1165,TRUE
INC-202304-EDI-004-05,2023-04-23T21:11:00Z,Edinburgh,EDI-004,Bus,Congestion,Low,1,5,281,TRUE
INC-202304-LON-015-01,2023-04-24T00:49:00Z,London,LON-015,Rail,Rolling Stock,High,5,161,27371,TRUE
INC-202304-MAN-009-01,2023-04-24T07:18:00Z,Manchester,MAN-009,Underground,Passenger Incident,High,5,301,50149,TRUE
INC-202304-EDI-008-01,2023-04-24T08:00:00Z,Edinburgh,EDI-008,Bus,Staff Shortage,Low-Med,2,22,1265,TRUE
INC-202304-LON-022-01,2023-04-24T16:40:00Z,London,LON-022,Underground,Power Issue,Med-High,4,179,66498,TRUE
INC-202304-MAN-009-02,2023-04-25T07:24:00Z,Manchester,MAN-009,Underground,Signal Failure,Med-High,4,197,62174,FALSE
INC-202304-LON-019-05,2023-04-25T18:16:00Z,LDN,LON-019,bus,Congestion,Medium,3,70,6182,TRUE
INC-202304-MAN-021-01,2023-04-26T03:07:00Z,Manchester,MAN-021,Rail,Rolling Stock,Med-High,4,177,23308,TRUE
INC-202304-MAN-013-02,2023-04-26T07:56:00Z,Manchester,MAN-013,Underground,Signal Failure,Med-High,4,101,11480,TRUE
INC-202304-EDI-009-01,2023-04-26T16:40:00Z,Edinburgh,EDI-009,Bus,Vehicle Fault,Medium,3,87,4308,TRUE
INC-202304-BRI-013-01,2023-04-26T18:48:00Z,Bristol,BRI-013,Bus,Congestion,Medium,3,91,2042,FALSE
INC-202304-LON-015-02,2023-04-26T19:51:00Z,london,LON-015,Rail,Rolling Stock,Medium,3,73,11972,FALSE
INC-202304-MAN-013-01,2023-04-27T05:20:00Z,Manchester,MAN-013,Underground,Signal Failure,Medium,3,60,11143,TRUE
INC-202304-LON-018-01,2023-04-27T16:06:00Z,London,LON-018,Bus,Congestion,Low-Med,2,37,,TRUE
INC-202304-LON-001-02,2023-04-27T20:32:00Z,London,LON-001,Bus,Vehicle Fault,Low-Med,2,44,3701,TRUE
INC-202304-LON-019-04,2023-04-28T07:18:00Z,London,LON-019,Bus,Congestion,Med-High,4,,19572,TRUE
INC-202304-LON-014-01,2023-04-28T09:43:00Z,LDN,LON-014,Bus,Accident,Low,1,10,2630,TRUE
INC-202304-LON-012-04,2023-04-29T09:26:00Z,London,LON-012,Bus,Roadworks,Low-Med,2,25,3601,TRUE
INC-202304-MAN-001-02,2023-04-29T16:05:00Z,Manchester,MAN-001,Bus,Staff Shortage,Med-High,4,139,10729,TRUE
INC-202304-LON-019-01,2023-04-30T01:00:00Z,London,LON-019,Bus,Congestion,HIGH,5,157,18787,TRUE
INC-202304-MAN-012-02,2023-04-30T04:30:00Z,Manchester,MAN-012,Rail,Rolling Stock,Med-High,4,165,24212,TRUE
INC-202304-MAN-010-01,2023-04-30T16:58:00Z,Manchester,MAN-010,Rail,Rolling Stock,High,5,204,36491,TRUE
INC-202304-MAN-011-01,2023-04-30T18:54:00Z,Manchester,MAN-011,Bus,Congestion,Med-High,4,138,11081,TRUE
INC-202304-BRI-018-02,2023-04-30T19:46:00Z,Bristol,BRI-018,Bus,Congestion,Medium,3,95,5761,TRUE
INC-202305-MAN-004-02,2023-05-01T17:24:00Z,Manchester,MAN-004,Bus,,Low-Med,2,63,,TRUE
INC-202005-LON-005-02,2023-05-01T18:35:00Z,London,LON-017,Bus,Vehicle Fault,Medium,3,63,2705,TRUE
INC-202305-LON-015-04,2023-05-01T19:35:00Z,London,LON-015,Rail,Track Fault,Med-High,4,126,21023,TRUE
INC-202305-EDI-017-03,2023-05-02T12:13:00Z,Edinburgh,EDI-017,Underground,Signal Failure,High,5,313,81665,TRUE
INC-202305-BRI-021-01,2023-05-02T12:43:00Z,Bristol,BRI-021,Rail,Signal Failure,Medium,3,96,12106,TRUE
INC-202305-EDI-008-01,2023-05-02T14:49:00Z,EDI,EDI-008,bus,Congestion,Low-Med,2,,4203,TRUE
INC-202305-EDI-017-02,2023-05-02T18:24:00Z,Edinburgh,EDI-017,Underground,Signal Failure,Med-High,4,126,,TRUE
INC-202305-LON-011-02,2023-05-03T06:56:00Z,London,LON-011,Tram,Obstruction,Low-Med,2,49,2444,TRUE
INC-202305-LON-003-02,2023-05-03T07:47:00Z,London,LON-003,Bus,Roadworks,Low-Med,2,37,2710,TRUE
INC-202305-LON-012-01,2023-05-03T09:39:00Z,London,LON-012,Bus,Staff Shortage,Low-Med,2,66,4143,TRUE
INC-202305-BRI-003-01,2023-05-03T15:43:00Z,Bristol,BRI-003,Rail,Signal Failure,Low-Med,2,41,11407,TRUE
INC-202305-LON-008-03,2023-05-03T23:46:00Z,London,LON-008,Bus,Vehicle Fault,Med-High,4,138,18985,FALSE
INC-202305-EDI-013-01,2023-05-04T11:42:00Z,Edinburgh,EDI-013,Rail,Rolling Stock,Med-High,4,161,13363,TRUE
INC-202305-EDI-013-03,2023-05-05T02:07:00Z,Edinburgh,EDI-013,Rail,Track Fault,Low,1,15,2700,TRUE
INC-202305-LON-005-01,2023-05-05T11:07:00Z,London,LON-005,Rail,Rolling Stock,Medium,3,44,9582,TRUE
INC-202305-EDI-019-02,2023-05-05T15:18:00Z,Edinburgh,EDI-019,tram,Power Issue,Low,1,17,383,TRUE
INC-202305-EDI-013-04,2023-05-06T00:42:00Z,Edinburgh,EDI-013,Rail,Signal Failure,Low,1,35,3043,TRUE
INC-202305-LON-019-02,2023-05-06T07:15:00Z,London,LON-019,Bus,Congestion,Low,1,16,955,TRUE
INC-202305-MAN-008-02,2023-05-06T08:21:00Z,Manchester,MAN-008,Bus,Roadworks,Low-Med,2,47,3494,TRUE
INC-202305-LON-008-01,2023-05-06T18:01:00Z,London,LON-008,Bus,Accident,Medium,3,66,6632,TRUE
INC-202305-MAN-007-01,2023-05-06T18:43:00Z,Manchester,MAN-007,Tram,Vehicle Fault,Low-Med,2,34,1334,TRUE
INC-202305-BRI-014-02,2023-05-07T00:27:00Z,Bristol,BRI-014,Bus,Vehicle Fault,Low-Med,2,54,3590,TRUE
INC-202305-BRI-002-01,2023-05-07T05:28:00Z,Bristol,BRI-002,Bus,Congestion,Low-Med,2,,2401,TRUE
INC-202305-MAN-021-01,2023-05-07T06:34:00Z,Manchester,MAN-021,Rail,Weather,Medium,3,69,4422,TRUE
INC-202305-LON-017-02,2023-05-07T08:43:00Z,London,LON-017,Bus,Roadworks,Low,1,17,2609,TRUE
INC-202305-BRI-019-03,2023-05-07T11:30:00Z,Bristol,BRI-019,Rail,Track Fault,MED-HIGH,4,118,16164,FALSE
INC-202305-MAN-020-01,2023-05-08T07:29:00Z,MAN,MAN-020,bus,Accident,LOW,1,19,1929,TRUE
INC-202305-BRI-013-02,2023-05-08T16:02:00Z,Bristol,BRI-013,Bus,Staff Shortage,Low,1,14,287,TRUE
INC-202305-LON-009-01,2023-05-09T06:28:00Z,London,LON-009,Rail,Signal Failure,Med-High,4,184,26990,TRUE
INC-202305-LON-013-03,2023-05-09T07:00:00Z,London,LON-013,Underground,Station Closure,High,5,177,46487,TRUE
INC-202305-MAN-004-01,2023-05-09T13:37:00Z,Manchester,MAN-004,bus,Staff Shortage,Low,1,8,387,TRUE
INC-202305-MAN-013-02,2023-05-09T14:59:00Z,Manchester,MAN-013,Underground,Signal Failure,High,5,227,64695,TRUE
INC-202305-LON-014-01,2023-05-09T17:02:00Z,London,LON-014,Bus,Roadworks,Medium,3,100,10517,TRUE
INC-202305-BRI-013-01,2023-05-10T01:35:00Z,Bristol,BRI-013,Bus,Congestion,Medium,3,56,2085,TRUE
INC-202305-LON-016-01,2023-05-10T15:48:00Z,London,LON-016,Rail,Track Fault,Med High,4,100,29340,TRUE
INC-202305-EDI-018-01,2023-05-10T16:45:00Z,Edinburgh,EDI-018,rail,Track Fault,Medium,3,1820,15834,TRUE
INC-202305-EDI-017-04,2023-05-10T17:06:00Z,Edinburgh,EDI-017,Underground,Signal Failure,High,5,309,84778,TRUE
INC-202305-BRI-015-01,2023-05-10T17:42:00Z,Bristol,BRI-015,BikeShare,Dock Empty,Low,1,,83,FALSE
INC-202004-MAN-015-03,2023-05-10T19:10:00Z,Edinburgh,EDI-005,Underground,Passenger Incident,Low-Med,2,56,10461,TRUE
INC-202305-EDI-019-03,2023-05-11T07:10:00Z,Edinburgh,EDI-019,Tram,Power Issue,Low-Med,2,51,2783,TRUE
INC-202305-EDI-010-01,2023-05-11T10:02:00Z,Edinburgh,EDI-010,Bus,Staff Shortage,Low-Med,2,38,1462,TRUE
INC-202305-MAN-017-02,2023-05-11T14:36:00Z,Manchester,MAN-017,Underground,Station Closure,High,5,166,55329,TRUE
INC-202305-LON-015-01,2023-05-11T16:31:00Z,London,LON-015,Rail,Track Fault,High,5,314,89310,TRUE
INC-202305-EDI-006-01,2023-05-11T16:47:00Z,Edinburgh,EDI-006,Underground,Power Issue,Low-Med,2,48,34659,TRUE
INC-202305-EDI-019-01,2023-05-11T22:50:00Z,Edinburgh,EDI-019,Tram,Obstruction,Low,1,20,826,TRUE
INC-202305-LON-015-03,2023-05-12T06:54:00Z,London,LON-015,Rail,Rolling Stock,Medium,3,1360,12030,FALSE
INC-202305-LON-013-01,2023-05-13T09:36:00Z,london,LON-013,Underground,Signal Failure,High,5,309,144111,TRUE
INC-202305-EDI-006-02,2023-05-13T17:44:00Z,Edinburgh,EDI-006,Underground,Power Issue,Med-High,4,192,72503,TRUE
INC-202305-LON-017-06,2023-05-13T18:11:00Z,London,LON-017,Bus,Congestion,Low-Med,2,36,3363,TRUE
INC-202305-LON-017-03,2023-05-13T23:22:00Z,London,LON-017,Bus,Congestion,Med-High,4,102,5886,TRUE
INC-202305-BRI-006-01,2023-05-14T07:41:00Z,Bristol,BRI-006,Bus,Roadworks,Low,1,16,1314,TRUE
INC-202305-LON-011-01,2023-05-15T11:19:00Z,London,LON-011,Tram,Obstruction,Low-Med,2,48,,TRUE
INC-202305-EDI-001-01,2023-05-15T18:34:00Z,Edinburgh,EDI-001,Underground,Power Issue,Low-Med,2,55,15961,TRUE
INC-202305-EDI-001-01,2023-05-15T18:37:00Z,Edinburgh,EDI-001,Underground,Power Issue,Low-Med,2,55,15961,TRUE
INC-202305-EDI-017-01,2023-05-15T20:50:00Z,Edinburgh,EDI-017,Underground,Power Issue,Low-Med,2,47,13908,TRUE
INC-202305-MAN-022-02,2023-05-16T16:16:00Z,Manchester,MAN-022,Rail,Track Fault,Medium,3,119,126448,FALSE
INC-202305-LON-005-02,2023-05-16T21:58:00Z,london,LON-005,Rail,Track Fault,Medium,3,117,24402,TRUE
INC-202305-BRI-019-01,2023-05-17T00:56:00Z,Bristol,BRI-019,Rail,Weather,Medium,3,104,19831,TRUE
INC-202305-LON-003-03,2023-05-17T07:55:00Z,London,LON-003,Bus,Roadworks,Low,1,24,1386,TRUE
INC-202305-LON-015-02,2023-05-17T19:53:00Z,London,LON-015,Rail,Rolling Stock,Med-High,4,92,9815,TRUE
INC-202305-BRI-003-02,2023-05-17T23:51:00Z,Bristol,BRI-003,Rail,Signal Failure,Low-Med,2,41,7540,TRUE
INC-202305-MAN-022-01,2023-05-18T07:01:00Z,Manchester,MAN-022,Rail,Track Fault,High,5,157,29396,TRUE
INC-202305-EDI-012-01,2023-05-18T16:27:00Z,Edinburgh,EDI-012,Underground,Power Issue,Low-Med,2,29,3161,TRUE
INC-202305-EDI-015-01,2023-05-18T17:53:00Z,Edinburgh,EDI-015,Bus,Accident,Low-Med,2,36,964,TRUE
INC-202305-LON-012-02,2023-05-19T01:21:00Z,London,LON-012,Bus,Roadworks,Medium,3,106,7707,TRUE
INC-202305-LON-008-02,2023-05-19T08:15:00Z,London,LON-008,Bus,Congestion,High,5,256,27043,TRUE
INC-202305-MAN-022-03,2023-05-19T18:32:00Z,Manchester,MAN-022,Rail,Signal Failure,Low-Med,2,41,7093,TRUE
INC-202305-LON-007-01,2023-05-20T15:08:00Z,London,LON-007,Tram,Roadworks,Low-Med,2,41,3133,TRUE
INC-202305-MAN-016-02,2023-05-20T16:03:00Z,Manchester,MAN-016,Bus,Vehicle Fault,Low-Med,2,56,3629,TRUE
INC-202305-BRI-004-01,2023-05-20T18:31:00Z,Bristol,BRI-004,Underground,,Medium,3,110,14893,TRUE
INC-202305-MAN-003-01,2023-05-21T03:20:00Z,Manchester,MAN-003,BikeShare,Dock Full,Low,1,15,182,FALSE
INC-202305-LON-014-03,2023-05-21T05:02:00Z,London,LON-014,Bus,Congestion,Medium,3,73,9266,TRUE
INC-202305-EDI-012-02,2023-05-21T06:43:00Z,Edinburgh,EDI-012,Underground,Station Closure,Med-High,4,185,36735,TRUE
INC-202305-BRI-006-02,2023-05-21T17:21:00Z,Bristol,BRI-006,Bus,Staff Shortage,Medium,3,52,4094,TRUE
INC-202305-LON-022-01,2023-05-22T07:15:00Z,london,LON-022,Underground,Station Closure,Low-Med,2,58,17774,TRUE
INC-202305-LON-003-01,2023-05-22T09:12:00Z,London,LON-003,Bus,Roadworks,Medium,3,112,9257,TRUE
INC-202305-EDI-019-04,2023-05-22T23:45:00Z,Edinburgh,EDI-019,Tram,Roadworks,Low,1,28,1171,TRUE
INC-202305-LON-013-02,2023-05-23T08:09:00Z,London,LON-013,Underground,Power Issue,High,5,193,90201,TRUE
INC-202305-LON-012-03,2023-05-23T11:08:00Z,London,LON-012,Bus,Roadworks,Low-Med,2,44,2757,TRUE
INC-202305-LON-019-01,2023-05-23T16:57:00Z,London,LON-019,Bus,Staff Shortage,Medium,3,98,6746,TRUE
INC-202305-EDI-014-01,2023-05-24T07:05:00Z,Edinburgh,EDI-014,Underground,Station Closure,Med-High,4,94,8868,TRUE
INC-202305-BRI-018-01,2023-05-24T07:07:00Z,Bristol,BRI-018,bus,Roadworks,Low-Med,2,36,4921,TRUE
INC-202305-EDI-003-01,2023-05-24T07:57:00Z,Edinburgh,EDI-003,Bus,Roadworks,Low,1,14,412,TRUE
INC-202305-LON-014-02,2023-05-24T16:54:00Z,London,LON-014,Bus,Roadworks,Med High,4,199,43412,TRUE
INC-202305-LON-021-01,2023-05-24T22:35:00Z,London,LON-021,Bus,Congestion,Medium,3,105,10128,TRUE
INC-202305-EDI-013-02,2023-05-24T22:42:00Z,Edinburgh,EDI-013,Rail,Rolling Stock,Med-High,4,176,29758,TRUE
INC-202305-BRI-017-01,2023-05-25T17:35:00Z,Bristol,BRI-017,Bus,Congestion,Low,1,21,647,TRUE
INC-202305-MAN-017-01,2023-05-26T08:49:00Z,Manchester,MAN-017,Underground,Signal Failure,High,5,309,45778,TRUE
INC-202305-LON-005-03,2023-05-26T09:33:00Z,LDN,LON-005,Rail,Weather,Med-High,4,176,30462,TRUE
INC-202305-LON-005-04,2023-05-26T10:52:00Z,London,LON-005,Rail,Rolling Stock,Med-High,4,168,23469,TRUE
INC-202305-LON-017-05,2023-05-26T12:15:00Z,London,LON-017,Bus,Vehicle Fault,High,5,205,25128,TRUE
INC-202305-MAN-016-01,2023-05-26T12:34:00Z,Manchester,MAN-016,Bus,Staff Shortage,Low,1,31,2158,TRUE
INC-202305-MAN-013-01,2023-05-26T17:01:00Z,Manchester,MAN-013,Underground,Signal Failure,High,5,219,114120,TRUE
INC-202305-BRI-011-01,2023-05-27T03:10:00Z,Bristol,BRI-011,Bus,,Low,1,19,964,TRUE
INC-202305-MAN-012-01,2023-05-27T17:06:00Z,Manchester,MAN-012,Rail,Weather,Medium,3,118,20678,TRUE
INC-202305-MAN-008-01,2023-05-28T05:54:00Z,Manchester,MAN-008,Bus,Congestion,Low,1,27,1702,TRUE
INC-202305-BRI-020-01,2023-05-28T09:52:00Z,Bristol,BRI-020,Rail,Track Fault,Low-Med,2,62,8306,TRUE
INC-202305-BRI-014-01,2023-05-28T15:22:00Z,Bristol,BRI-014,Bus,Roadworks,Low-Med,2,27,1699,TRUE
INC-202305-BRI-010-01,2023-05-29T05:39:00Z,Bristol,BRI-010,BikeShare,Vandalism,Low,1,14,78,FALSE
INC-202305-EDI-016-01,2023-05-29T06:13:00Z,Edinburgh,EDI-016,BikeShare,Dock Empty,Low,1,15,111,TRUE
INC-202305-LON-017-04,2023-05-29T16:16:00Z,London,LON-017,Bus,Accident,Low-Med,2,24,1715,TRUE
INC-202305-LON-020-01,2023-05-29T19:42:00Z,london,LON-020,bus,Staff Shortage,Medium,3,105,7589,TRUE
INC-202305-BRI-019-02,2023-05-30T04:45:00Z,Bristol,BRI-019,Rail,Signal Failure,Medium,3,96,9748,TRUE
INC-202305-EDI-004-01,2023-05-30T07:24:00Z,Edinburgh,EDI-004,Bus,Accident,Low,1,18,579,TRUE
INC-202306-LON-022-01,2023-06-01T04:19:00Z,London,LON-022,Underground,Signal Failure,Med-High,4,106,40898,TRUE
INC-202306-LON-021-02,2023-06-01T06:36:00Z,London,LON-021,Bus,Vehicle Fault,Medium,3,110,14366,TRUE
INC-202306-BRI-020-04,2023-06-02T08:11:00Z,Bristol,BRI-020,Rail,Signal Failure,Low-Med,2,39,3760,FALSE
INC-202306-LON-004-01,2023-06-02T08:22:00Z,London,LON-004,Tram,Obstruction,Low-Med,2,38,1059,TRUE
INC-202306-LON-001-02,2023-06-02T18:15:00Z,London,LON-001,Bus,Accident,Low-Med,2,53,5667,TRUE
INC-202306-BRI-014-01,2023-06-02T18:32:00Z,Bristol,BRI-014,Bus,Roadworks,Low-Med,2,34,2146,FALSE
INC-202306-EDI-003-02,2023-06-03T08:51:00Z,Edinburgh,EDI-003,Bus,Staff Shortage,Low-Med,2,40,2249,TRUE
INC-202306-LON-003-03,2023-06-03T10:25:00Z,LDN,LON-003,Bus,Congestion,Low-Med,2,47,3191,TRUE
INC-202306-MAN-021-05,2023-06-04T07:39:00Z,Manchester,MAN-021,Rail,Signal Failure,Med-High,4,202,34416,FALSE
INC-202306-BRI-002-02,2023-06-04T08:53:00Z,Bristol,BRI-002,Bus,Vehicle Fault,Low-Med,2,34,1818,TRUE
INC-202306-MAN-021-02,2023-06-04T22:20:00Z,Manchester,MAN-021,Rail,Signal Failure,Medium,3,86,6198,TRUE
INC-202306-MAN-021-04,2023-06-05T06:50:00Z,Manchester,MAN-021,Rail,Track Fault,Med-High,4,131,26758,TRUE
INC-202306-LON-016-02,2023-06-05T07:35:00Z,London,LON-016,Rail,Signal Failure,Medium,3,82,15456,TRUE
INC-202306-LON-003-02,2023-06-05T15:45:00Z,London,LON-003,Bus,Roadworks,Low-Med,2,12,648,TRUE
INC-202306-BRI-013-01,2023-06-05T20:16:00Z,Bristol,BRI-013,Bus,Congestion,Low,1,18,1026,FALSE
INC-202306-MAN-006-01,2023-06-06T11:30:00Z,Manchester,MAN-006,Tram,Power Issue,Low-Med,2,51,1960,TRUE
INC-202306-BRI-005-01,2023-06-06T20:11:00Z,Bristol,BRI-005,Bus,Roadworks,Low,1,10,624,TRUE
INC-202306-MAN-010-03,2023-06-07T07:34:00Z,Manchester,MAN-010,Rail,Track Fault,Low-Med,2,35,2642,TRUE
INC-202306-LON-005-01,2023-06-07T18:25:00Z,London,LON-005,Rail,Track Fault,Med-High,4,145,35267,TRUE
INC-202306-LON-004-02,2023-06-08T04:20:00Z,LDN,LON-004,Tram,Roadworks,Med-High,4,133,6903,TRUE
INC-202306-BRI-010-01,2023-06-08T07:43:00Z,Bristol,BRI-010,BikeShare,Dock Full,Low,1,6,76,TRUE
INC-202306-LON-005-02,2023-06-09T06:48:00Z,London,LON-005,Rail,Track Fault,Med-High,4,144,14142,TRUE
INC-202306-BRI-005-02,2023-06-09T17:21:00Z,Bristol,BRI-005,Bus,Congestion,Low-Med,2,69,2686,TRUE
INC-202102-BRI-019-01,2023-06-09T17:26:00Z,Edinburgh,EDI-008,Bus,Congestion,Low,1,5,178,TRUE
INC-202306-LON-008-01,2023-06-09T17:34:00Z,London,LON-008,Bus,Vehicle Fault,Medium,3,118,16679,FALSE
INC-202306-LON-015-02,2023-06-09T21:03:00Z,London,LON-015,Rail,Signal Failure,High,5,306,53960,TRUE
INC-202306-LON-021-01,2023-06-09T23:55:00Z,London,LON-021,Bus,Roadworks,Low-Med,2,51,3484,TRUE
INC-202306-MAN-012-02,2023-06-10T06:09:00Z,Manchester,MAN-012,Rail,Weather,Medium,3,107,11953,TRUE
INC-202306-LON-015-03,2023-06-10T09:00:00Z,London,LON-015,Rail,Track Fault,High,5,294,46256,TRUE
INC-202306-MAN-011-01,2023-06-10T14:22:00Z,Manchester,MAN-011,Bus,Roadworks,Low-Med,2,,1139,TRUE
INC-202306-MAN-017-02,2023-06-11T19:11:00Z,Manchester,MAN-017,Underground,Signal Failure,High,5,203,94055,TRUE
INC-202306-BRI-001-01,2023-06-11T23:43:00Z,Bristol,BRI-001,Bus,Congestion,Low,1,19,635,TRUE
INC-202306-BRI-006-01,2023-06-12T16:28:00Z,bristol,BRI-006,Bus,Vehicle Fault,Medium,3,59,5365,FALSE
INC-202306-MAN-020-02,2023-06-12T18:10:00Z,Manchester,MAN-020,Bus,Accident,Med-High,4,154,21577,TRUE
INC-202306-BRI-008-01,2023-06-12T18:18:00Z,Bristol,BRI-008,Rail,Rolling Stock,Medium,3,118,12514,TRUE
INC-202306-MAN-008-01,2023-06-12T19:56:00Z,Manchester,MAN-008,Bus,Roadworks,Low,1,11,395,TRUE
INC-202306-MAN-012-01,2023-06-13T17:28:00Z,Manchester,MAN-012,Rail,Signal Failure,MEDIUM,3,76,6006,TRUE
INC-202306-LON-016-01,2023-06-13T20:45:00Z,London,LON-016,Rail,Track Fault,Med-High,4,140,17889,TRUE
INC-202306-LON-013-01,2023-06-14T01:11:00Z,London,LON-013,Underground,Station Closure,Medium,3,92,30076,TRUE
INC-202306-MAN-020-01,2023-06-15T07:01:00Z,Manchester,MAN-020,Bus,Congestion,Low-Med,2,45,7284,TRUE
INC-202306-MAN-001-01,2023-06-15T07:14:00Z,Manchester,MAN-001,Bus,Roadworks,Low-Med,2,50,6597,TRUE
INC-202306-EDI-018-02,2023-06-15T08:35:00Z,Edinburgh,EDI-018,Rail,Signal Failure,Medium,3,101,15581,TRUE
INC-202306-LON-018-02,2023-06-15T09:00:00Z,London,LON-018,Bus,Roadworks,Medium,3,101,15390,TRUE
INC-202306-MAN-008-03,2023-06-15T09:52:00Z,Manchester,MAN-008,Bus,Roadworks,Low,1,11,1106,TRUE
INC-202306-MAN-009-02,2023-06-16T05:50:00Z,Manchester,MAN-009,Underground,Signal Failure,Med-High,4,195,43693,TRUE
INC-202306-EDI-015-01,2023-06-16T19:30:00Z,Edinburgh,EDI-015,Bus,Congestion,MED-HIGH,4,,8039,TRUE
INC-202306-LON-001-01,2023-06-17T17:09:00Z,London,LON-001,Bus,Congestion,Medium,3,86,4742,TRUE
INC-202306-MAN-002-01,2023-06-17T21:08:00Z,Manchester,MAN-002,Tram,Roadworks,Low,1,9,422,TRUE
INC-202306-LON-009-02,2023-06-17T22:37:00Z,London,LON-009,Rail,Rolling Stock,Medium,3,81,9748,TRUE
INC-202306-BRI-004-02,2023-06-18T02:06:00Z,Bristol,BRI-004,underground,Power Issue,Medium,3,109,21564,TRUE
INC-202306-MAN-010-02,2023-06-18T17:37:00Z,Manchester,MAN-010,Rail,Track Fault,Med-High,4,132,20337,TRUE
INC-202306-LON-020-03,2023-06-19T00:42:00Z,London,LON-020,Bus,Vehicle Fault,Medium,3,87,5154,TRUE
INC-202306-MAN-022-01,2023-06-19T04:04:00Z,Manchester,MAN-022,Rail,Rolling Stock,Medium,3,1080,26368,TRUE
INC-202306-LON-002-02,2023-06-19T07:02:00Z,London,LON-002,bus,Congestion,Medium,3,86,3415,TRUE
INC-202306-BRI-020-05,2023-06-19T07:30:00Z,Bristol,BRI-020,Rail,Signal Failure,Low,1,16,2260,TRUE
INC-202306-MAN-021-01,2023-06-19T18:19:00Z,Manchester,MAN-021,rail,Rolling Stock,Medium,3,101,14168,TRUE
INC-202306-BRI-002-01,2023-06-20T15:11:00Z,Bristol,BRI-002,Bus,Accident,Low,1,24,1566,TRUE
INC-202306-LON-020-01,2023-06-20T22:07:00Z,London,LON-020,Bus,,Low-Med,2,43,2786,FALSE
INC-202306-LON-021-03,2023-06-21T07:13:00Z,London,LON-021,Bus,Roadworks,Medium,3,111,8456,TRUE
INC-202306-EDI-021-01,2023-06-21T08:17:00Z,Edinburgh,EDI-021,Tram,Vehicle Fault,Low-Med,2,41,1141,TRUE
INC-202306-BRI-020-01,2023-06-21T11:09:00Z,Bristol,BRI-020,Rail,Weather,High,5,144,21742,TRUE
INC-202306-LON-016-03,2023-06-21T16:34:00Z,London,LON-016,Rail,Weather,Medium,3,117,16600,TRUE
INC-202306-EDI-018-01,2023-06-21T17:46:00Z,Edinburgh,EDI-018,Rail,Track Fault,Med-High,4,194,28270,TRUE
INC-202306-EDI-013-02,2023-06-22T04:09:00Z,Edinburgh,EDI-013,Rail,Rolling Stock,Low,1,22,1817,TRUE
INC-202306-MAN-017-01,2023-06-22T06:51:00Z,MAN,MAN-017,Underground,Passenger Incident,Med High,4,117,31302,TRUE
INC-202306-EDI-015-02,2023-06-23T07:36:00Z,Edinburgh,EDI-015,Bus,Roadworks,Low-Med,2,45,5869,TRUE
INC-202101-MAN-017-04,2023-06-23T10:49:00Z,Edinburgh,EDI-014,Underground,Signal Failure,Medium,3,,12498,TRUE
INC-202306-EDI-012-01,2023-06-23T12:08:00Z,Edinburgh,EDI-012,Underground,Station Closure,Med-High,4,183,30583,TRUE
INC-202306-EDI-012-01,2023-06-23T12:08:00Z,Edinburgh,EDI-012,Underground,Station Closure,Med-High,4,183,30583,TRUE
INC-202306-MAN-021-03,2023-06-23T16:14:00Z,Manchester,MAN-021,Rail,Rolling Stock,Med-High,4,165,38197,TRUE
INC-202306-LON-009-01,2023-06-23T17:49:00Z,London,LON-009,Rail,Signal Failure,High,5,151,42565,TRUE
INC-202306-LON-018-01,2023-06-23T23:49:00Z,London,LON-018,Bus,Congestion,Low,1,16,1471,TRUE
INC-202306-MAN-010-01,2023-06-24T04:08:00Z,Manchester,MAN-010,Rail,Rolling Stock,Medium,3,108,11583,TRUE
INC-202306-BRI-020-02,2023-06-24T06:21:00Z,Bristol,BRI-020,Rail,Track Fault,Medium,3,68,7718,TRUE
INC-202306-BRI-006-02,2023-06-24T06:27:00Z,Bristol,BRI-006,Bus,Vehicle Fault,Low-Med,2,36,5577,TRUE
INC-202306-BRI-009-01,2023-06-24T06:55:00Z,Bristol,BRI-009,Tram,Power Issue,Low,1,11,449,TRUE
INC-202306-MAN-016-01,2023-06-24T11:37:00Z,Manchester,MAN-016,Bus,Roadworks,Low-Med,2,45,2847,TRUE
INC-202306-BRI-008-03,2023-06-24T18:01:00Z,Bristol,BRI-008,Rail,Signal Failure,Medium,3,60,5169,TRUE
INC-202306-EDI-013-01,2023-06-24T23:47:00Z,Edinburgh,EDI-013,Rail,Signal Failure,Medium,3,127,14053,TRUE
INC-202306-EDI-019-01,2023-06-25T06:01:00Z,Edinburgh,EDI-019,tram,Vehicle Fault,Low,1,25,500,TRUE
INC-202306-LON-020-02,2023-06-25T06:51:00Z,London,LON-020,Bus,Vehicle Fault,Medium,3,93,9526,TRUE
INC-202306-EDI-003-01,2023-06-25T08:15:00Z,Edinburgh,EDI-003,Bus,Vehicle Fault,Medium,3,2700,5726,TRUE
INC-202306-BRI-004-01,2023-06-25T09:07:00Z,Bristol,BRI-004,Underground,Signal Failure,Medium,3,97,35607,TRUE
INC-202306-EDI-017-01,2023-06-25T18:34:00Z,Edinburgh,EDI-017,underground,Power Issue,High,5,293,66524,TRUE
INC-202306-MAN-008-02,2023-06-26T21:17:00Z,Manchester,MAN-008,Bus,Vehicle Fault,Medium,3,62,5837,TRUE
INC-202306-LON-008-02,2023-06-26T23:44:00Z,London,LON-008,Bus,Congestion,Medium,3,68,11230,TRUE
INC-202306-EDI-011-02,2023-06-27T08:27:00Z,Edinburgh,EDI-011,Bus,Staff Shortage,Low-Med,2,30,2496,TRUE
INC-202306-MAN-020-03,2023-06-27T16:36:00Z,Manchester,MAN-020,Bus,Vehicle Fault,High,5,253,27505,TRUE
INC-202306-BRI-018-01,2023-06-27T16:50:00Z,Bristol,BRI-018,Bus,Congestion,Low-Med,2,38,2707,TRUE
INC-202306-BRI-008-02,2023-06-27T18:49:00Z,Bristol,BRI-008,Rail,Signal Failure,Medium,3,78,5929,TRUE
INC-202306-LON-003-01,2023-06-28T00:20:00Z,London,LON-003,Bus,Roadworks,Low-Med,2,49,4413,FALSE
INC-202306-MAN-009-01,2023-06-28T06:53:00Z,Manchester,MAN-009,Underground,Signal Failure,Medium,3,108,49308,TRUE
INC-202306-EDI-020-01,2023-06-28T11:11:00Z,Edinburgh,EDI-020,Rail,Signal Failure,Med-High,4,204,28377,TRUE
INC-202306-BRI-020-03,2023-06-28T13:48:00Z,Bristol,BRI-020,rail,Weather,Med-High,4,193,249808,TRUE
INC-202306-BRI-017-01,2023-06-29T00:20:00Z,Bristol,BRI-017,Bus,Vehicle Fault,Low,1,18,1043,TRUE
INC-202306-EDI-011-01,2023-06-29T01:50:00Z,Edinburgh,EDI-011,Bus,Roadworks,Low,1,35,2109,TRUE
INC-202306-EDI-015-04,2023-06-29T15:10:00Z,Edinburgh,EDI-015,Bus,Accident,Low-Med,2,30,2382,TRUE
INC-202306-BRI-021-01,2023-06-29T15:57:00Z,Bristol,BRI-021,Rail,Track Fault,Low-Med,2,23,2752,TRUE
INC-202306-LON-002-01,2023-06-29T16:43:00Z,London,LON-002,Bus,Vehicle Fault,Low-Med,2,47,4740,TRUE
INC-202306-EDI-002-01,2023-06-29T17:47:00Z,Edinburgh,EDI-002,Bus,Roadworks,Medium,3,74,5714,TRUE
INC-202306-MAN-001-02,2023-06-29T23:08:00Z,Manchester,MAN-001,Bus,Vehicle Fault,Medium,3,118,12045,TRUE
INC-202306-LON-007-01,2023-06-30T00:48:00Z,London,LON-007,Tram,Vehicle Fault,Low,1,13,470,TRUE
INC-202306-BRI-003-01,2023-06-30T07:24:00Z,Bristol,BRI-003,Rail,Track Fault,Med-High,4,175,17243,TRUE
INC-202306-LON-001-03,2023-06-30T11:40:00Z,London,LON-001,Bus,Vehicle Fault,Low-Med,2,39,2118,FALSE
INC-202306-BRI-018-02,2023-06-30T12:56:00Z,Bristol,BRI-018,Bus,Vehicle Fault,Med-High,4,208,10344,TRUE
INC-202306-LON-015-01,2023-06-30T14:56:00Z,London,LON-015,Rail,Track Fault,Med-High,4,107,34031,TRUE
INC-202306-LON-021-04,2023-06-30T16:03:00Z,London,LON-021,Bus,Vehicle Fault,Med-High,4,168,14148,TRUE
INC-202306-BRI-002-03,2023-06-30T16:26:00Z,Bristol,BRI-002,Bus,Vehicle Fault,Low,1,19,1255,TRUE
INC-202306-LON-011-01,2023-06-30T17:01:00Z,London,LON-011,Tram,Power Issue,Medium,3,,4917,TRUE
INC-202306-EDI-015-03,2023-06-30T18:52:00Z,Edinburgh,EDI-015,Bus,Vehicle Fault,Med-High,4,207,14211,TRUE
INC-202306-BRI-014-02,2023-06-30T22:01:00Z,Bristol,BRI-014,Bus,Vehicle Fault,Low-Med,2,32,1358,TRUE
INC-202307-EDI-003-01,2023-07-01T06:22:00Z,Edinburgh,EDI-003,Bus,Roadworks,Low,1,19,613,TRUE
INC-202307-LON-002-03,2023-07-01T08:58:00Z,London,LON-002,Bus,Vehicle Fault,Med-High,4,157,13216,TRUE
INC-202307-BRI-021-01,2023-07-01T17:02:00Z,Bristol,BRI-021,Rail,Rolling Stock,Med-High,4,199,29480,TRUE
INC-202307-BRI-010-01,2023-07-02T00:22:00Z,Bristol,BRI-010,BikeShare,Vandalism,Low,1,15,88,TRUE
INC-202307-LON-015-03,2023-07-02T15:15:00Z,London,LON-015,Rail,Signal Failure,Medium,3,1100,5586,TRUE
INC-202307-MAN-019-01,2023-07-02T20:07:00Z,Manchester,MAN-019,Underground,Signal Failure,Medium,3,103,17869,TRUE
INC-202307-LON-013-01,2023-07-03T07:26:00Z,London,LON-013,Underground,Signal Failure,Med-High,4,,60161,TRUE
INC-202307-LON-005-01,2023-07-03T07:57:00Z,London,LON-005,Rail,Signal Failure,Medium,3,52,20604,TRUE
INC-202307-BRI-003-01,2023-07-04T00:57:00Z,Bristol,BRI-003,Rail,Signal Failure,Medium,3,64,8610,TRUE
INC-202307-LON-018-01,2023-07-04T14:20:00Z,London,LON-018,Bus,Roadworks,Med-High,4,95,9627,TRUE
INC-202307-LON-006-01,2023-07-05T04:57:00Z,London,LON-006,BikeShare,Dock Empty,Low-Med,2,53,744,TRUE
INC-202307-LON-004-01,2023-07-05T08:31:00Z,London,LON-004,Tram,Roadworks,Low-Med,2,44,2360,FALSE
INC-202307-BRI-004-01,2023-07-05T10:42:00Z,Bristol,BRI-004,Underground,Station Closure,Medium,3,94,17746,TRUE
INC-202307-EDI-020-01,2023-07-05T17:50:00Z,Edinburgh,EDI-020,Rail,Signal Failure,Medium,3,75,8488,TRUE
INC-202307-LON-011-01,2023-07-05T19:06:00Z,London,LON-011,Tram,Vehicle Fault,High,5,212,117880,TRUE
INC-202307-LON-002-02,2023-07-06T07:22:00Z,London,LON-002,Bus,Roadworks,Medium,3,94,12857,TRUE
INC-202307-EDI-013-02,2023-07-06T07:27:00Z,Edinburgh,EDI-013,Rail,Track Fault,Medium,3,,7283,TRUE
INC-202307-BRI-003-02,2023-07-07T04:36:00Z,Bristol,BRI-003,Rail,Rolling Stock,Medium,3,62,7232,TRUE
INC-202307-BRI-011-02,2023-07-07T07:59:00Z,Bristol,BRI-011,Bus,Roadworks,LOW,1,5,219,TRUE
INC-202307-LON-009-01,2023-07-07T08:27:00Z,London,LON-009,Rail,Rolling Stock,High,5,150,24531,TRUE
INC-202307-LON-004-02,2023-07-07T17:08:00Z,London,LON-004,Tram,Power Issue,Low,1,22,706,TRUE
INC-202307-BRI-019-02,2023-07-08T08:28:00Z,Bristol,BRI-019,Rail,Signal Failure,Medium,3,1860,13687,TRUE
INC-202307-LON-012-03,2023-07-08T09:16:00Z,London,LON-012,Bus,,Medium,3,95,4609,TRUE
INC-202307-LON-010-01,2023-07-08T09:30:00Z,London,LON-010,BikeShare,Dock Full,Medium,3,78,1788,TRUE
INC-202307-EDI-014-01,2023-07-08T11:26:00Z,Edinburgh,EDI-014,Underground,Station Closure,Med-High,4,199,91544,TRUE
INC-202307-MAN-022-02,2023-07-08T13:21:00Z,Manchester,MAN-022,Rail,Weather,Low-Med,2,29,3032,TRUE
INC-202307-MAN-002-01,2023-07-08T13:27:00Z,Manchester,MAN-002,Tram,Obstruction,Low-Med,2,36,2881,TRUE
INC-202307-MAN-008-01,2023-07-08T15:32:00Z,Manchester,MAN-008,Bus,Staff Shortage,Low-Med,2,33,3104,TRUE
INC-202307-LON-017-02,2023-07-08T19:58:00Z,London,LON-017,Bus,Vehicle Fault,Medium,3,108,6830,TRUE
INC-202307-LON-018-03,2023-07-09T14:56:00Z,London,LON-018,Bus,Congestion,Medium,3,81,8376,TRUE
INC-202307-LON-016-01,2023-07-10T15:00:00Z,London,LON-016,Rail,Signal Failure,Med-High,4,172,45394,TRUE
INC-202307-EDI-002-02,2023-07-10T20:42:00Z,Edinburgh,EDI-002,Bus,Roadworks,Low-Med,2,29,2159,TRUE
INC-202307-EDI-001-01,2023-07-11T08:42:00Z,Edinburgh,EDI-001,Underground,Signal Failure,Medium,3,86,9189,TRUE
INC-202307-EDI-011-01,2023-07-11T11:57:00Z,Edinburgh,EDI-011,Bus,Staff Shortage,Medium,3,108,13053,FALSE
INC-202307-BRI-003-03,2023-07-11T12:41:00Z,Bristol,BRI-003,Rail,Signal Failure,Med-High,4,107,14596,TRUE
INC-202307-LON-015-02,2023-07-11T18:30:00Z,London,LON-015,Rail,Rolling Stock,High,5,313,46194,TRUE
INC-202307-LON-001-01,2023-07-12T05:46:00Z,London,LON-001,Bus,Staff Shortage,Med-High,4,84,10589,TRUE
INC-202307-EDI-016-01,2023-07-12T08:17:00Z,Edinburgh,EDI-016,BikeShare,Dock Empty,Low,1,14,368,TRUE
INC-202307-BRI-021-02,2023-07-12T15:04:00Z,Bristol,BRI-021,Rail,Weather,Medium,3,83,13013,TRUE
INC-202307-LON-020-01,2023-07-12T15:11:00Z,London,LON-020,Bus,Roadworks,Low,1,16,1923,TRUE
INC-202307-MAN-015-01,2023-07-12T21:23:00Z,Manchester,MAN-015,Bus,Vehicle Fault,Low,1,5,299,TRUE
INC-202307-LON-014-01,2023-07-13T21:50:00Z,London,LON-014,Bus,Congestion,Medium,3,67,45635,TRUE
INC-202307-LON-016-02,2023-07-13T22:49:00Z,London,LON-016,Rail,,Medium,3,132,18147,TRUE
INC-202307-LON-022-02,2023-07-15T13:42:00Z,London,LON-022,Underground,Signal Failure,High,5,324,101754,TRUE
INC-202307-LON-007-01,2023-07-16T06:34:00Z,London,LON-007,Tram,Roadworks,Low-Med,2,59,5405,TRUE
INC-202307-BRI-016-01,2023-07-16T16:55:00Z,Bristol,BRI-016,Rail,Signal Failure,Med-High,4,192,40248,TRUE
INC-202307-BRI-019-01,2023-07-16T18:52:00Z,Bristol,BRI-019,Rail,Signal Failure,Low-Med,2,49,4374,TRUE
INC-202307-MAN-013-02,2023-07-16T19:16:00Z,Manchester,MAN-013,Underground,Signal Failure,High,5,200,,TRUE
INC-202307-LON-018-02,2023-07-17T07:27:00Z,London,LON-018,Bus,Staff Shortage,Med-High,4,210,15841,TRUE
INC-202307-BRI-004-02,2023-07-17T07:46:00Z,Bristol,BRI-004,Underground,Passenger Incident,Medium,3,66,9252,TRUE
INC-202307-BRI-014-01,2023-07-17T11:08:00Z,Bristol,BRI-014,Bus,Congestion,Low,1,30,2338,TRUE
INC-202307-BRI-019-03,2023-07-18T17:06:00Z,Bristol,BRI-019,Rail,Rolling Stock,Med-High,4,190,28446,TRUE
INC-202307-BRI-005-01,2023-07-18T17:45:00Z,Bristol,BRI-005,Bus,Congestion,Low-Med,2,56,6095,TRUE
INC-202307-MAN-019-02,2023-07-18T18:34:00Z,Manchester,MAN-019,Underground,Station Closure,High,5,169,41761,TRUE
INC-202307-BRI-019-04,2023-07-19T03:34:00Z,Bristol,BRI-019,Rail,Rolling Stock,Med-High,4,4240,42542,TRUE
INC-202307-MAN-012-01,2023-07-19T07:11:00Z,Manchester,MAN-012,Rail,Signal Failure,Low,1,23,1900,TRUE
INC-202307-MAN-013-01,2023-07-19T21:14:00Z,Manchester,MAN-013,Underground,Power Issue,Med-High,4,135,31782,TRUE
INC-202307-BRI-011-01,2023-07-21T01:42:00Z,Bristol,BRI-011,Bus,Congestion,Low,1,13,517,TRUE
INC-202307-EDI-020-03,2023-07-21T02:59:00Z,Edinburgh,EDI-020,Rail,Weather,Med-High,4,206,38222,TRUE
INC-202307-EDI-002-01,2023-07-21T03:15:00Z,Edinburgh,EDI-002,Bus,Roadworks,Low,1,11,,TRUE
INC-202307-EDI-018-01,2023-07-21T09:16:00Z,Edinburgh,EDI-018,Rail,Signal Failure,Med-High,4,173,22912,TRUE
INC-202307-BRI-007-01,2023-07-21T09:38:00Z,Bristol,BRI-007,Tram,Vehicle Fault,Low,1,18,236,TRUE
INC-202307-EDI-015-02,2023-07-22T03:53:00Z,Edinburgh,EDI-015,Bus,Staff Shortage,Medium,3,113,9268,FALSE
INC-202307-LON-010-02,2023-07-22T06:01:00Z,London,LON-010,BikeShare,Bike Fault,Medium,3,112,2449,FALSE
INC-202307-BRI-014-02,2023-07-22T08:28:00Z,Bristol,BRI-014,Bus,Vehicle Fault,Low,1,7,327,FALSE
INC-202307-BRI-018-01,2023-07-22T09:10:00Z,Bristol,BRI-018,Bus,Congestion,Low,1,32,624,TRUE
INC-202307-MAN-020-01,2023-07-22T10:21:00Z,Manchester,MAN-020,Bus,Roadworks,Low-Med,2,29,,TRUE
INC-202307-LON-017-01,2023-07-22T19:14:00Z,London,LON-017,Bus,Roadworks,Medium,3,78,6735,TRUE
INC-202307-BRI-017-01,2023-07-22T20:39:00Z,bristol,BRI-017,Bus,Congestion,Low-Med,2,35,5428,FALSE
INC-202307-LON-021-01,2023-07-23T07:12:00Z,London,LON-021,Bus,Staff Shortage,High,5,160,10843,TRUE
INC-202307-EDI-008-01,2023-07-23T08:17:00Z,Edinburgh,EDI-008,Bus,Roadworks,Low,1,17,778,TRUE
INC-202307-LON-022-01,2023-07-23T12:52:00Z,London,LON-022,Underground,Signal Failure,High,5,307,38301,TRUE
INC-202307-LON-012-04,2023-07-23T17:19:00Z,London,LON-012,Bus,Roadworks,Low-Med,2,53,3446,TRUE
INC-202307-EDI-010-01,2023-07-23T17:46:00Z,Edinburgh,EDI-010,Bus,Congestion,Low-Med,2,55,4843,TRUE
INC-202307-LON-021-02,2023-07-25T14:23:00Z,London,LON-021,Bus,Staff Shortage,Low-Med,2,25,1560,TRUE
INC-202307-EDI-013-01,2023-07-26T14:37:00Z,Edinburgh,EDI-013,rail,Weather,Med-High,4,197,14370,TRUE
INC-202307-EDI-015-01,2023-07-27T12:07:00Z,Edinburgh,EDI-015,Bus,Roadworks,Low-Med,2,26,1102,TRUE
INC-202307-LON-012-02,2023-07-28T00:22:00Z,London,LON-012,Bus,Roadworks,Medium,3,120,18880,TRUE
INC-202307-LON-012-01,2023-07-28T06:52:00Z,London,LON-012,Bus,Congestion,Medium,3,105,11441,TRUE
INC-202307-LON-002-01,2023-07-28T15:58:00Z,London,LON-002,Bus,Staff Shortage,Low-Med,2,53,9447,TRUE
INC-202307-LON-015-01,2023-07-28T17:10:00Z,London,LON-015,Rail,Signal Failure,Medium,3,54,7628,TRUE
INC-202307-EDI-020-02,2023-07-30T00:48:00Z,Edinburgh,EDI-020,Rail,Track Fault,Medium,3,99,10984,TRUE
INC-202211-MAN-008-01,2023-07-30T11:17:00Z,Manchester,MAN-022,rail,Rolling Stock,Medium,3,113,9015,FALSE
INC-202307-MAN-010-01,2023-07-31T07:56:00Z,Manchester,MAN-010,Rail,Signal Failure,Low-Med,2,49,3858,TRUE
INC-202307-LON-008-02,2023-07-31T08:09:00Z,London,LON-008,Bus,Staff Shortage,Med-High,4,158,20673,TRUE
INC-202307-LON-008-01,2023-07-31T11:30:00Z,London,LON-008,Bus,Congestion,Low-Med,2,38,4198,TRUE
INC-202308-EDI-005-01,2023-08-01T06:22:00Z,Edinburgh,EDI-005,Underground,Signal Failure,Low,1,18,2988,TRUE
INC-202308-LON-022-01,2023-08-01T13:48:00Z,London,LON-022,Underground,Passenger Incident,Med-High,4,112,37069,TRUE
INC-202308-LON-017-01,2023-08-01T19:26:00Z,London,LON-017,Bus,Staff Shortage,Low-Med,2,50,8019,FALSE
INC-202308-BRI-005-02,2023-08-02T08:54:00Z,Bristol,BRI-005,Bus,Staff Shortage,Medium,3,56,2450,FALSE
INC-202308-BRI-018-01,2023-08-02T12:02:00Z,Bristol,BRI-018,Bus,Congestion,Low-Med,2,50,4211,TRUE
INC-202308-EDI-019-01,2023-08-03T00:56:00Z,Edinburgh,EDI-019,Tram,Vehicle Fault,Low,1,,297,TRUE
INC-202308-LON-016-01,2023-08-03T09:18:00Z,London,LON-016,Rail,Signal Failure,High,5,293,73898,TRUE
INC-202308-MAN-019-02,2023-08-04T17:52:00Z,Manchester,MAN-019,Underground,Signal Failure,Medium,3,98,20901,TRUE
INC-202308-MAN-022-02,2023-08-04T20:49:00Z,Manchester,MAN-022,Rail,Track Fault,Medium,3,98,7119,FALSE
INC-202308-EDI-007-01,2023-08-05T07:55:00Z,Edinburgh,EDI-007,BikeShare,,Low,1,5,,TRUE
INC-202308-EDI-001-01,2023-08-05T08:51:00Z,Edinburgh,EDI-001,Underground,Signal Failure,Medium,3,109,15878,TRUE
INC-202308-BRI-006-02,2023-08-05T21:12:00Z,Bristol,BRI-006,Bus,Roadworks,Low-Med,2,39,3434,TRUE
INC-202308-LON-010-02,2023-08-06T18:58:00Z,london,LON-010,BikeShare,Vandalism,Low,1,9,86,FALSE
INC-202308-LON-008-01,2023-08-07T13:17:00Z,London,LON-008,Bus,Vehicle Fault,Low-Med,2,49,3946,TRUE
INC-202308-EDI-012-01,2023-08-07T21:52:00Z,Edinburgh,EDI-012,Underground,Station Closure,Medium,3,109,23000,TRUE
INC-202308-LON-009-01,2023-08-07T23:46:00Z,London,LON-009,Rail,Rolling Stock,High,5,256,24381,TRUE
INC-202308-LON-017-03,2023-08-07T23:49:00Z,London,LON-017,Bus,Roadworks,Medium,3,95,4658,TRUE
INC-202308-EDI-011-01,2023-08-08T01:31:00Z,Edinburgh,EDI-011,Bus,Accident,Low,1,19,907,TRUE
INC-202308-LON-001-01,2023-08-08T06:31:00Z,London,LON-001,Bus,Vehicle Fault,Med-High,4,156,,FALSE
INC-202308-LON-017-02,2023-08-08T07:00:00Z,London,LON-017,Bus,Congestion,Med-High,4,96,13560,FALSE
INC-202308-MAN-012-01,2023-08-08T08:27:00Z,Manchester,MAN-012,Rail,Signal Failure,Med-High,4,209,24652,FALSE
INC-202308-BRI-008-02,2023-08-08T11:39:00Z,Bristol,BRI-008,Rail,Signal Failure,High,5,315,48901,FALSE
INC-202308-LON-018-02,2023-08-08T22:02:00Z,London,LON-018,Bus,Roadworks,Low-Med,2,33,5349,TRUE
INC-202308-EDI-014-01,2023-08-09T08:17:00Z,Edinburgh,EDI-014,Underground,Power Issue,Medium,3,88,11610,TRUE
INC-202308-BRI-006-01,2023-08-09T15:28:00Z,Bristol,BRI-006,Bus,Staff Shortage,Low,1,18,1684,TRUE
INC-202308-LON-008-02,2023-08-09T19:50:00Z,London,LON-008,Bus,Vehicle Fault,Med-High,4,133,9129,TRUE
INC-202308-MAN-008-02,2023-08-11T03:07:00Z,Manchester,MAN-008,Bus,Congestion,Low-Med,2,37,2003,TRUE
INC-202308-BRI-004-02,2023-08-12T00:03:00Z,Bristol,BRI-004,Underground,Power Issue,Med-High,4,198,28691,TRUE
INC-202308-BRI-005-01,2023-08-12T14:30:00Z,Bristol,BRI-005,Bus,Vehicle Fault,MEDIUM,3,90,8710,TRUE
INC-202308-EDI-017-01,2023-08-12T16:10:00Z,Edinburgh,EDI-017,Underground,Signal Failure,Low-Med,2,61,20589,TRUE
INC-202308-EDI-013-01,2023-08-13T02:22:00Z,Edinburgh,EDI-013,Rail,Rolling Stock,High,5,225,9092,TRUE
INC-202308-MAN-018-01,2023-08-13T16:32:00Z,Manchester,MAN-018,BikeShare,Dock Empty,Low,1,13,106,TRUE
INC-202308-LON-018-01,2023-08-14T15:13:00Z,London,LON-018,Bus,Roadworks,Med-High,4,137,23400,TRUE
INC-202308-MAN-019-03,2023-08-14T19:27:00Z,Manchester,MAN-019,Underground,Station Closure,Low-Med,2,49,7527,TRUE
INC-202308-BRI-019-01,2023-08-14T21:55:00Z,Bristol,BRI-019,Rail,Signal Failure,Low-Med,2,50,8271,TRUE
INC-202308-MAN-013-02,2023-08-15T01:01:00Z,MAN,MAN-013,Underground,Station Closure,Medium,3,92,26400,TRUE
INC-202308-EDI-015-01,2023-08-15T03:42:00Z,Edinburgh,EDI-015,Bus,Congestion,Low-Med,2,43,3179,TRUE
INC-202308-BRI-021-01,2023-08-15T19:21:00Z,Bristol,BRI-021,Rail,Signal Failure,Medium,3,104,10610,FALSE
INC-202308-EDI-010-01,2023-08-16T07:49:00Z,EDI,EDI-010,bus,Roadworks,Low,1,32,1946,TRUE
INC-202308-MAN-015-02,2023-08-16T22:26:00Z,Manchester,MAN-015,Bus,Congestion,Low-Med,2,43,2451,TRUE
INC-202308-BRI-015-01,2023-08-17T12:40:00Z,Bristol,BRI-015,BikeShare,Dock Empty,Low,1,14,81,TRUE
INC-202308-LON-004-01,2023-08-17T23:21:00Z,London,LON-004,Tram,Power Issue,Medium,3,63,5242,TRUE
INC-202308-MAN-008-03,2023-08-18T05:38:00Z,Manchester,MAN-008,Bus,Roadworks,Low,1,21,1484,TRUE
INC-202308-MAN-013-01,2023-08-18T07:08:00Z,Manchester,MAN-013,Underground,Signal Failure,Medium,3,78,16247,TRUE
INC-202308-LON-019-01,2023-08-18T17:32:00Z,London,LON-019,Bus,,Medium,3,101,9753,TRUE
INC-202308-BRI-018-02,2023-08-18T18:15:00Z,Bristol,BRI-018,Bus,Congestion,Low-Med,2,36,3532,TRUE
INC-202308-EDI-011-02,2023-08-18T19:25:00Z,Edinburgh,EDI-011,bus,Congestion,Low-Med,2,51,3193,TRUE
INC-202308-MAN-022-01,2023-08-18T21:01:00Z,Manchester,MAN-022,Rail,Rolling Stock,Medium,3,55,11751,TRUE
INC-202308-LON-010-01,2023-08-18T23:53:00Z,London,LON-010,BikeShare,Dock Empty,Low,1,11,139,TRUE
INC-202308-BRI-020-01,2023-08-19T05:32:00Z,Bristol,BRI-020,Rail,Track Fault,Low-Med,2,48,9832,TRUE
INC-202308-LON-020-01,2023-08-19T06:14:00Z,London,LON-020,Bus,Congestion,Medium,3,100,9005,TRUE
INC-202308-LON-011-01,2023-08-19T10:42:00Z,London,LON-011,Tram,Vehicle Fault,LOW-MED,2,42,4840,TRUE
INC-202308-LON-014-01,2023-08-19T18:51:00Z,London,LON-014,Bus,Vehicle Fault,Low,1,13,841,FALSE
INC-202308-BRI-007-02,2023-08-20T03:57:00Z,Bristol,BRI-007,Tram,Roadworks,Low-Med,2,32,1940,TRUE
INC-202308-MAN-008-01,2023-08-20T16:41:00Z,Manchester,MAN-008,Bus,,Low-Med,2,52,4531,TRUE
INC-202308-LON-016-02,2023-08-20T17:11:00Z,London,LON-016,Rail,Signal Failure,Med-High,4,143,30600,TRUE
INC-202308-BRI-008-01,2023-08-20T17:36:00Z,Bristol,BRI-008,Rail,Signal Failure,Medium,3,117,10977,TRUE
INC-202308-BRI-006-03,2023-08-21T00:10:00Z,bristol,BRI-006,Bus,Congestion,Medium,3,82,5870,TRUE
INC-202308-LON-018-04,2023-08-21T05:07:00Z,London,LON-018,Bus,Staff Shortage,High,5,307,62725,TRUE
INC-202308-BRI-022-01,2023-08-21T14:06:00Z,Bristol,BRI-022,Underground,Passenger Incident,Med-High,4,161,27288,TRUE
INC-202308-BRI-007-01,2023-08-21T14:52:00Z,Bristol,BRI-007,Tram,Vehicle Fault,Low-Med,2,39,2578,TRUE
INC-202308-EDI-003-01,2023-08-22T09:18:00Z,Edinburgh,EDI-003,Bus,Vehicle Fault,Low-Med,2,42,1593,FALSE
INC-202308-MAN-008-04,2023-08-23T00:58:00Z,Manchester,MAN-008,Bus,Staff Shortage,Medium,3,73,5869,TRUE
INC-202308-EDI-013-02,2023-08-23T09:48:00Z,Edinburgh,EDI-013,Rail,Weather,Medium,3,96,9746,TRUE
INC-202308-BRI-004-01,2023-08-23T15:06:00Z,Bristol,BRI-004,Underground,Signal Failure,Low-Med,2,42,6147,FALSE
INC-202308-EDI-005-02,2023-08-23T17:07:00Z,Edinburgh,EDI-005,Underground,Power Issue,Low-Med,2,46,3631,TRUE
INC-202308-MAN-002-01,2023-08-23T17:59:00Z,Manchester,MAN-002,Tram,Roadworks,Low,1,10,,FALSE
INC-202308-BRI-021-02,2023-08-23T18:22:00Z,Bristol,BRI-021,Rail,Rolling Stock,Med-High,4,113,11438,TRUE
INC-202308-LON-013-01,2023-08-24T11:44:00Z,London,LON-013,Underground,Station Closure,Low-Med,2,63,13395,TRUE
INC-202308-MAN-003-01,2023-08-24T19:39:00Z,Manchester,MAN-003,BikeShare,Bike Fault,Low,1,12,50,TRUE
INC-202308-EDI-003-02,2023-08-25T15:29:00Z,Edinburgh,EDI-003,Bus,Vehicle Fault,Low-Med,2,52,2478,FALSE
INC-202308-LON-003-01,2023-08-25T16:58:00Z,London,LON-003,Bus,Congestion,Low-Med,2,35,1856,TRUE
INC-202308-BRI-002-01,2023-08-26T04:34:00Z,bristol,BRI-002,Bus,Staff Shortage,Low-Med,2,58,3051,TRUE
INC-202308-LON-003-02,2023-08-26T08:33:00Z,London,LON-003,Bus,Congestion,Low-Med,2,28,2553,TRUE
INC-202308-LON-021-01,2023-08-26T17:03:00Z,London,LON-021,Bus,Roadworks,Low-Med,2,46,9913,TRUE
INC-202308-MAN-019-01,2023-08-26T19:15:00Z,Manchester,MAN-019,underground,Signal Failure,Low-Med,2,26,7360,TRUE
INC-202308-MAN-005-01,2023-08-27T06:16:00Z,Manchester,MAN-005,Tram,Power Issue,Low-Med,2,44,1288,TRUE
INC-202308-LON-018-03,2023-08-27T12:14:00Z,London,LON-018,Bus,Accident,Medium,3,119,12564,FALSE
INC-202308-BRI-019-02,2023-08-27T12:49:00Z,Bristol,BRI-019,Rail,Signal Failure,Med-High,4,153,32037,TRUE
INC-202308-EDI-006-01,2023-08-27T18:53:00Z,Edinburgh,EDI-006,Underground,Power Issue,Medium,3,78,30790,FALSE
INC-202308-MAN-015-01,2023-08-28T02:47:00Z,Manchester,MAN-015,Bus,Congestion,Medium,3,112,10148,TRUE
INC-202308-EDI-021-01,2023-08-28T07:34:00Z,Edinburgh,EDI-021,Tram,Power Issue,Low-Med,2,39,1143,TRUE
INC-202308-BRI-013-01,2023-08-28T20:09:00Z,Bristol,BRI-013,Bus,Accident,Low,1,20,1345,FALSE
INC-202308-LON-017-04,2023-08-29T04:10:00Z,London,LON-017,Bus,Congestion,Medium,3,61,4040,TRUE
INC-202308-LON-018-05,2023-08-29T21:21:00Z,London,LON-018,Bus,Vehicle Fault,Medium,3,76,10767,TRUE
INC-202308-EDI-014-02,2023-08-30T07:14:00Z,Edinburgh,EDI-014,Underground,Signal Failure,Med-High,4,171,,TRUE
INC-202308-MAN-001-01,2023-08-30T17:43:00Z,Manchester,MAN-001,Bus,Vehicle Fault,Low,1,26,1241,TRUE
INC-202308-BRI-001-01,2023-08-30T21:22:00Z,Bristol,BRI-001,Bus,,Low-Med,2,54,10370,TRUE
INC-202308-EDI-016-01,2023-08-31T18:55:00Z,Edinburgh,EDI-016,BikeShare,Dock Empty,Low,1,5,33,TRUE
INC-202308-LON-005-01,2023-08-31T19:43:00Z,London,LON-005,Rail,Rolling Stock,Medium,3,120,31766,FALSE
INC-202309-EDI-004-02,2023-09-01T05:44:00Z,Edinburgh,EDI-004,Bus,Roadworks,Medium,3,65,6207,TRUE
INC-202309-EDI-004-01,2023-09-01T17:59:00Z,Edinburgh,EDI-004,Bus,Roadworks,Low Med,2,36,2163,TRUE
INC-202309-BRI-008-03,2023-09-02T00:51:00Z,Bristol,BRI-008,Rail,Track Fault,Med-High,4,193,32352,TRUE
INC-202309-BRI-008-02,2023-09-02T10:39:00Z,Bristol,BRI-008,Rail,Signal Failure,Medium,3,96,18336,TRUE
INC-202309-MAN-010-01,2023-09-02T16:12:00Z,Manchester,MAN-010,Rail,Rolling Stock,Low,1,15,1388,TRUE
INC-202309-BRI-010-03,2023-09-02T19:08:00Z,Bristol,BRI-010,BikeShare,Dock Empty,Low,1,6,140,TRUE
INC-202309-EDI-001-01,2023-09-03T11:02:00Z,Edinburgh,EDI-001,Underground,Signal Failure,Medium,3,71,5594,TRUE
INC-202309-LON-008-02,2023-09-03T19:53:00Z,London,LON-008,Bus,Roadworks,Low-Med,2,29,2269,TRUE
INC-202309-LON-007-01,2023-09-04T02:02:00Z,London,LON-007,Tram,Power Issue,Low,1,19,816,TRUE
INC-202309-LON-020-01,2023-09-04T08:36:00Z,London,LON-020,bus,Staff Shortage,Med-High,4,104,15621,TRUE
INC-202309-MAN-001-01,2023-09-04T16:17:00Z,Manchester,MAN-001,Bus,Staff Shortage,Medium,3,90,14196,TRUE
INC-202309-MAN-011-01,2023-09-04T22:23:00Z,Manchester,MAN-011,Bus,Congestion,Low-Med,2,46,2560,TRUE
INC-202309-EDI-012-01,2023-09-05T08:33:00Z,Edinburgh,EDI-012,Underground,Signal Failure,High,5,335,79182,TRUE
INC-202309-EDI-005-01,2023-09-05T11:19:00Z,Edinburgh,EDI-005,Underground,Power Issue,Medium,3,74,15790,TRUE
INC-202309-MAN-012-01,2023-09-05T17:07:00Z,Manchester,MAN-012,Rail,Weather,Medium,3,67,7564,FALSE
INC-202309-LON-002-03,2023-09-05T22:10:00Z,London,LON-002,Bus,Roadworks,Low-Med,2,18,1160,TRUE
INC-202309-BRI-010-01,2023-09-06T07:38:00Z,Bristol,BRI-010,BikeShare,Bike Fault,Low Med,2,58,1541,TRUE
INC-202309-LON-014-02,2023-09-06T18:51:00Z,London,LON-014,Bus,Roadworks,Low-Med,2,27,1786,TRUE
INC-202309-BRI-014-01,2023-09-06T18:57:00Z,Bristol,BRI-014,Bus,,Medium,3,73,7467,TRUE
INC-202309-LON-022-03,2023-09-07T03:15:00Z,London,LON-022,Underground,Station Closure,High,5,251,78063,TRUE
INC-202309-LON-014-03,2023-09-07T04:09:00Z,London,LON-014,Bus,Congestion,Low-Med,2,55,11566,TRUE
INC-202309-EDI-009-01,2023-09-07T23:27:00Z,Edinburgh,EDI-009,Bus,Roadworks,Med-High,4,205,7735,TRUE
INC-202309-MAN-008-02,2023-09-08T03:16:00Z,Manchester,MAN-008,Bus,Congestion,Low-Med,2,32,2088,TRUE
INC-202309-MAN-009-01,2023-09-08T14:53:00Z,Manchester,MAN-009,Underground,Power Issue,Med-High,4,100,37975,TRUE
INC-202309-LON-021-01,2023-09-08T19:30:00Z,London,LON-021,Bus,Staff Shortage,Medium,3,115,15772,TRUE
INC-202309-LON-021-01,2023-09-08T19:35:00Z,London,LON-021,Bus,Staff Shortage,Medium,3,115,15772,TRUE
INC-202309-BRI-015-01,2023-09-09T06:47:00Z,Bristol,BRI-015,BikeShare,Vandalism,Low,1,9,52,TRUE
INC-202309-MAN-008-04,2023-09-09T10:40:00Z,Manchester,MAN-008,Bus,Staff Shortage,Low,1,14,1801,TRUE
INC-202309-BRI-006-03,2023-09-09T17:04:00Z,Bristol,BRI-006,Bus,Vehicle Fault,Medium,3,115,3420,TRUE
INC-202309-EDI-015-01,2023-09-10T00:02:00Z,Edinburgh,EDI-015,Bus,Staff Shortage,Low-Med,2,34,2020,TRUE
INC-202309-MAN-001-02,2023-09-10T08:47:00Z,Manchester,MAN-001,Bus,Congestion,Medium,3,97,12471,TRUE
INC-202309-MAN-019-01,2023-09-10T08:55:00Z,Manchester,MAN-019,Underground,Signal Failure,Medium,3,55,15820,TRUE
INC-202309-MAN-012-02,2023-09-11T06:00:00Z,Manchester,MAN-012,Rail,Signal Failure,Med-High,4,108,15243,TRUE
INC-202309-BRI-020-01,2023-09-11T12:41:00Z,Bristol,BRI-020,Rail,,Medium,3,84,20653,TRUE
INC-202309-EDI-009-03,2023-09-11T15:24:00Z,Edinburgh,EDI-009,Bus,Roadworks,Low,1,27,1024,TRUE
INC-202309-EDI-014-01,2023-09-11T18:00:00Z,Edinburgh,EDI-014,Underground,Signal Failure,Medium,3,91,12950,TRUE
INC-202309-EDI-002-02,2023-09-11T20:39:00Z,Edinburgh,EDI-002,Bus,Roadworks,Medium,3,58,2468,TRUE
INC-202309-MAN-021-02,2023-09-12T08:05:00Z,Manchester,MAN-021,Rail,,Med-High,4,204,20674,TRUE
INC-202309-MAN-010-03,2023-09-12T08:30:00Z,Manchester,MAN-010,Rail,Weather,Low-Med,2,39,4898,TRUE
INC-202309-EDI-011-01,2023-09-12T09:45:00Z,Edinburgh,EDI-011,Bus,Staff Shortage,Low-Med,2,41,3653,TRUE
INC-202309-LON-003-01,2023-09-12T18:23:00Z,London,LON-003,Bus,Vehicle Fault,Medium,3,92,3086,TRUE
INC-202309-MAN-004-01,2023-09-13T07:52:00Z,Manchester,MAN-004,Bus,Congestion,Medium,3,103,7854,TRUE
INC-202309-EDI-012-02,2023-09-13T08:00:00Z,EDI,EDI-012,Underground,Passenger Incident,High,5,212,59221,TRUE
INC-202309-MAN-008-01,2023-09-13T16:38:00Z,Manchester,MAN-008,Bus,Roadworks,Low,1,12,667,TRUE
INC-202309-MAN-008-01,2023-09-13T16:40:00Z,Manchester,MAN-008,Bus,Roadworks,Low,1,12,667,TRUE
INC-202309-BRI-021-03,2023-09-13T21:54:00Z,Bristol,BRI-021,Rail,Weather,Medium,3,60,11130,TRUE
INC-202309-BRI-006-02,2023-09-13T23:04:00Z,Bristol,BRI-006,Bus,Roadworks,Low,1,19,809,TRUE
INC-202309-LON-022-02,2023-09-14T09:35:00Z,London,LON-022,Underground,Signal Failure,Med-High,4,160,75825,TRUE
INC-202309-EDI-006-01,2023-09-14T18:06:00Z,Edinburgh,EDI-006,Underground,Station Closure,Med-High,4,193,31668,TRUE
INC-202309-LON-007-02,2023-09-15T06:34:00Z,London,LON-007,Tram,Power Issue,Low-Med,2,54,1790,TRUE
INC-202309-LON-017-01,2023-09-15T06:57:00Z,London,LON-017,Bus,,Medium,3,110,9957,TRUE
INC-202309-EDI-006-04,2023-09-16T05:49:00Z,Edinburgh,EDI-006,Underground,Power Issue,Med-High,4,148,38251,FALSE
INC-202309-BRI-013-01,2023-09-16T16:38:00Z,Bristol,BRI-013,Bus,Congestion,Low-Med,2,59,1564,TRUE
INC-202309-MAN-015-01,2023-09-17T17:10:00Z,Manchester,MAN-015,Bus,Vehicle Fault,Low,1,14,736,FALSE
INC-202309-MAN-010-02,2023-09-17T19:02:00Z,Manchester,MAN-010,Rail,Rolling Stock,Medium,3,67,12087,TRUE
INC-202309-BRI-008-01,2023-09-17T19:26:00Z,Bristol,BRI-008,Rail,Rolling Stock,Med-High,4,109,11332,TRUE
INC-202309-BRI-020-03,2023-09-18T19:20:00Z,Bristol,BRI-020,Rail,Signal Failure,Low-Med,2,52,4176,TRUE
INC-202309-EDI-006-03,2023-09-19T05:20:00Z,Edinburgh,EDI-006,Underground,Power Issue,Medium,3,92,19203,TRUE
INC-202309-LON-018-01,2023-09-19T06:30:00Z,London,LON-018,Bus,Accident,Medium,3,108,11591,TRUE
INC-202309-BRI-016-02,2023-09-19T08:59:00Z,Bristol,BRI-016,Rail,Track Fault,Medium,3,92,5692,TRUE
INC-202309-BRI-016-01,2023-09-19T10:48:00Z,Bristol,BRI-016,Rail,Rolling Stock,Medium,3,120,21217,TRUE
INC-202309-BRI-020-04,2023-09-19T15:05:00Z,Bristol,BRI-020,Rail,Signal Failure,Medium,3,68,10251,TRUE
INC-202309-LON-002-01,2023-09-19T19:32:00Z,London,LON-002,Bus,Congestion,Medium,3,106,9205,TRUE
INC-202309-EDI-015-02,2023-09-20T06:29:00Z,Edinburgh,EDI-015,Bus,Congestion,Low,1,23,2885,TRUE
INC-202309-EDI-002-01,2023-09-20T19:27:00Z,Edinburgh,EDI-002,Bus,Roadworks,Medium,3,58,1293,FALSE
INC-202309-MAN-015-02,2023-09-20T22:24:00Z,Manchester,MAN-015,Bus,Vehicle Fault,Low,1,8,466,TRUE
INC-202309-EDI-018-01,2023-09-21T06:39:00Z,Edinburgh,EDI-018,Rail,Weather,Med-High,4,204,24727,TRUE
INC-202309-MAN-008-03,2023-09-21T12:35:00Z,Manchester,MAN-008,Bus,Staff Shortage,Medium,3,93,10165,TRUE
INC-202309-EDI-020-01,2023-09-22T10:26:00Z,Edinburgh,EDI-020,Rail,Rolling Stock,Medium,3,73,8923,TRUE
INC-202309-EDI-009-02,2023-09-22T17:13:00Z,Edinburgh,EDI-009,Bus,,Low,1,20,1016,TRUE
INC-202309-EDI-018-02,2023-09-22T21:00:00Z,Edinburgh,EDI-018,Rail,Rolling Stock,Medium,3,66,11457,FALSE
INC-202309-EDI-006-02,2023-09-23T00:56:00Z,Edinburgh,EDI-006,Underground,Passenger Incident,Low Med,2,32,8790,TRUE
INC-202309-BRI-001-03,2023-09-23T03:33:00Z,Bristol,BRI-001,Bus,Congestion,Medium,3,82,8852,TRUE
INC-202309-LON-014-01,2023-09-23T08:49:00Z,London,LON-014,Bus,Staff Shortage,Low-Med,2,51,9784,TRUE
INC-202309-LON-008-01,2023-09-23T15:50:00Z,London,LON-008,Bus,Accident,Medium,3,,7653,TRUE
INC-202309-MAN-012-03,2023-09-24T06:50:00Z,Manchester,MAN-012,Rail,Weather,Medium,3,83,6485,TRUE
INC-202309-BRI-020-02,2023-09-24T07:53:00Z,Bristol,BRI-020,Rail,Track Fault,Med-High,4,206,19744,TRUE
INC-202309-MAN-013-01,2023-09-24T09:23:00Z,Manchester,MAN-013,Underground,Power Issue,Medium,3,93,22838,FALSE
INC-202309-LON-015-02,2023-09-25T05:57:00Z,London,LON-015,Rail,Track Fault,Med-High,4,196,21598,TRUE
INC-202309-MAN-016-01,2023-09-25T06:09:00Z,Manchester,MAN-016,bus,Staff Shortage,Low-Med,2,52,4706,TRUE
INC-202309-LON-005-01,2023-09-25T13:30:00Z,London,LON-005,Rail,Rolling Stock,Medium,3,103,17019,TRUE
INC-202309-EDI-013-01,2023-09-25T21:52:00Z,Edinburgh,EDI-013,Rail,Rolling Stock,Medium,3,72,5162,TRUE
INC-202309-EDI-008-01,2023-09-26T07:22:00Z,Edinburgh,EDI-008,Bus,Staff Shortage,Low-Med,2,32,3070,TRUE
INC-202309-LON-022-01,2023-09-26T08:19:00Z,London,LON-022,Underground,Station Closure,Med-High,4,137,19875,TRUE
INC-202309-LON-001-01,2023-09-27T08:07:00Z,London,LON-001,Bus,Accident,Medium,3,,7168,TRUE
INC-202309-LON-013-01,2023-09-27T10:12:00Z,London,LON-013,Underground,Power Issue,Med-High,4,110,59377,TRUE
INC-202309-BRI-001-01,2023-09-27T19:52:00Z,Bristol,BRI-001,Bus,Congestion,Low-Med,2,48,3006,TRUE
INC-202309-LON-005-02,2023-09-27T20:20:00Z,London,LON-005,Rail,Signal Failure,Medium,3,111,13332,TRUE
INC-202309-LON-016-01,2023-09-27T21:39:00Z,London,LON-016,Rail,Rolling Stock,High,5,306,37098,TRUE
INC-202309-MAN-021-01,2023-09-28T00:39:00Z,Manchester,MAN-021,Rail,Track Fault,Medium,3,109,10726,FALSE
INC-202309-MAN-022-01,2023-09-28T05:15:00Z,Manchester,MAN-022,Rail,Signal Failure,Low-Med,2,44,11244,TRUE
INC-202309-BRI-021-01,2023-09-28T07:04:00Z,Bristol,BRI-021,Rail,Track Fault,Med-High,4,165,39710,TRUE
INC-202309-LON-002-02,2023-09-28T08:23:00Z,London,LON-002,Bus,Roadworks,Low-Med,2,58,5012,TRUE
INC-202309-EDI-002-03,2023-09-28T17:00:00Z,Edinburgh,EDI-002,Bus,Vehicle Fault,Medium,3,115,6339,TRUE
INC-202309-BRI-006-01,2023-09-28T19:16:00Z,Bristol,BRI-006,Bus,Staff Shortage,Low,1,11,180,TRUE
INC-202309-LON-015-01,2023-09-29T06:49:00Z,London,LON-015,rail,Rolling Stock,High,5,,11730,TRUE
INC-202309-LON-014-04,2023-09-29T09:40:00Z,London,LON-014,Bus,Congestion,Medium,3,91,6766,TRUE
INC-202309-BRI-010-02,2023-09-29T10:49:00Z,Bristol,BRI-010,BikeShare,Dock Empty,Low,1,8,137,TRUE
INC-202309-BRI-021-02,2023-09-30T03:48:00Z,Bristol,BRI-021,rail,Weather,Low-Med,2,38,6967,FALSE
INC-202309-LON-012-01,2023-09-30T04:57:00Z,London,LON-012,Bus,Vehicle Fault,Medium,3,91,4946,TRUE
INC-202309-EDI-016-01,2023-09-30T08:39:00Z,Edinburgh,EDI-016,BikeShare,,Low,1,9,21,TRUE
INC-202309-BRI-017-01,2023-09-30T11:44:00Z,Bristol,BRI-017,Bus,Congestion,Low,1,10,,TRUE
INC-202309-BRI-001-02,2023-09-30T11:56:00Z,Bristol,BRI-001,Bus,Congestion,Low-Med,2,58,2905,TRUE
INC-202309-BRI-008-04,2023-09-30T13:03:00Z,Bristol,BRI-008,Rail,Rolling Stock,Med-High,4,134,10241,TRUE
INC-202310-MAN-002-02,2023-10-01T07:52:00Z,MAN,MAN-002,Tram,Roadworks,Low,1,23,768,TRUE
INC-202310-BRI-005-02,2023-10-01T12:03:00Z,Bristol,BRI-005,Bus,Vehicle Fault,Low,1,22,673,TRUE
INC-202310-EDI-018-04,2023-10-01T23:48:00Z,Edinburgh,EDI-018,Rail,Track Fault,Med-High,4,177,16252,TRUE
INC-202310-LON-016-01,2023-10-02T00:28:00Z,London,LON-016,Rail,Track Fault,High,5,312,92095,TRUE
INC-202310-MAN-004-01,2023-10-02T07:43:00Z,Manchester,MAN-004,Bus,Congestion,Low-Med,2,40,,TRUE
INC-202310-LON-002-01,2023-10-02T08:38:00Z,London,LON-002,Bus,Roadworks,Low-Med,2,31,2311,TRUE
INC-202310-MAN-007-01,2023-10-02T15:51:00Z,Manchester,MAN-007,Tram,Power Issue,Low,1,14,326,TRUE
INC-202310-LON-001-01,2023-10-02T18:15:00Z,London,LON-001,Bus,Congestion,Low-Med,2,45,3298,TRUE
INC-202310-LON-013-01,2023-10-02T21:31:00Z,London,LON-013,Underground,Passenger Incident,Medium,3,80,38900,TRUE
INC-202310-BRI-004-01,2023-10-03T02:07:00Z,Bristol,BRI-004,Underground,Power Issue,Med-High,4,188,57730,TRUE
INC-202310-LON-016-05,2023-10-03T14:28:00Z,London,LON-016,Rail,Signal Failure,High,5,266,62123,TRUE
INC-202310-MAN-006-01,2023-10-04T02:52:00Z,Manchester,MAN-006,Tram,Power Issue,Low,1,22,504,TRUE
INC-202310-BRI-014-01,2023-10-04T07:34:00Z,Bristol,BRI-014,Bus,Congestion,Medium,3,92,3498,TRUE
INC-202310-BRI-003-02,2023-10-04T08:24:00Z,Bristol,BRI-003,Rail,Track Fault,Med-High,4,203,30363,TRUE
INC-202310-LON-011-01,2023-10-05T00:16:00Z,London,LON-011,Tram,Power Issue,Low-Med,2,47,3729,TRUE
INC-202310-LON-014-03,2023-10-05T07:51:00Z,London,LON-014,Bus,Vehicle Fault,Low-Med,2,60,5562,TRUE
INC-202310-EDI-021-01,2023-10-05T08:35:00Z,Edinburgh,EDI-021,Tram,Vehicle Fault,Medium,3,121,4363,TRUE
INC-202310-EDI-009-02,2023-10-05T09:07:00Z,Edinburgh,EDI-009,Bus,Accident,Low-Med,2,33,1165,TRUE
INC-202310-MAN-021-03,2023-10-05T11:05:00Z,Manchester,MAN-021,rail,Signal Failure,Medium,3,106,10177,TRUE
INC-202310-LON-020-01,2023-10-05T12:24:00Z,London,LON-020,Bus,Congestion,Low-Med,2,61,7696,TRUE
INC-202310-BRI-003-01,2023-10-05T16:19:00Z,Bristol,BRI-003,Rail,Track Fault,Med-High,4,216,17566,TRUE
INC-202310-BRI-003-03,2023-10-05T17:45:00Z,Bristol,BRI-003,Rail,Track Fault,Med-High,4,183,40641,TRUE
INC-202310-LON-018-02,2023-10-06T07:26:00Z,London,LON-018,Bus,Congestion,Low,1,7,1096,TRUE
INC-202310-MAN-021-02,2023-10-06T07:55:00Z,Manchester,MAN-021,Rail,Track Fault,High,5,217,21195,TRUE
INC-202310-EDI-010-01,2023-10-06T19:23:00Z,Edinburgh,EDI-010,Bus,Vehicle Fault,Low,1,18,5600,TRUE
INC-202310-LON-014-01,2023-10-07T06:04:00Z,London,LON-014,Bus,Vehicle Fault,Med-High,4,174,8563,TRUE
INC-202310-EDI-013-02,2023-10-07T15:15:00Z,Edinburgh,EDI-013,Rail,Rolling Stock,Low-Med,2,68,6856,TRUE
INC-202310-MAN-011-01,2023-10-07T20:33:00Z,Manchester,MAN-011,Bus,Staff Shortage,Low,1,8,157,TRUE
INC-202310-LON-019-01,2023-10-09T16:42:00Z,London,LON-019,Bus,Congestion,Low-Med,2,45,3791,TRUE
INC-202310-BRI-006-02,2023-10-10T07:45:00Z,bristol,BRI-006,Bus,Congestion,Low-Med,2,39,2398,TRUE
INC-202310-MAN-020-02,2023-10-10T09:13:00Z,Manchester,MAN-020,Bus,Accident,Low-Med,2,46,2025,TRUE
INC-202310-MAN-008-01,2023-10-10T23:52:00Z,Manchester,MAN-008,Bus,Roadworks,Low,1,5,357,TRUE
INC-202310-EDI-015-01,2023-10-11T04:19:00Z,Edinburgh,EDI-015,Bus,Roadworks,Low-Med,2,46,2916,TRUE
INC-202310-MAN-010-01,2023-10-11T08:55:00Z,Manchester,MAN-010,Rail,Signal Failure,Low-Med,2,48,4197,TRUE
INC-202310-LON-018-01,2023-10-11T17:18:00Z,london,LON-018,Bus,Roadworks,Medium,3,80,7125,FALSE
INC-202310-MAN-020-04,2023-10-11T22:09:00Z,Manchester,MAN-020,Bus,Roadworks,Low-Med,2,54,4077,TRUE
INC-202310-EDI-009-01,2023-10-11T23:41:00Z,Edinburgh,EDI-009,Bus,Congestion,Low-Med,2,54,2548,TRUE
INC-202310-BRI-018-02,2023-10-12T11:30:00Z,Bristol,BRI-018,Bus,Staff Shortage,Low,1,18,1140,TRUE
INC-202310-BRI-018-02,2023-10-12T11:34:00Z,Bristol,BRI-018,Bus,Staff Shortage,Low,1,18,1140,TRUE
INC-202310-LON-016-06,2023-10-12T16:46:00Z,London,LON-016,Rail,Track Fault,Med-High,4,117,23735,TRUE
INC-202310-LON-012-02,2023-10-12T20:59:00Z,London,LON-012,Bus,Congestion,Low-Med,2,33,3868,TRUE
INC-202310-MAN-005-01,2023-10-13T01:16:00Z,Manchester,MAN-005,Tram,Roadworks,Low,1,18,439,FALSE
INC-202310-LON-017-01,2023-10-13T07:14:00Z,London,LON-017,bus,Roadworks,High,5,202,22730,TRUE
INC-202310-LON-012-03,2023-10-13T07:16:00Z,London,LON-012,Bus,Roadworks,Low,1,13,862,TRUE
INC-202310-EDI-013-01,2023-10-14T03:04:00Z,Edinburgh,EDI-013,Rail,Signal Failure,Low,1,16,1984,TRUE
INC-202310-MAN-020-01,2023-10-14T08:14:00Z,Manchester,MAN-020,Bus,,Low,1,18,994,FALSE
INC-202310-BRI-003-04,2023-10-14T18:08:00Z,Bristol,BRI-003,Rail,Track Fault,Medium,3,109,27390,TRUE
INC-202310-BRI-021-01,2023-10-15T09:36:00Z,Bristol,BRI-021,Rail,Signal Failure,Low,1,29,1199,TRUE
INC-202310-MAN-002-01,2023-10-15T19:29:00Z,Manchester,MAN-002,Tram,Vehicle Fault,Low-Med,2,50,1739,TRUE
INC-202310-BRI-022-03,2023-10-16T05:53:00Z,Bristol,BRI-022,Underground,Power Issue,Med High,4,102,46854,TRUE
INC-202310-EDI-018-01,2023-10-16T07:40:00Z,Edinburgh,EDI-018,Rail,Track Fault,LOW-MED,2,43,4307,TRUE
INC-202310-EDI-018-02,2023-10-16T10:14:00Z,Edinburgh,EDI-018,Rail,Rolling Stock,High,5,256,20375,TRUE
INC-202310-MAN-001-02,2023-10-16T18:14:00Z,Manchester,MAN-001,Bus,Congestion,Medium,3,120,17830,FALSE
INC-202310-LON-020-02,2023-10-17T11:02:00Z,London,LON-020,Bus,Staff Shortage,Med-High,4,133,8652,TRUE
INC-202310-EDI-002-01,2023-10-19T17:01:00Z,Edinburgh,EDI-002,Bus,Congestion,Low-Med,2,54,1384,TRUE
INC-202310-EDI-018-03,2023-10-20T19:27:00Z,Edinburgh,EDI-018,rail,Track Fault,Medium,3,76,11222,FALSE
INC-202310-LON-014-02,2023-10-20T21:21:00Z,London,LON-014,Bus,Roadworks,Med-High,4,174,18278,TRUE
INC-202310-LON-016-03,2023-10-21T19:36:00Z,London,LON-016,Rail,Signal Failure,Med-High,4,143,27738,TRUE
INC-202310-BRI-016-01,2023-10-21T19:53:00Z,Bristol,BRI-016,Rail,Rolling Stock,Med-High,4,206,29246,TRUE
INC-202310-EDI-017-01,2023-10-22T08:04:00Z,Edinburgh,EDI-017,Underground,Signal Failure,Med-High,4,101,46306,TRUE
INC-202310-EDI-005-01,2023-10-22T17:59:00Z,Edinburgh,EDI-005,Underground,Power Issue,Medium,3,,15423,TRUE
INC-202310-LON-020-03,2023-10-23T03:54:00Z,London,LON-020,Bus,Roadworks,High,5,160,10026,TRUE
INC-202310-BRI-005-01,2023-10-23T06:08:00Z,Bristol,BRI-005,Bus,Roadworks,Low,1,5,281,TRUE
INC-202310-LON-016-04,2023-10-23T06:41:00Z,London,LON-016,Rail,Signal Failure,Med-High,4,124,29033,TRUE
INC-202310-MAN-016-01,2023-10-23T06:46:00Z,Manchester,MAN-016,Bus,Roadworks,Medium,3,77,6115,TRUE
INC-202310-MAN-019-01,2023-10-24T19:15:00Z,Manchester,MAN-019,Underground,Signal Failure,Low-Med,2,36,3040,TRUE
INC-202310-EDI-003-01,2023-10-25T10:38:00Z,Edinburgh,EDI-003,Bus,Congestion,Medium,3,51,4420,TRUE
INC-202310-MAN-020-03,2023-10-25T15:18:00Z,Manchester,MAN-020,Bus,Roadworks,Medium,3,54,5544,TRUE
INC-202310-LON-005-01,2023-10-25T15:59:00Z,London,LON-005,Rail,Rolling Stock,Low-Med,2,43,8851,TRUE
INC-202310-BRI-022-02,2023-10-25T17:48:00Z,Bristol,BRI-022,Underground,Power Issue,High,5,147,40794,TRUE
INC-202311-MAN-013-04,2023-10-25T21:17:00Z,Edinburgh,EDI-011,Bus,Congestion,Medium,3,120,13369,TRUE
INC-202310-LON-017-02,2023-10-26T10:40:00Z,London,LON-017,Bus,Roadworks,Medium,3,100,7742,TRUE
INC-202310-MAN-003-01,2023-10-26T12:26:00Z,Manchester,MAN-003,BikeShare,Dock Empty,Low,1,13,213,TRUE
INC-202310-LON-009-01,2023-10-26T17:32:00Z,London,LON-009,Rail,Weather,Medium,3,112,21964,TRUE
INC-202310-BRI-006-01,2023-10-27T11:56:00Z,Bristol,BRI-006,Bus,Vehicle Fault,Medium,3,107,7110,TRUE
INC-202310-LON-016-02,2023-10-27T19:46:00Z,London,LON-016,Rail,Signal Failure,High,5,160,41064,TRUE
INC-202310-LON-012-01,2023-10-28T02:43:00Z,LDN,LON-012,Bus,Roadworks,Low,1,12,1103,TRUE
INC-202310-BRI-022-04,2023-10-28T08:59:00Z,Bristol,BRI-022,Underground,Signal Failure,Medium,3,52,15713,TRUE
INC-202310-LON-001-02,2023-10-28T18:23:00Z,London,LON-001,Bus,Congestion,Low-Med,2,50,7541,FALSE
INC-202310-EDI-005-02,2023-10-29T02:33:00Z,Edinburgh,EDI-005,Underground,Station Closure,MEDIUM,3,108,16353,TRUE
INC-201902-MAN-014-01,2023-10-29T06:54:00Z,Bristol,BRI-018,Bus,Accident,LOW,1,16,1000,TRUE
INC-202310-MAN-009-01,2023-10-29T07:14:00Z,Manchester,MAN-009,Underground,Station Closure,Low-Med,2,50,13448,TRUE
INC-202310-MAN-006-02,2023-10-29T07:55:00Z,Manchester,MAN-006,Tram,,Low,1,13,636,TRUE
INC-202310-MAN-006-02,2023-10-29T07:55:00Z,Manchester,MAN-006,Tram,,Low,1,13,636,TRUE
INC-202310-BRI-017-01,2023-10-29T08:16:00Z,Bristol,BRI-017,bus,Roadworks,Low,1,16,1204,FALSE
INC-202310-BRI-006-03,2023-10-29T12:46:00Z,Bristol,BRI-006,Bus,Staff Shortage,Low-Med,2,36,2142,TRUE
INC-202310-MAN-014-01,2023-10-30T03:42:00Z,Manchester,MAN-014,BikeShare,Dock Empty,Low,1,12,371,TRUE
INC-202310-EDI-003-03,2023-10-30T03:47:00Z,Edinburgh,EDI-003,Bus,Vehicle Fault,Medium,3,,3097,FALSE
INC-202310-MAN-021-01,2023-10-30T06:49:00Z,Manchester,MAN-021,Rail,Track Fault,Low,1,19,2245,TRUE
INC-202310-EDI-015-02,2023-10-30T15:11:00Z,Edinburgh,EDI-015,Bus,Congestion,Low,1,14,923,TRUE
INC-202310-MAN-013-01,2023-10-30T17:24:00Z,Manchester,MAN-013,underground,Power Issue,Med-High,4,141,30128,TRUE
INC-202310-MAN-008-02,2023-10-31T04:31:00Z,Manchester,MAN-008,Bus,Accident,Medium,3,83,9484,TRUE
INC-202310-LON-004-01,2023-10-31T11:37:00Z,London,LON-004,Tram,Obstruction,Medium,3,82,2960,TRUE
INC-202310-EDI-003-02,2023-10-31T11:47:00Z,Edinburgh,EDI-003,Bus,Congestion,Med-High,4,200,15268,TRUE
INC-202310-BRI-022-01,2023-10-31T20:22:00Z,Bristol,BRI-022,Underground,Power Issue,High,5,217,50941,TRUE
INC-202310-MAN-001-01,2023-10-31T23:17:00Z,Manchester,MAN-001,Bus,Vehicle Fault,Medium,3,89,4848,TRUE
INC-202311-MAN-012-01,2023-11-01T02:14:00Z,Manchester,MAN-012,rail,Signal Failure,Medium,3,122,19084,TRUE
INC-202311-LON-008-01,2023-11-01T06:03:00Z,London,LON-008,Bus,,Medium,3,99,6259,TRUE
INC-202311-LON-019-01,2023-11-01T18:21:00Z,London,LON-019,Bus,Congestion,Low-Med,2,47,4127,TRUE
INC-202311-MAN-013-01,2023-11-02T07:30:00Z,Manchester,MAN-013,Underground,Passenger Incident,Med-High,4,215,44593,TRUE
INC-202311-EDI-004-01,2023-11-02T08:01:00Z,Edinburgh,EDI-004,Bus,Congestion,Low-Med,2,43,1968,TRUE
INC-202311-MAN-013-05,2023-11-02T09:46:00Z,Manchester,MAN-013,Underground,Power Issue,Med-High,4,139,50629,TRUE
INC-202311-BRI-001-01,2023-11-02T18:19:00Z,Bristol,BRI-001,Bus,Congestion,Low,1,23,749,TRUE
INC-202311-LON-012-04,2023-11-03T17:09:00Z,london,LON-012,Bus,Roadworks,High,5,302,27646,TRUE
INC-202311-LON-014-01,2023-11-03T17:27:00Z,London,LON-014,Bus,Roadworks,Medium,3,51,8003,TRUE
INC-202311-MAN-022-02,2023-11-03T19:58:00Z,Manchester,MAN-022,Rail,Rolling Stock,Low-Med,2,51,5790,TRUE
INC-202311-MAN-013-03,2023-11-04T07:47:00Z,Manchester,MAN-013,Underground,Signal Failure,Medium,3,115,23051,TRUE
INC-202311-MAN-010-01,2023-11-04T10:06:00Z,Manchester,MAN-010,Rail,Track Fault,Medium,3,82,6547,TRUE
INC-202311-LON-005-01,2023-11-04T17:45:00Z,London,LON-005,Rail,Signal Failure,High,5,256,47114,TRUE
INC-202311-EDI-013-02,2023-11-04T22:12:00Z,Edinburgh,EDI-013,Rail,Signal Failure,Medium,3,80,7280,TRUE
INC-202311-EDI-013-02,2023-11-04T22:14:00Z,Edinburgh,EDI-013,Rail,Signal Failure,Medium,3,80,7280,TRUE
INC-202311-EDI-009-01,2023-11-04T22:55:00Z,Edinburgh,EDI-009,Bus,Roadworks,Med-High,4,177,6211,TRUE
INC-202311-EDI-004-02,2023-11-05T00:26:00Z,Edinburgh,EDI-004,Bus,Congestion,Med-High,4,196,5944,TRUE
INC-202311-BRI-007-02,2023-11-05T09:53:00Z,Bristol,BRI-007,Tram,Power Issue,Medium,3,58,929,TRUE
INC-202311-BRI-005-01,2023-11-06T00:39:00Z,Bristol,BRI-005,Bus,Roadworks,Low-Med,2,60,5025,TRUE
INC-202311-BRI-007-01,2023-11-06T19:42:00Z,Bristol,BRI-007,Tram,Roadworks,Low,1,20,330,TRUE
INC-202311-MAN-019-02,2023-11-07T18:15:00Z,Manchester,MAN-019,Underground,Power Issue,Med-High,4,132,23054,TRUE
INC-202311-LON-002-01,2023-11-08T01:11:00Z,London,LON-002,Bus,,Low-Med,2,47,5807,TRUE
INC-202311-EDI-008-01,2023-11-08T06:06:00Z,Edinburgh,EDI-008,Bus,Staff Shortage,Low,1,5,333,TRUE
INC-202311-LON-010-02,2023-11-08T11:16:00Z,London,LON-010,BikeShare,Bike Fault,Low,1,14,,TRUE
INC-202311-EDI-014-03,2023-11-08T17:59:00Z,Edinburgh,EDI-014,Underground,Power Issue,Med-High,4,188,48781,TRUE
INC-202311-MAN-010-02,2023-11-08T18:42:00Z,Manchester,MAN-010,Rail,,Med-High,4,200,14645,TRUE
INC-202311-EDI-017-01,2023-11-08T22:45:00Z,Edinburgh,EDI-017,Underground,Signal Failure,Medium,3,106,17418,TRUE
INC-202311-LON-022-01,2023-11-09T01:40:00Z,London,LON-022,Underground,Signal Failure,Medium,3,64,14734,TRUE
INC-202311-LON-014-03,2023-11-09T03:25:00Z,London,LON-014,bus,Staff Shortage,Medium,3,96,7402,TRUE
INC-202311-BRI-018-02,2023-11-09T07:24:00Z,Bristol,BRI-018,Bus,Congestion,Low,1,17,1395,TRUE
INC-202311-MAN-008-01,2023-11-09T12:25:00Z,Manchester,MAN-008,Bus,Vehicle Fault,Low,1,17,1260,TRUE
INC-202311-LON-014-02,2023-11-09T16:44:00Z,London,LON-014,Bus,Accident,Low,1,10,1292,FALSE
INC-202311-EDI-003-01,2023-11-09T20:23:00Z,Edinburgh,EDI-003,Bus,Vehicle Fault,Low-Med,2,51,,TRUE
INC-202311-LON-003-02,2023-11-10T01:31:00Z,London,LON-003,Bus,Roadworks,Low-Med,2,31,1477,TRUE
INC-202311-MAN-015-01,2023-11-10T07:17:00Z,Manchester,MAN-015,Bus,Roadworks,Low-Med,2,27,3422,TRUE
INC-202311-MAN-010-04,2023-11-10T08:15:00Z,Manchester,MAN-010,Rail,Weather,Medium,3,109,13112,TRUE
INC-202311-LON-016-01,2023-11-10T08:36:00Z,London,LON-016,Rail,Rolling Stock,Medium,3,66,20229,TRUE
INC-202311-MAN-018-01,2023-11-10T11:06:00Z,Manchester,MAN-018,BikeShare,Dock Full,Low,1,5,70,TRUE
INC-202311-LON-012-03,2023-11-10T17:25:00Z,London,LON-012,Bus,Congestion,Low-Med,2,33,2865,TRUE
INC-202311-BRI-004-02,2023-11-10T17:46:00Z,Bristol,BRI-004,Underground,Signal Failure,Med-High,4,202,45472,FALSE
INC-202311-BRI-001-02,2023-11-10T21:13:00Z,Bristol,BRI-001,Bus,Vehicle Fault,Low,1,17,592,TRUE
INC-202311-BRI-014-01,2023-11-11T08:41:00Z,Bristol,BRI-014,Bus,Vehicle Fault,Medium,3,61,4577,TRUE
INC-202311-LON-017-03,2023-11-11T17:49:00Z,London,LON-017,bus,Congestion,Medium,3,100,8870,TRUE
INC-202311-BRI-017-01,2023-11-11T18:29:00Z,Bristol,BRI-017,Bus,Vehicle Fault,Low,1,16,1282,TRUE
INC-202311-EDI-015-01,2023-11-12T02:52:00Z,Edinburgh,EDI-015,Bus,Congestion,Low-Med,2,36,2198,TRUE
INC-202311-BRI-005-02,2023-11-12T06:25:00Z,Bristol,BRI-005,Bus,Congestion,Low,1,14,,FALSE
INC-202311-MAN-022-05,2023-11-12T06:29:00Z,Manchester,MAN-022,Rail,Signal Failure,Low-Med,2,61,10958,TRUE
INC-202311-EDI-009-02,2023-11-12T15:34:00Z,Edinburgh,EDI-009,Bus,Congestion,Low-Med,2,41,2648,FALSE
INC-202311-BRI-006-02,2023-11-12T16:21:00Z,Bristol,BRI-006,Bus,Congestion,Low-Med,2,38,1683,TRUE
INC-202311-MAN-022-07,2023-11-12T19:23:00Z,Manchester,MAN-022,Rail,Rolling Stock,Med-High,4,170,24140,TRUE
INC-202311-MAN-022-06,2023-11-12T21:50:00Z,Manchester,MAN-022,Rail,Signal Failure,Low-Med,2,42,9723,TRUE
INC-202311-EDI-006-01,2023-11-13T09:51:00Z,Edinburgh,EDI-006,Underground,Power Issue,Med-High,4,113,18034,TRUE
INC-202311-EDI-001-01,2023-11-13T12:44:00Z,Edinburgh,EDI-001,Underground,Signal Failure,Medium,3,124,11457,TRUE
INC-202311-BRI-017-02,2023-11-13T18:35:00Z,Bristol,BRI-017,bus,Congestion,Low,1,33,2118,TRUE
INC-202311-BRI-005-03,2023-11-14T15:49:00Z,Bristol,BRI-005,Bus,Roadworks,Low,1,8,309,TRUE
INC-202311-LON-003-01,2023-11-14T20:10:00Z,London,LON-003,Bus,Vehicle Fault,Medium,3,104,7602,TRUE
INC-202311-EDI-002-01,2023-11-15T02:24:00Z,Edinburgh,EDI-002,Bus,Congestion,Low,1,12,509,FALSE
INC-202311-MAN-017-01,2023-11-15T04:42:00Z,Manchester,MAN-017,Underground,Signal Failure,Med-High,4,132,25330,TRUE
INC-202311-BRI-004-01,2023-11-15T21:23:00Z,Bristol,BRI-004,Underground,Power Issue,Medium,3,90,12521,TRUE
INC-202311-BRI-002-01,2023-11-16T03:54:00Z,Bristol,BRI-002,Bus,Roadworks,Low,1,8,438,TRUE
INC-202311-MAN-020-01,2023-11-16T07:03:00Z,Manchester,MAN-020,Bus,Vehicle Fault,Low-Med,2,24,1392,TRUE
INC-202311-MAN-013-04,2023-11-16T07:28:00Z,Manchester,MAN-013,Underground,Signal Failure,High,5,202,57206,TRUE
INC-202311-BRI-016-01,2023-11-16T11:37:00Z,Bristol,BRI-016,Rail,Rolling Stock,Low Med,2,40,1954,TRUE
INC-202311-EDI-008-03,2023-11-16T22:35:00Z,Edinburgh,EDI-008,Bus,Congestion,Low,1,15,1005,TRUE
INC-202311-LON-003-03,2023-11-17T11:39:00Z,London,LON-003,Bus,Staff Shortage,MEDIUM,3,59,1845,TRUE
INC-202311-LON-012-01,2023-11-17T17:47:00Z,London,LON-012,Bus,Congestion,Medium,3,107,7989,TRUE
INC-202311-EDI-011-01,2023-11-17T18:31:00Z,Edinburgh,EDI-011,Bus,Congestion,Low-Med,2,640,1406,FALSE
INC-202311-LON-017-01,2023-11-18T17:03:00Z,London,LON-017,Bus,Vehicle Fault,Low,1,8,444,TRUE
INC-202311-EDI-013-03,2023-11-19T07:02:00Z,Edinburgh,EDI-013,Rail,Rolling Stock,Low,1,22,2173,TRUE
INC-202311-EDI-008-02,2023-11-19T09:22:00Z,EDI,EDI-008,Bus,Staff Shortage,Low,1,17,630,TRUE
INC-202311-EDI-013-01,2023-11-19T17:10:00Z,Edinburgh,EDI-013,Rail,Signal Failure,Medium,3,80,8471,TRUE
INC-202311-BRI-004-03,2023-11-19T17:11:00Z,Bristol,BRI-004,Underground,Signal Failure,Med-High,4,160,52970,TRUE
INC-202311-BRI-009-01,2023-11-20T00:52:00Z,Bristol,BRI-009,Tram,Obstruction,Medium,3,,929,TRUE
INC-202311-BRI-006-01,2023-11-20T07:35:00Z,Bristol,BRI-006,Bus,Staff Shortage,Low,1,11,527,TRUE
INC-202311-EDI-020-01,2023-11-20T17:55:00Z,Edinburgh,EDI-020,Rail,Signal Failure,Medium,3,123,7069,TRUE
INC-202311-LON-017-02,2023-11-21T02:17:00Z,London,LON-017,Bus,Vehicle Fault,Low-Med,2,39,2209,TRUE
INC-202311-BRI-005-04,2023-11-21T03:57:00Z,Bristol,BRI-005,Bus,Roadworks,Medium,3,101,7312,TRUE
INC-202311-BRI-018-01,2023-11-21T08:00:00Z,bristol,BRI-018,Bus,Congestion,Low,1,22,1894,TRUE
INC-202311-BRI-001-03,2023-11-21T08:22:00Z,Bristol,BRI-001,Bus,Vehicle Fault,Low-Med,2,48,2015,TRUE
INC-202311-LON-007-01,2023-11-21T17:29:00Z,London,LON-007,Tram,Obstruction,Medium,3,106,2598,TRUE
INC-202311-LON-011-01,2023-11-21T18:07:00Z,London,LON-011,Tram,Power Issue,Med-High,4,202,15421,TRUE
INC-202311-EDI-021-01,2023-11-21T22:57:00Z,Edinburgh,EDI-021,Tram,Power Issue,Low,1,21,1319,TRUE
INC-202311-MAN-022-03,2023-11-22T01:59:00Z,Manchester,MAN-022,Rail,Track Fault,LOW-MED,2,50,5967,TRUE
INC-202311-MAN-010-03,2023-11-22T08:29:00Z,Manchester,MAN-010,rail,Signal Failure,Medium,3,123,,TRUE
INC-202311-BRI-003-01,2023-11-22T09:08:00Z,Bristol,BRI-003,Rail,Track Fault,Low-Med,2,54,3597,TRUE
INC-202311-LON-004-01,2023-11-22T19:08:00Z,London,LON-004,tram,Roadworks,Medium,3,77,5136,FALSE
INC-202311-MAN-002-01,2023-11-23T18:41:00Z,Manchester,MAN-002,Tram,Roadworks,Low,1,18,416,TRUE
INC-202311-EDI-014-01,2023-11-24T01:56:00Z,Edinburgh,EDI-014,Underground,Signal Failure,Medium,3,63,11906,TRUE
INC-202311-EDI-014-02,2023-11-24T06:00:00Z,Edinburgh,EDI-014,Underground,Signal Failure,Med-High,4,210,49607,TRUE
INC-202311-MAN-013-02,2023-11-24T08:11:00Z,Manchester,MAN-013,underground,Signal Failure,Medium,3,64,19200,TRUE
INC-202311-EDI-002-02,2023-11-24T12:36:00Z,Edinburgh,EDI-002,Bus,Staff Shortage,Medium,3,83,3639,TRUE
INC-202311-BRI-008-01,2023-11-24T14:16:00Z,Bristol,BRI-008,Rail,Rolling Stock,Med-High,4,170,11598,TRUE
INC-202311-BRI-020-01,2023-11-25T04:58:00Z,Bristol,BRI-020,Rail,Track Fault,Medium,3,117,14093,TRUE
INC-202311-LON-002-02,2023-11-25T07:34:00Z,London,LON-002,bus,,Medium,3,90,7558,TRUE
INC-202311-MAN-019-03,2023-11-26T00:34:00Z,Manchester,MAN-019,Underground,Power Issue,High,5,158,69144,TRUE
INC-202311-MAN-019-01,2023-11-26T01:34:00Z,Manchester,MAN-019,Underground,Passenger Incident,Medium,3,66,26311,TRUE
INC-202311-LON-010-01,2023-11-26T05:01:00Z,London,LON-010,BikeShare,,Low,1,17,92,TRUE
INC-202311-EDI-008-04,2023-11-26T17:28:00Z,Edinburgh,EDI-008,Bus,Vehicle Fault,Low,1,21,685,TRUE
INC-202311-BRI-003-02,2023-11-26T19:27:00Z,Bristol,BRI-003,Rail,Rolling Stock,Med-High,4,139,10927,TRUE
INC-202311-MAN-001-01,2023-11-28T17:39:00Z,Manchester,MAN-001,Bus,Congestion,Medium,3,88,8378,TRUE
INC-202311-MAN-022-04,2023-11-29T02:32:00Z,Manchester,MAN-022,Rail,Track Fault,Med-High,4,113,16806,TRUE
INC-202311-BRI-015-01,2023-11-29T13:31:00Z,Bristol,BRI-015,BikeShare,Dock Empty,Low,1,7,34,TRUE
INC-202311-LON-013-01,2023-11-29T17:04:00Z,London,LON-013,Underground,Power Issue,Low-Med,2,47,23777,TRUE
INC-202311-EDI-005-01,2023-11-29T23:23:00Z,Edinburgh,EDI-005,Underground,Passenger Incident,Med-High,4,154,65823,TRUE
INC-202311-LON-020-01,2023-11-30T04:06:00Z,London,LON-020,bus,Roadworks,Low-Med,2,32,4944,TRUE
INC-202311-EDI-006-02,2023-11-30T08:03:00Z,Edinburgh,EDI-006,Underground,Power Issue,Medium,3,89,16814,TRUE
INC-202311-LON-021-01,2023-11-30T16:13:00Z,London,LON-021,Bus,Staff Shortage,MEDIUM,3,121,7542,TRUE
INC-202311-LON-012-02,2023-11-30T16:30:00Z,London,LON-012,Bus,Congestion,Low-Med,2,44,3638,TRUE
INC-202311-MAN-022-01,2023-11-30T22:12:00Z,Manchester,MAN-022,Rail,Signal Failure,Med-High,4,165,182288,TRUE
INC-202312-EDI-012-01,2023-12-01T09:30:00Z,Edinburgh,EDI-012,Underground,Station Closure,Medium,3,116,27221,TRUE
INC-202312-BRI-016-02,2023-12-01T10:33:00Z,Bristol,BRI-016,Rail,Signal Failure,Medium,3,104,11009,TRUE
INC-202312-BRI-019-01,2023-12-01T11:35:00Z,Bristol,BRI-019,rail,Rolling Stock,Low-Med,2,60,5516,TRUE
INC-202312-BRI-018-01,2023-12-01T22:47:00Z,Bristol,BRI-018,Bus,Vehicle Fault,Low,1,14,1191,TRUE
INC-202312-LON-008-01,2023-12-02T02:43:00Z,London,LON-008,Bus,Vehicle Fault,Medium,3,64,8742,TRUE
INC-202312-LON-021-01,2023-12-02T11:00:00Z,London,LON-021,Bus,Congestion,MED-HIGH,4,192,12003,TRUE
INC-202312-BRI-009-01,2023-12-02T13:21:00Z,Bristol,BRI-009,Tram,Vehicle Fault,Low,1,11,310,TRUE
INC-202312-BRI-014-07,2023-12-02T20:37:00Z,Bristol,BRI-014,Bus,Congestion,Low,1,27,2022,TRUE
INC-202312-LON-007-02,2023-12-03T07:25:00Z,London,LON-007,Tram,Roadworks,Med-High,4,111,8811,TRUE
INC-202312-LON-012-02,2023-12-03T08:50:00Z,London,LON-012,Bus,Congestion,Low-Med,2,23,1132,FALSE
INC-202312-LON-012-01,2023-12-03T16:44:00Z,london,LON-012,Bus,Accident,Medium,3,72,4041,TRUE
INC-202312-MAN-022-02,2023-12-03T18:13:00Z,MAN,MAN-022,Rail,Signal Failure,Medium,3,92,15398,TRUE
INC-202312-BRI-014-03,2023-12-03T18:54:00Z,Bristol,BRI-014,Bus,Congestion,Low,1,18,578,TRUE
INC-202312-BRI-006-01,2023-12-04T07:21:00Z,Bristol,BRI-006,Bus,Staff Shortage,Low,1,8,384,TRUE
INC-202312-LON-019-02,2023-12-04T07:35:00Z,London,LON-019,Bus,Vehicle Fault,Medium,3,85,5028,TRUE
INC-202312-LON-007-04,2023-12-04T17:02:00Z,London,LON-007,Tram,Obstruction,Low-Med,2,47,3385,TRUE
INC-202312-BRI-014-08,2023-12-04T17:37:00Z,Bristol,BRI-014,Bus,Congestion,Low-Med,2,30,1682,TRUE
INC-202312-EDI-008-01,2023-12-04T19:54:00Z,Edinburgh,EDI-008,Bus,Accident,Medium,3,50,3013,TRUE
INC-202312-LON-015-01,2023-12-04T22:21:00Z,London,LON-015,Rail,Signal Failure,Low-Med,2,34,6501,TRUE
INC-202312-LON-022-02,2023-12-05T00:09:00Z,London,LON-022,Underground,Signal Failure,Med-High,4,175,91470,TRUE
INC-202312-MAN-006-01,2023-12-05T05:10:00Z,Manchester,MAN-006,Tram,,Low-Med,2,54,1349,TRUE
INC-202312-EDI-002-01,2023-12-05T08:24:00Z,Edinburgh,EDI-002,Bus,Congestion,Low,1,16,667,TRUE
INC-202312-BRI-019-02,2023-12-05T13:25:00Z,bristol,BRI-019,Rail,Signal Failure,Medium,3,58,5112,FALSE
INC-202312-LON-018-02,2023-12-05T19:57:00Z,London,LON-018,Bus,Congestion,MEDIUM,3,,,FALSE
INC-202312-MAN-010-02,2023-12-06T13:29:00Z,Manchester,MAN-010,Rail,Signal Failure,HIGH,5,224,16398,TRUE
INC-202312-EDI-001-02,2023-12-06T17:50:00Z,Edinburgh,EDI-001,Underground,Signal Failure,Med-High,4,199,44958,TRUE
INC-202312-BRI-014-04,2023-12-06T18:11:00Z,Bristol,BRI-014,Bus,Staff Shortage,Low,1,15,583,TRUE
INC-202312-BRI-008-02,2023-12-06T20:46:00Z,Bristol,BRI-008,Rail,Rolling Stock,Low-Med,2,40,9102,TRUE
INC-202312-BRI-005-02,2023-12-07T11:55:00Z,Bristol,BRI-005,Bus,Vehicle Fault,Medium,3,55,2041,TRUE
INC-202312-EDI-006-01,2023-12-07T14:21:00Z,Edinburgh,EDI-006,Underground,Station Closure,Med-High,4,97,43519,TRUE
INC-202312-MAN-022-03,2023-12-07T16:54:00Z,Manchester,MAN-022,Rail,Rolling Stock,Medium,3,37,8323,TRUE
INC-202312-MAN-008-01,2023-12-07T17:01:00Z,MAN,MAN-008,Bus,Congestion,Medium,3,46,4231,TRUE
INC-202312-EDI-005-01,2023-12-08T06:43:00Z,Edinburgh,EDI-005,Underground,Passenger Incident,Medium,3,69,7533,TRUE
INC-202312-EDI-006-03,2023-12-08T13:00:00Z,Edinburgh,EDI-006,Underground,Station Closure,High,5,208,63143,TRUE
INC-202312-LON-012-03,2023-12-08T21:44:00Z,London,LON-012,Bus,Accident,Medium,3,111,4082,TRUE
INC-202312-EDI-010-01,2023-12-09T17:19:00Z,Edinburgh,EDI-010,Bus,Congestion,Low-Med,2,52,2524,TRUE
INC-202312-MAN-017-03,2023-12-09T19:13:00Z,Manchester,MAN-017,Underground,Station Closure,Medium,3,88,52213,TRUE
INC-202312-BRI-016-01,2023-12-10T03:22:00Z,Bristol,BRI-016,Rail,Rolling Stock,Medium,3,890,9267,TRUE
INC-202312-LON-014-02,2023-12-10T06:20:00Z,London,LON-014,Bus,Accident,Medium,3,91,11483,FALSE
INC-202312-EDI-020-02,2023-12-10T06:53:00Z,Edinburgh,EDI-020,Rail,Track Fault,Medium,3,75,12057,TRUE
INC-202312-LON-001-01,2023-12-11T16:45:00Z,london,LON-001,Bus,Vehicle Fault,Low,1,8,306,TRUE
INC-202312-LON-014-01,2023-12-11T18:53:00Z,London,LON-014,Bus,Roadworks,Low-Med,2,60,4596,TRUE
INC-202312-LON-004-01,2023-12-12T00:52:00Z,London,LON-004,Tram,Power Issue,Low,1,25,1125,TRUE
INC-202312-LON-007-01,2023-12-12T02:50:00Z,London,LON-007,Tram,Vehicle Fault,Med-High,4,161,10669,TRUE
INC-202312-EDI-009-01,2023-12-12T03:25:00Z,Edinburgh,EDI-009,Bus,Vehicle Fault,Low,1,19,2268,TRUE
INC-202312-BRI-013-01,2023-12-12T08:02:00Z,Bristol,BRI-013,Bus,Roadworks,Low,1,16,465,FALSE
INC-202312-LON-002-02,2023-12-12T16:43:00Z,London,LON-002,Bus,Accident,Low-Med,2,28,2420,TRUE
INC-202312-LON-016-02,2023-12-13T07:51:00Z,London,LON-016,Rail,Track Fault,Med-High,4,112,15885,FALSE
INC-202312-BRI-002-04,2023-12-13T19:29:00Z,Bristol,BRI-002,bus,Roadworks,Med-High,4,108,7680,TRUE
INC-202312-EDI-006-02,2023-12-13T23:04:00Z,Edinburgh,EDI-006,Underground,Station Closure,Medium,3,67,38232,TRUE
INC-202312-BRI-008-01,2023-12-14T08:56:00Z,Bristol,BRI-008,Rail,Track Fault,Medium,3,115,11799,TRUE
INC-202312-BRI-005-01,2023-12-14T19:22:00Z,Bristol,BRI-005,Bus,Staff Shortage,Medium,3,74,2737,TRUE
INC-202312-EDI-017-01,2023-12-15T13:10:00Z,Edinburgh,EDI-017,Underground,Signal Failure,Low,1,5,1778,TRUE
INC-202312-BRI-002-03,2023-12-15T16:07:00Z,Bristol,BRI-002,Bus,,Low,1,15,703,TRUE
INC-202312-LON-022-01,2023-12-15T16:19:00Z,London,LON-022,Underground,Power Issue,Med-High,4,130,70870,TRUE
INC-202004-EDI-020-01,2023-12-16T09:21:00Z,Bristol,BRI-003,Rail,Rolling Stock,Medium,3,86,9936,TRUE
INC-202312-EDI-021-01,2023-12-16T21:38:00Z,Edinburgh,EDI-021,Tram,Obstruction,Low-Med,2,26,614,TRUE
INC-202312-MAN-022-01,2023-12-17T00:47:00Z,Manchester,MAN-022,Rail,Signal Failure,Med-High,4,170,20594,TRUE
INC-202312-EDI-022-01,2023-12-17T09:09:00Z,Edinburgh,EDI-022,BikeShare,Bike Fault,Low,1,15,178,TRUE
INC-202312-LON-008-03,2023-12-17T18:58:00Z,London,LON-008,bus,Roadworks,Med High,4,97,18131,TRUE
INC-202312-BRI-018-02,2023-12-18T17:50:00Z,Bristol,BRI-018,Bus,Vehicle Fault,Medium,3,91,3140,FALSE
INC-202312-MAN-020-02,2023-12-18T18:25:00Z,Manchester,MAN-020,Bus,Vehicle Fault,Low-Med,2,44,4063,TRUE
INC-202312-EDI-002-02,2023-12-18T21:40:00Z,Edinburgh,EDI-002,Bus,Congestion,Low,1,26,550,TRUE
INC-202312-BRI-014-06,2023-12-19T02:28:00Z,Bristol,BRI-014,Bus,Congestion,Low,1,19,8584,TRUE
INC-202312-MAN-017-02,2023-12-19T17:17:00Z,Manchester,MAN-017,Underground,Signal Failure,Medium,3,124,53799,TRUE
INC-202312-EDI-011-02,2023-12-20T05:35:00Z,Edinburgh,EDI-011,Bus,Congestion,Low-Med,2,29,1678,TRUE
INC-202312-LON-019-01,2023-12-20T07:03:00Z,London,LON-019,Bus,Roadworks,Medium,3,94,6169,TRUE
INC-202312-BRI-011-01,2023-12-20T17:09:00Z,Bristol,BRI-011,Bus,Congestion,Low,1,17,1157,TRUE
INC-202312-LON-008-02,2023-12-21T04:16:00Z,London,LON-008,bus,Congestion,MEDIUM,3,106,15553,TRUE
INC-202312-LON-002-01,2023-12-21T06:16:00Z,London,LON-002,Bus,Roadworks,Low-Med,2,45,2749,TRUE
INC-202312-EDI-020-01,2023-12-21T08:23:00Z,Edinburgh,EDI-020,Rail,Signal Failure,Medium,3,92,12602,TRUE
INC-202312-LON-015-02,2023-12-21T08:45:00Z,London,LON-015,Rail,Track Fault,High,5,253,42501,TRUE
INC-202312-LON-018-01,2023-12-21T19:39:00Z,London,LON-018,Bus,Roadworks,Low,1,24,1952,TRUE
INC-202312-LON-018-01,2023-12-21T19:41:00Z,London,LON-018,Bus,Roadworks,Low,1,24,1952,TRUE
INC-202312-BRI-018-04,2023-12-22T04:01:00Z,Bristol,BRI-018,Bus,Congestion,Low,1,14,508,TRUE
INC-202312-MAN-013-01,2023-12-22T07:23:00Z,Manchester,MAN-013,Underground,Signal Failure,Med-High,4,170,44124,TRUE
INC-202312-BRI-002-01,2023-12-22T08:38:00Z,Bristol,BRI-002,bus,Congestion,Med-High,4,135,12064,TRUE
INC-202312-BRI-001-01,2023-12-22T19:49:00Z,Bristol,BRI-001,Bus,Accident,Low,1,27,1584,TRUE
INC-202312-LON-017-01,2023-12-23T04:22:00Z,LDN,LON-017,Bus,Roadworks,Low-Med,2,27,18720,TRUE
INC-202312-BRI-016-03,2023-12-23T09:35:00Z,Bristol,BRI-016,Rail,Track Fault,Medium,3,99,9030,TRUE
INC-202312-EDI-015-02,2023-12-23T17:37:00Z,Edinburgh,EDI-015,Bus,Staff Shortage,Low-Med,2,61,3832,TRUE
INC-202312-EDI-011-01,2023-12-24T06:01:00Z,Edinburgh,EDI-011,Bus,Congestion,Low,1,14,871,TRUE
INC-202312-MAN-016-01,2023-12-24T17:50:00Z,Manchester,MAN-016,Bus,Congestion,Low-Med,2,29,,TRUE
INC-202312-MAN-010-01,2023-12-25T02:26:00Z,Manchester,MAN-010,Rail,Signal Failure,High,5,306,33120,FALSE
INC-202312-BRI-006-02,2023-12-25T11:02:00Z,Bristol,BRI-006,Bus,Accident,Low,1,12,658,TRUE
INC-202312-LON-005-01,2023-12-25T11:29:00Z,London,LON-005,Rail,Signal Failure,Med-High,4,143,27068,TRUE
INC-202312-LON-020-01,2023-12-25T11:55:00Z,LDN,LON-020,Bus,Congestion,Medium,3,95,5632,TRUE
INC-202312-EDI-017-02,2023-12-25T16:00:00Z,Edinburgh,EDI-017,Underground,Signal Failure,High,5,207,62120,TRUE
INC-202312-LON-007-03,2023-12-25T18:34:00Z,London,LON-007,Tram,Vehicle Fault,Medium,3,110,8364,TRUE
INC-202312-BRI-003-01,2023-12-26T08:25:00Z,Bristol,BRI-003,Rail,Signal Failure,Low-Med,2,34,1646,TRUE
INC-202312-BRI-019-04,2023-12-26T19:41:00Z,Bristol,BRI-019,Rail,Weather,HIGH,5,309,54924,TRUE
INC-202312-MAN-005-01,2023-12-27T18:10:00Z,Manchester,MAN-005,Tram,Roadworks,Low-Med,2,45,1670,TRUE
INC-202312-LON-009-01,2023-12-28T04:40:00Z,LDN,LON-009,Rail,Signal Failure,Medium,3,118,17947,TRUE
INC-202312-MAN-020-01,2023-12-28T06:33:00Z,Manchester,MAN-020,Bus,Staff Shortage,Medium,3,128,10287,TRUE
INC-202312-BRI-002-02,2023-12-28T08:39:00Z,Bristol,BRI-002,Bus,Vehicle Fault,Low-Med,2,47,3482,TRUE
INC-202312-LON-013-01,2023-12-28T12:42:00Z,London,LON-013,Underground,Signal Failure,High,5,151,43015,FALSE
INC-202312-BRI-014-05,2023-12-29T02:15:00Z,Bristol,BRI-014,Bus,Roadworks,Low,1,8,436,TRUE
INC-202312-BRI-014-01,2023-12-29T18:08:00Z,Bristol,BRI-014,Bus,Vehicle Fault,Medium,3,78,5915,TRUE
INC-202312-BRI-014-02,2023-12-30T09:14:00Z,Bristol,BRI-014,Bus,Roadworks,Low,1,11,297,TRUE
INC-202312-MAN-017-01,2023-12-30T12:41:00Z,Manchester,MAN-017,Underground,Power Issue,Medium,3,63,,TRUE
INC-202312-BRI-020-01,2023-12-30T19:08:00Z,Bristol,BRI-020,Rail,Rolling Stock,Med-High,4,160,13484,TRUE
INC-202312-BRI-018-03,2023-12-31T12:20:00Z,Bristol,BRI-018,Bus,Congestion,Low-Med,2,48,3459,TRUE
INC-202312-LON-016-01,2023-12-31T15:17:00Z,London,LON-016,Rail,Track Fault,Medium,3,79,7862,TRUE
INC-202312-MAN-014-01,2023-12-31T16:10:00Z,Manchester,MAN-014,BikeShare,Dock Full,Low,1,5,63,TRUE
INC-202312-EDI-001-01,2023-12-31T17:48:00Z,Edinburgh,EDI-001,Underground,Station Closure,Medium,3,129,20109,TRUE
INC-202312-EDI-015-01,2023-12-31T19:53:00Z,Edinburgh,EDI-015,Bus,Congestion,Low-Med,2,42,1455,TRUE
INC-202312-BRI-019-03,2023-12-31T20:08:00Z,Bristol,BRI-019,Rail,Track Fault,Medium,3,88,16329,TRUE
INC-202401-BRI-014-01,2024-01-01T02:34:00Z,Bristol,BRI-014,Bus,Roadworks,Low,1,19,1612,TRUE
INC-202401-MAN-017-01,2024-01-01T04:15:00Z,Manchester,MAN-017,Underground,Power Issue,High,5,273,88117,FALSE
INC-202401-LON-012-01,2024-01-02T01:40:00Z,London,LON-012,Bus,Vehicle Fault,LOW-MED,2,36,2649,TRUE
INC-202401-LON-014-01,2024-01-02T17:08:00Z,London,LON-014,bus,Roadworks,Med-High,4,199,11848,TRUE
INC-202401-LON-001-04,2024-01-03T02:03:00Z,London,LON-001,Bus,Congestion,Low-Med,2,59,2748,TRUE
INC-202401-BRI-003-01,2024-01-03T04:40:00Z,Bristol,BRI-003,Rail,Signal Failure,Med-High,4,100,7688,TRUE
INC-202401-LON-016-01,2024-01-03T06:06:00Z,London,LON-016,Rail,Rolling Stock,Med-High,4,205,24840,TRUE
INC-202401-LON-008-04,2024-01-03T13:05:00Z,London,LON-008,Bus,Congestion,Med-High,4,141,14570,TRUE
INC-202401-LON-016-02,2024-01-03T21:11:00Z,London,LON-016,Rail,Signal Failure,Medium,3,77,15630,TRUE
INC-202401-MAN-004-02,2024-01-04T07:52:00Z,Manchester,MAN-004,Bus,Congestion,Low-Med,2,34,2238,TRUE
INC-202401-MAN-017-02,2024-01-04T08:41:00Z,Manchester,MAN-017,Underground,Station Closure,Med-High,4,188,54966,TRUE
INC-202401-MAN-017-03,2024-01-04T11:19:00Z,Manchester,MAN-017,Underground,Power Issue,MEDIUM,3,55,26170,TRUE
INC-202401-EDI-009-02,2024-01-04T15:43:00Z,EDI,EDI-009,Bus,Congestion,Low-Med,2,61,3597,TRUE
INC-202401-BRI-008-01,2024-01-04T22:36:00Z,Bristol,BRI-008,Rail,Signal Failure,Low,1,27,2134,TRUE
INC-202401-LON-009-01,2024-01-05T03:01:00Z,London,LON-009,Rail,Rolling Stock,Medium,3,119,21914,TRUE
INC-202401-LON-012-02,2024-01-05T04:10:00Z,London,LON-012,Bus,Accident,Low-Med,2,46,6831,TRUE
INC-202401-BRI-017-02,2024-01-05T23:02:00Z,Bristol,BRI-017,Bus,Roadworks,Low,1,380,1212,TRUE
INC-202401-EDI-005-01,2024-01-06T06:18:00Z,Edinburgh,EDI-005,Underground,Station Closure,Medium,3,83,23800,TRUE
INC-202401-EDI-005-02,2024-01-06T07:28:00Z,Edinburgh,EDI-005,Underground,Signal Failure,Medium,3,,12383,TRUE
INC-202401-LON-007-01,2024-01-06T10:36:00Z,London,LON-007,Tram,Obstruction,Medium,3,100,31605,TRUE
INC-202401-MAN-009-01,2024-01-06T11:14:00Z,Manchester,MAN-009,Underground,Signal Failure,Med-High,4,109,19844,TRUE
INC-202401-LON-005-01,2024-01-06T13:06:00Z,London,LON-005,Rail,Rolling Stock,Low-Med,2,59,9117,FALSE
INC-202401-LON-011-03,2024-01-06T19:03:00Z,London,LON-011,Tram,Vehicle Fault,Low-Med,2,54,2861,TRUE
INC-202401-MAN-008-02,2024-01-07T06:54:00Z,Manchester,MAN-008,Bus,Congestion,Low-Med,2,57,5693,TRUE
INC-202401-EDI-013-01,2024-01-07T07:08:00Z,Edinburgh,EDI-013,Rail,Track Fault,Medium,3,80,6901,FALSE
INC-202401-LON-008-01,2024-01-07T07:22:00Z,London,LON-008,Bus,Congestion,Low-Med,2,52,5495,TRUE
INC-202401-EDI-009-01,2024-01-07T07:40:00Z,Edinburgh,EDI-009,Bus,Roadworks,Low,1,14,806,TRUE
INC-202401-LON-020-04,2024-01-07T14:43:00Z,London,LON-020,Bus,Roadworks,Low,1,8,1091,TRUE
INC-202401-EDI-013-02,2024-01-07T19:38:00Z,Edinburgh,EDI-013,Rail,Track Fault,Medium,3,135,17795,TRUE
INC-202401-LON-014-02,2024-01-07T22:33:00Z,London,LON-014,Bus,Vehicle Fault,Med-High,4,166,19921,TRUE
INC-202401-MAN-004-01,2024-01-08T00:45:00Z,Manchester,MAN-004,Bus,Vehicle Fault,Low,1,16,1462,TRUE
INC-202401-LON-009-05,2024-01-08T11:00:00Z,london,LON-009,Rail,Track Fault,Medium,3,65,12488,TRUE
INC-202401-EDI-020-01,2024-01-08T11:22:00Z,Edinburgh,EDI-020,Rail,Rolling Stock,Medium,3,120,10703,TRUE
INC-202401-BRI-001-01,2024-01-08T17:56:00Z,Bristol,BRI-001,Bus,Congestion,Low,1,17,1128,TRUE
INC-202401-BRI-016-02,2024-01-09T00:59:00Z,Bristol,BRI-016,Rail,Signal Failure,Medium,3,116,20633,TRUE
INC-202401-LON-006-01,2024-01-09T13:02:00Z,london,LON-006,BikeShare,Dock Full,Low-Med,2,42,1396,TRUE
INC-202401-LON-015-02,2024-01-09T18:58:00Z,London,LON-015,Rail,Signal Failure,High,5,158,53997,TRUE
INC-202401-LON-020-01,2024-01-10T00:11:00Z,London,LON-020,Bus,Roadworks,Med-High,4,162,17411,TRUE
INC-202401-LON-005-02,2024-01-10T06:14:00Z,London,LON-005,Rail,Weather,Medium,3,81,11617,TRUE
INC-202401-BRI-005-01,2024-01-10T08:24:00Z,Bristol,BRI-005,Bus,Staff Shortage,MEDIUM,3,59,1357,TRUE
INC-202401-LON-003-05,2024-01-10T18:20:00Z,London,LON-003,Bus,Vehicle Fault,Low-Med,2,52,4062,TRUE
INC-202401-BRI-021-02,2024-01-10T21:54:00Z,Bristol,BRI-021,Rail,Signal Failure,Low-Med,2,36,4498,TRUE
INC-202401-MAN-016-01,2024-01-11T06:34:00Z,Manchester,MAN-016,Bus,Vehicle Fault,Low,1,11,563,TRUE
INC-202401-LON-022-01,2024-01-11T07:58:00Z,london,LON-022,Underground,Power Issue,Medium,3,98,25275,TRUE
INC-202401-LON-022-03,2024-01-12T13:30:00Z,London,LON-022,Underground,Passenger Incident,High,5,206,65796,TRUE
INC-202401-LON-017-03,2024-01-12T18:17:00Z,London,LON-017,Bus,Vehicle Fault,Low-Med,2,48,3639,TRUE
INC-202401-LON-003-04,2024-01-12T20:46:00Z,London,LON-003,Bus,Roadworks,Medium,3,69,5237,TRUE
INC-202401-EDI-009-03,2024-01-12T23:41:00Z,Edinburgh,EDI-009,Bus,Congestion,Low-Med,2,58,3606,TRUE
INC-202401-EDI-001-01,2024-01-13T06:17:00Z,Edinburgh,EDI-001,Underground,Signal Failure,Med-High,4,131,16744,TRUE
INC-202401-LON-017-01,2024-01-14T12:50:00Z,London,LON-017,Bus,Congestion,Low,1,12,1425,TRUE
INC-202401-LON-002-01,2024-01-14T19:18:00Z,London,LON-002,Bus,Accident,Medium,3,47,5984,TRUE
INC-202401-LON-001-01,2024-01-15T04:35:00Z,London,LON-001,Bus,Vehicle Fault,Medium,3,81,6633,TRUE
INC-202401-EDI-013-03,2024-01-15T07:52:00Z,Edinburgh,EDI-013,Rail,Signal Failure,Medium,3,113,14946,TRUE
INC-202401-BRI-019-01,2024-01-15T14:12:00Z,Bristol,BRI-019,Rail,Signal Failure,Low-Med,2,34,1614,TRUE
INC-202401-MAN-003-01,2024-01-16T07:42:00Z,Manchester,MAN-003,BikeShare,App Outage,Low,1,18,180,TRUE
INC-202401-BRI-017-01,2024-01-16T08:17:00Z,Bristol,BRI-017,Bus,Vehicle Fault,Low,1,,911,TRUE
INC-202401-EDI-013-05,2024-01-16T16:00:00Z,Edinburgh,EDI-013,rail,Track Fault,Medium,3,66,4953,TRUE
INC-202401-LON-020-03,2024-01-17T03:50:00Z,London,LON-020,Bus,Congestion,Low Med,2,24,2094,TRUE
INC-202401-EDI-018-02,2024-01-17T18:45:00Z,Edinburgh,EDI-018,Rail,Rolling Stock,Low-Med,2,34,1870,TRUE
INC-202401-EDI-012-01,2024-01-18T06:44:00Z,Edinburgh,EDI-012,Underground,Signal Failure,Med-High,4,3880,41208,TRUE
INC-202401-LON-008-03,2024-01-18T12:05:00Z,London,LON-008,Bus,Staff Shortage,Med-High,4,111,12388,TRUE
INC-202401-EDI-011-04,2024-01-19T01:11:00Z,Edinburgh,EDI-011,Bus,Roadworks,Low-Med,2,39,2082,TRUE
INC-202401-LON-002-02,2024-01-20T11:39:00Z,London,LON-002,Bus,Staff Shortage,High,5,302,22367,TRUE
INC-202401-EDI-008-01,2024-01-20T17:17:00Z,Edinburgh,EDI-008,Bus,Accident,Low,1,20,593,TRUE
INC-202401-MAN-009-02,2024-01-21T07:34:00Z,Manchester,MAN-009,Underground,Passenger Incident,Med-High,4,129,19063,TRUE
INC-202401-MAN-022-01,2024-01-21T08:44:00Z,Manchester,MAN-022,Rail,Rolling Stock,Medium,3,59,13492,TRUE
INC-202401-EDI-013-04,2024-01-22T07:35:00Z,Edinburgh,EDI-013,Rail,Signal Failure,Med-High,4,136,9258,TRUE
INC-202401-LON-015-01,2024-01-22T09:48:00Z,London,LON-015,Rail,Track Fault,Med-High,4,211,31747,FALSE
INC-202401-MAN-008-01,2024-01-22T13:10:00Z,Manchester,MAN-008,Bus,Roadworks,Low,1,16,1168,TRUE
INC-202401-LON-003-01,2024-01-22T16:56:00Z,London,LON-003,Bus,Congestion,Med High,4,96,11615,TRUE
INC-202401-BRI-009-01,2024-01-22T19:48:00Z,Bristol,BRI-009,Tram,Power Issue,Low,1,26,359,TRUE
INC-202401-EDI-011-03,2024-01-23T04:44:00Z,Edinburgh,EDI-011,Bus,Congestion,Low,1,14,589,TRUE
INC-202401-LON-018-01,2024-01-23T06:18:00Z,LDN,LON-018,Bus,Roadworks,Medium,3,124,6998,TRUE
INC-202401-LON-021-01,2024-01-23T19:21:00Z,London,LON-021,Bus,Staff Shortage,Low-Med,2,36,3255,FALSE
INC-202401-EDI-016-01,2024-01-23T22:49:00Z,Edinburgh,EDI-016,BikeShare,Dock Empty,Low,1,9,173,TRUE
INC-202401-EDI-011-01,2024-01-24T05:19:00Z,Edinburgh,EDI-011,Bus,Congestion,Low,1,15,1065,TRUE
INC-202401-MAN-020-01,2024-01-24T08:55:00Z,Manchester,MAN-020,Bus,Vehicle Fault,Low-Med,2,51,2441,TRUE
INC-202401-MAN-018-01,2024-01-24T12:14:00Z,Manchester,MAN-018,BikeShare,Bike Fault,LOW,1,17,185,TRUE
INC-202401-MAN-006-01,2024-01-24T13:47:00Z,Manchester,MAN-006,tram,Vehicle Fault,Low-Med,2,47,2284,TRUE
INC-202401-BRI-001-02,2024-01-24T17:42:00Z,Bristol,BRI-001,Bus,Congestion,Med-High,4,140,8509,TRUE
INC-202401-LON-003-02,2024-01-24T17:59:00Z,London,LON-003,Bus,,Medium,3,91,7218,TRUE
INC-202401-LON-022-02,2024-01-25T08:37:00Z,London,LON-022,Underground,Power Issue,Med-High,4,109,28527,TRUE
INC-202401-EDI-014-01,2024-01-25T18:00:00Z,Edinburgh,EDI-014,Underground,Station Closure,Med-High,4,150,27683,TRUE
INC-202401-LON-009-04,2024-01-25T18:05:00Z,London,LON-009,Rail,Signal Failure,Medium,3,82,12065,TRUE
INC-202401-LON-004-01,2024-01-25T22:51:00Z,London,LON-004,Tram,Vehicle Fault,Medium,3,102,3455,TRUE
INC-202401-LON-011-01,2024-01-26T00:33:00Z,London,LON-011,Tram,Obstruction,Low,1,14,1133,TRUE
INC-202401-EDI-018-01,2024-01-26T09:43:00Z,Edinburgh,EDI-018,Rail,Signal Failure,LOW,1,5,379,FALSE
INC-202401-BRI-021-01,2024-01-26T09:52:00Z,Bristol,BRI-021,Rail,Track Fault,Med-High,4,,9455,TRUE
INC-202401-EDI-006-01,2024-01-26T11:28:00Z,Edinburgh,EDI-006,Underground,Signal Failure,Medium,3,111,26705,TRUE
INC-202401-EDI-009-04,2024-01-26T13:28:00Z,Edinburgh,EDI-009,Bus,Vehicle Fault,Low,1,7,642,TRUE
INC-202401-MAN-005-01,2024-01-26T13:39:00Z,Manchester,MAN-005,Tram,Roadworks,Low,1,11,443,TRUE
INC-202401-MAN-016-02,2024-01-26T16:55:00Z,Manchester,MAN-016,Bus,Congestion,Low-Med,2,29,2785,TRUE
INC-202401-LON-020-02,2024-01-26T18:14:00Z,London,LON-020,Bus,Congestion,Med-High,4,113,,TRUE
INC-202401-LON-009-02,2024-01-26T22:32:00Z,London,LON-009,Rail,Rolling Stock,High,5,213,46285,TRUE
INC-202401-EDI-011-02,2024-01-27T03:36:00Z,Edinburgh,EDI-011,Bus,Accident,Low-Med,2,39,1920,TRUE
INC-202401-EDI-004-01,2024-01-27T05:42:00Z,Edinburgh,EDI-004,Bus,Accident,Low-Med,2,34,2470,TRUE
INC-202401-LON-003-03,2024-01-27T05:54:00Z,London,LON-003,Bus,Roadworks,Medium,3,48,3773,TRUE
INC-202401-LON-009-03,2024-01-27T12:05:00Z,London,LON-009,Rail,Rolling Stock,High,5,197,62230,TRUE
INC-202401-MAN-004-03,2024-01-27T14:18:00Z,Manchester,MAN-004,Bus,Vehicle Fault,Low-Med,2,22,802,TRUE
INC-202401-LON-008-02,2024-01-28T16:36:00Z,London,LON-008,Bus,Congestion,Med High,4,113,24731,TRUE
INC-202401-EDI-003-01,2024-01-28T23:47:00Z,Edinburgh,EDI-003,Bus,Vehicle Fault,Low-Med,2,59,3283,TRUE
INC-202401-LON-017-02,2024-01-29T15:27:00Z,London,LON-017,Bus,Accident,Low-Med,2,56,3158,TRUE
INC-202401-LON-011-02,2024-01-29T18:04:00Z,London,LON-011,Tram,Vehicle Fault,Low,1,19,355,TRUE
INC-202401-BRI-022-02,2024-01-29T20:17:00Z,Bristol,BRI-022,Underground,Power Issue,Medium,3,105,22886,TRUE
INC-202401-LON-001-02,2024-01-29T21:48:00Z,London,LON-001,Bus,Congestion,Low-Med,2,42,4783,FALSE
INC-202401-LON-001-03,2024-01-30T06:24:00Z,London,LON-001,Bus,Staff Shortage,Low-Med,2,47,3302,TRUE
INC-202401-BRI-013-01,2024-01-30T07:17:00Z,Bristol,BRI-013,Bus,Congestion,Low,1,29,1385,TRUE
INC-202401-LON-018-02,2024-01-30T12:17:00Z,London,LON-018,Bus,Roadworks,Low,1,6,491,TRUE
INC-202401-LON-009-06,2024-01-30T16:26:00Z,London,LON-009,Rail,Rolling Stock,Med-High,4,103,22369,TRUE
INC-202401-EDI-015-01,2024-01-31T00:27:00Z,Edinburgh,EDI-015,Bus,Staff Shortage,Low-Med,2,21,1035,TRUE
INC-202401-BRI-022-01,2024-01-31T03:30:00Z,Bristol,BRI-022,Underground,Signal Failure,Medium,3,83,18149,TRUE
INC-202401-MAN-001-01,2024-01-31T08:19:00Z,Manchester,MAN-001,Bus,Roadworks,Low-Med,2,22,899,TRUE
INC-202401-EDI-010-01,2024-01-31T16:01:00Z,Edinburgh,EDI-010,Bus,Vehicle Fault,Low,1,7,229,TRUE
INC-202401-BRI-016-01,2024-01-31T18:01:00Z,Bristol,BRI-016,rail,Weather,Medium,3,70,11965,TRUE
INC-202402-BRI-001-01,2024-02-01T01:09:00Z,Bristol,BRI-001,Bus,Roadworks,Low,1,25,882,TRUE
INC-202402-EDI-015-01,2024-02-01T01:37:00Z,Edinburgh,EDI-015,bus,Congestion,Low,1,6,209,TRUE
INC-202402-BRI-008-03,2024-02-01T16:05:00Z,Bristol,BRI-008,Rail,Signal Failure,Medium,3,111,15798,TRUE
INC-202402-EDI-004-02,2024-02-01T19:13:00Z,Edinburgh,EDI-004,Bus,Congestion,Low,1,11,649,TRUE
INC-202402-MAN-003-01,2024-02-01T21:56:00Z,Manchester,MAN-003,BikeShare,Dock Full,Low,1,18,251,TRUE
INC-202402-LON-014-02,2024-02-03T08:49:00Z,London,LON-014,Bus,Congestion,Low,1,7,411,TRUE
INC-202402-EDI-018-01,2024-02-03T18:28:00Z,Edinburgh,EDI-018,Rail,Track Fault,Med-High,4,,19782,TRUE
INC-202402-BRI-019-01,2024-02-04T07:00:00Z,Bristol,BRI-019,Rail,Rolling Stock,Medium,3,80,17367,TRUE
INC-202402-MAN-004-01,2024-02-04T17:24:00Z,Manchester,MAN-004,Bus,Vehicle Fault,Low,1,5,335,TRUE
INC-202402-LON-014-01,2024-02-04T19:42:00Z,London,LON-014,Bus,Staff Shortage,Low,1,18,841,TRUE
INC-202402-MAN-020-01,2024-02-04T20:24:00Z,Manchester,MAN-020,Bus,Congestion,Low-Med,2,54,1417,TRUE
INC-202402-MAN-014-01,2024-02-04T21:41:00Z,Manchester,MAN-014,BikeShare,Dock Empty,Low,1,16,199,TRUE
INC-202402-MAN-014-03,2024-02-05T03:06:00Z,Manchester,MAN-014,BikeShare,Bike Fault,Low,1,15,266,TRUE
INC-202402-LON-003-01,2024-02-05T17:31:00Z,London,LON-003,Bus,Roadworks,High,5,253,11516,TRUE
INC-202402-MAN-005-02,2024-02-05T18:10:00Z,Manchester,MAN-005,Tram,Roadworks,Low-Med,2,63,2643,TRUE
INC-202402-BRI-001-02,2024-02-06T12:30:00Z,Bristol,BRI-001,Bus,Congestion,Low-Med,2,40,1793,TRUE
INC-202402-LON-007-01,2024-02-07T04:53:00Z,London,LON-007,Tram,Obstruction,Low,1,24,895,TRUE
INC-202402-LON-012-01,2024-02-07T11:40:00Z,London,LON-012,Bus,Roadworks,Low-Med,2,40,29375,TRUE
INC-202402-BRI-017-01,2024-02-07T16:41:00Z,Bristol,BRI-017,Bus,Roadworks,Low-Med,2,32,2192,TRUE
INC-202402-LON-015-01,2024-02-07T18:05:00Z,London,LON-015,Rail,Signal Failure,High,5,214,26059,TRUE
INC-202402-EDI-011-02,2024-02-08T00:04:00Z,Edinburgh,EDI-011,Bus,Roadworks,Medium,3,99,9234,TRUE
INC-202402-LON-018-03,2024-02-08T01:11:00Z,London,LON-018,Bus,Accident,Low,1,100,477,FALSE
INC-202402-EDI-002-01,2024-02-08T05:36:00Z,Edinburgh,EDI-002,Bus,Congestion,Low,1,5,171,TRUE
INC-202402-EDI-003-02,2024-02-09T16:58:00Z,Edinburgh,EDI-003,Bus,Roadworks,Low-Med,2,34,2269,TRUE
INC-202402-MAN-021-02,2024-02-09T23:30:00Z,Manchester,MAN-021,Rail,Rolling Stock,Low Med,2,68,7239,TRUE
INC-202402-MAN-022-01,2024-02-10T03:25:00Z,Manchester,MAN-022,Rail,Track Fault,Medium,3,130,32733,TRUE
INC-202402-LON-005-01,2024-02-10T04:54:00Z,LDN,LON-005,Rail,Signal Failure,Medium,3,116,18437,TRUE
INC-202402-EDI-022-01,2024-02-10T06:34:00Z,Edinburgh,EDI-022,BikeShare,Bike Fault,Low,1,13,110,TRUE
INC-202402-EDI-011-03,2024-02-10T11:03:00Z,Edinburgh,EDI-011,Bus,Accident,Low,1,160,1029,TRUE
INC-202402-EDI-008-03,2024-02-10T17:23:00Z,Edinburgh,EDI-008,Bus,Congestion,Low-Med,2,36,1741,TRUE
INC-202402-EDI-008-01,2024-02-11T05:17:00Z,Edinburgh,EDI-008,Bus,Roadworks,Low,1,22,919,TRUE
INC-202402-EDI-017-01,2024-02-11T07:02:00Z,Edinburgh,EDI-017,Underground,Passenger Incident,Med-High,4,132,57643,TRUE
INC-202402-LON-011-02,2024-02-11T16:05:00Z,London,LON-011,Tram,Obstruction,Medium,3,117,8460,TRUE
INC-202402-MAN-008-02,2024-02-11T18:03:00Z,Manchester,MAN-008,Bus,Congestion,Low-Med,2,19,926,TRUE
INC-202402-BRI-011-02,2024-02-11T23:36:00Z,Bristol,BRI-011,Bus,Roadworks,Low-Med,2,35,1749,TRUE
INC-202402-BRI-018-01,2024-02-12T01:13:00Z,Bristol,BRI-018,Bus,Vehicle Fault,Low,1,24,575,TRUE
INC-202402-MAN-005-01,2024-02-12T07:45:00Z,Manchester,MAN-005,Tram,Vehicle Fault,Low-Med,2,51,1934,TRUE
INC-202402-BRI-018-02,2024-02-13T00:18:00Z,Bristol,BRI-018,Bus,Congestion,Low,1,17,310,TRUE
INC-202402-LON-022-01,2024-02-13T04:39:00Z,London,LON-022,Underground,Signal Failure,MEDIUM,3,103,37465,TRUE
INC-202402-MAN-006-01,2024-02-13T06:51:00Z,Manchester,MAN-006,Tram,Roadworks,Low,1,9,142,FALSE
INC-202402-LON-011-01,2024-02-14T00:20:00Z,London,LON-011,Tram,Vehicle Fault,Medium,3,53,5092,TRUE
INC-202502-MAN-004-02,2024-02-14T06:53:00Z,Manchester,MAN-014,BikeShare,Bike Fault,LOW,1,13,176,TRUE
INC-202402-EDI-012-01,2024-02-15T10:31:00Z,Edinburgh,EDI-012,Underground,Passenger Incident,Low,1,,2371,FALSE
INC-202402-EDI-013-01,2024-02-16T11:05:00Z,Edinburgh,EDI-013,Rail,Signal Failure,Low-Med,2,54,14374,TRUE
INC-202402-BRI-019-03,2024-02-17T08:16:00Z,Bristol,BRI-019,Rail,Signal Failure,Low-Med,2,38,6071,TRUE
INC-202402-MAN-015-01,2024-02-17T11:20:00Z,Manchester,MAN-015,Bus,Roadworks,Low,1,16,837,TRUE
INC-202402-LON-009-01,2024-02-17T22:07:00Z,London,LON-009,Rail,Signal Failure,Med High,4,207,36254,TRUE
INC-202402-LON-002-02,2024-02-18T05:04:00Z,London,LON-002,Bus,Staff Shortage,Med-High,4,155,7793,TRUE
INC-202402-BRI-008-01,2024-02-18T09:33:00Z,Bristol,BRI-008,Rail,Signal Failure,Low Med,2,42,5592,TRUE
INC-202402-EDI-003-01,2024-02-18T13:35:00Z,Edinburgh,EDI-003,Bus,Roadworks,Medium,3,74,5043,TRUE
INC-202402-LON-019-01,2024-02-18T17:19:00Z,London,LON-019,Bus,Vehicle Fault,High,5,213,20357,TRUE
INC-202402-BRI-014-01,2024-02-18T19:18:00Z,Bristol,BRI-014,Bus,Vehicle Fault,Medium,3,88,9055,TRUE
INC-202402-LON-002-01,2024-02-19T16:40:00Z,London,LON-002,Bus,Congestion,Low-Med,2,38,2738,TRUE
INC-202402-BRI-019-02,2024-02-20T07:16:00Z,Bristol,BRI-019,Rail,Weather,Low-Med,2,39,8313,TRUE
INC-202402-BRI-020-01,2024-02-20T15:31:00Z,Bristol,BRI-020,Rail,Track Fault,Medium,3,124,8726,TRUE
INC-202402-BRI-008-02,2024-02-20T21:04:00Z,Bristol,BRI-008,Rail,Signal Failure,Low-Med,2,55,4320,TRUE
INC-202402-MAN-016-01,2024-02-21T08:15:00Z,Manchester,MAN-016,Bus,Congestion,Low-Med,2,24,1071,TRUE
INC-202511-LON-018-03,2024-02-21T08:32:00Z,London,LON-001,Bus,Congestion,Med-High,4,161,,TRUE
INC-202402-BRI-016-01,2024-02-21T09:08:00Z,Bristol,BRI-016,Rail,Signal Failure,Low-Med,2,70,7982,TRUE
INC-202402-EDI-008-02,2024-02-21T11:08:00Z,Edinburgh,EDI-008,Bus,Staff Shortage,Low,1,5,146,TRUE
INC-202402-LON-020-01,2024-02-21T18:16:00Z,London,LON-020,Bus,Staff Shortage,Medium,3,109,7078,TRUE
INC-202402-EDI-017-02,2024-02-21T18:46:00Z,Edinburgh,EDI-017,Underground,Power Issue,Med-High,4,132,29356,TRUE
INC-202402-MAN-010-01,2024-02-21T21:10:00Z,Manchester,MAN-010,Rail,Rolling Stock,Medium,3,130,11141,TRUE
INC-202402-LON-016-01,2024-02-23T16:37:00Z,London,LON-016,Rail,Rolling Stock,Medium,3,52,6391,FALSE
INC-202402-BRI-010-01,2024-02-23T17:29:00Z,Bristol,BRI-010,BikeShare,Vandalism,Low,1,21,144,TRUE
INC-202402-BRI-011-01,2024-02-24T06:44:00Z,Bristol,BRI-011,Bus,Congestion,Low,1,21,1282,TRUE
INC-202402-MAN-003-02,2024-02-24T08:40:00Z,Manchester,MAN-003,BikeShare,Bike Fault,Low,1,17,401,TRUE
INC-202402-BRI-017-02,2024-02-24T09:37:00Z,Bristol,BRI-017,Bus,Staff Shortage,Medium,3,61,4841,TRUE
INC-202402-BRI-020-02,2024-02-24T17:11:00Z,Bristol,BRI-020,Rail,Rolling Stock,Medium,3,60,11114,TRUE
INC-202402-EDI-011-01,2024-02-24T17:34:00Z,Edinburgh,EDI-011,Bus,Vehicle Fault,Low,1,6,696,TRUE
INC-202402-BRI-007-01,2024-02-24T22:43:00Z,Bristol,BRI-007,Tram,Power Issue,Low-Med,2,51,1240,TRUE
INC-202402-MAN-022-02,2024-02-25T02:16:00Z,Manchester,MAN-022,Rail,Rolling Stock,Medium,3,96,20877,TRUE
INC-202402-LON-009-02,2024-02-25T18:57:00Z,London,LON-009,Rail,Rolling Stock,Med-High,4,139,9147,FALSE
INC-202402-BRI-013-01,2024-02-25T21:59:00Z,Bristol,BRI-013,Bus,Congestion,Low,1,6,416,TRUE
INC-202402-LON-018-01,2024-02-26T08:41:00Z,London,LON-018,Bus,Staff Shortage,Low-Med,2,40,1910,TRUE
INC-202402-MAN-020-02,2024-02-26T18:03:00Z,Manchester,MAN-020,Bus,Staff Shortage,Low-Med,2,40,1192,TRUE
INC-202402-LON-001-02,2024-02-26T18:58:00Z,London,LON-001,Bus,Vehicle Fault,Med-High,4,165,9390,TRUE
INC-202402-LON-021-01,2024-02-27T08:10:00Z,London,LON-021,Bus,Accident,Low-Med,2,25,2625,TRUE
INC-202402-LON-017-01,2024-02-28T05:05:00Z,London,LON-017,Bus,Roadworks,Medium,3,111,6013,TRUE
INC-202402-MAN-017-01,2024-02-28T13:29:00Z,Manchester,MAN-017,Underground,Passenger Incident,Low-Med,2,44,10071,FALSE
INC-202402-LON-018-02,2024-02-28T20:45:00Z,London,LON-018,Bus,Accident,Medium,3,113,8568,TRUE
INC-202402-EDI-004-01,2024-02-29T01:09:00Z,Edinburgh,EDI-004,Bus,Congestion,Low,1,5,250,TRUE
INC-202402-MAN-010-02,2024-02-29T01:27:00Z,Manchester,MAN-010,Rail,Signal Failure,Medium,3,80,9456,TRUE
INC-202402-BRI-022-01,2024-02-29T02:52:00Z,Bristol,BRI-022,Underground,Signal Failure,Medium,3,122,8560,TRUE
INC-202402-EDI-012-02,2024-02-29T02:56:00Z,Edinburgh,EDI-012,Underground,Station Closure,Low-Med,2,35,,TRUE
INC-202402-BRI-007-02,2024-02-29T07:33:00Z,Bristol,BRI-007,Tram,Vehicle Fault,Low-Med,2,32,1218,TRUE
INC-202402-MAN-021-01,2024-02-29T09:57:00Z,Manchester,MAN-021,Rail,Track Fault,Low,1,27,4661,TRUE
INC-202402-LON-016-02,2024-02-29T19:32:00Z,London,LON-016,Rail,Signal Failure,Medium,3,104,22520,TRUE
INC-202402-MAN-008-01,2024-02-29T22:31:00Z,Manchester,MAN-008,Bus,Accident,Low-Med,2,44,1703,TRUE
INC-202402-MAN-002-01,2024-02-29T22:52:00Z,Manchester,MAN-002,Tram,,Low-Med,2,60,2562,FALSE
INC-202403-BRI-002-02,2024-03-01T05:53:00Z,Bristol,BRI-002,Bus,Staff Shortage,Low,1,27,864,FALSE
INC-202403-EDI-011-02,2024-03-01T17:08:00Z,Edinburgh,EDI-011,Bus,Roadworks,Medium,3,113,13512,TRUE
INC-202403-MAN-020-02,2024-03-02T01:01:00Z,Manchester,MAN-020,Bus,Staff Shortage,Low-Med,2,51,3310,TRUE
INC-202403-EDI-014-01,2024-03-02T08:28:00Z,Edinburgh,EDI-014,Underground,Signal Failure,High,5,274,47000,TRUE
INC-202403-EDI-011-03,2024-03-03T15:36:00Z,Edinburgh,EDI-011,Bus,Roadworks,Medium,3,66,4165,TRUE
INC-202403-EDI-012-03,2024-03-03T17:25:00Z,Edinburgh,EDI-012,Underground,Station Closure,Low-Med,2,49,22711,TRUE
INC-202403-MAN-017-01,2024-03-04T02:06:00Z,Manchester,MAN-017,Underground,Signal Failure,MEDIUM,3,98,45870,FALSE
INC-202403-BRI-002-01,2024-03-04T03:14:00Z,Bristol,BRI-002,Bus,Congestion,Low,1,12,420,TRUE
INC-202403-EDI-011-01,2024-03-04T14:41:00Z,EDI,EDI-011,Bus,Staff Shortage,Low,1,13,735,TRUE
INC-202403-MAN-012-01,2024-03-04T19:19:00Z,Manchester,MAN-012,Rail,Rolling Stock,Low,1,13,1095,TRUE
INC-202403-LON-015-03,2024-03-05T13:01:00Z,London,LON-015,Rail,,Med-High,4,201,,FALSE
INC-202403-MAN-009-01,2024-03-05T17:29:00Z,Manchester,MAN-009,Underground,Station Closure,Med-High,4,171,31463,TRUE
INC-202403-MAN-013-01,2024-03-05T18:22:00Z,Manchester,MAN-013,Underground,Signal Failure,Med High,4,112,29539,TRUE
INC-202403-EDI-012-04,2024-03-06T02:35:00Z,Edinburgh,EDI-012,Underground,Station Closure,Medium,3,117,36245,TRUE
INC-202403-MAN-013-02,2024-03-06T11:38:00Z,Manchester,MAN-013,Underground,Signal Failure,Med-High,4,151,43768,TRUE
INC-202403-MAN-016-02,2024-03-06T12:34:00Z,Manchester,MAN-016,bus,Roadworks,Low,1,13,623,FALSE
INC-202403-LON-015-04,2024-03-06T13:54:00Z,london,LON-015,Rail,Signal Failure,Medium,3,126,15160,TRUE
INC-202403-LON-017-02,2024-03-07T08:26:00Z,London,LON-017,bus,Congestion,Med-High,4,208,21189,TRUE
INC-202403-MAN-015-01,2024-03-07T11:18:00Z,Manchester,MAN-015,bus,Congestion,Low-Med,2,57,1521,TRUE
INC-202403-LON-005-01,2024-03-08T01:45:00Z,London,LON-005,Rail,Rolling Stock,Med-High,4,213,27815,TRUE
INC-202403-BRI-004-01,2024-03-08T17:19:00Z,Bristol,BRI-004,Underground,Signal Failure,Medium,3,104,14546,TRUE
INC-202403-BRI-021-01,2024-03-09T08:18:00Z,Bristol,BRI-021,Rail,Rolling Stock,Low-Med,2,,5577,TRUE
INC-202403-LON-004-01,2024-03-09T10:48:00Z,London,LON-004,Tram,Vehicle Fault,Medium,3,120,5077,TRUE
INC-202403-LON-016-03,2024-03-09T18:55:00Z,London,LON-016,Rail,Signal Failure,High,5,171,24842,TRUE
INC-202403-EDI-017-01,2024-03-09T19:31:00Z,Edinburgh,EDI-017,Underground,Signal Failure,Med-High,4,204,31196,TRUE
INC-202403-BRI-011-02,2024-03-09T21:39:00Z,bristol,BRI-011,Bus,Congestion,Low,1,21,674,TRUE
INC-202403-EDI-018-01,2024-03-10T08:08:00Z,Edinburgh,EDI-018,Rail,Rolling Stock,Low-Med,2,35,9625,FALSE
INC-202403-BRI-006-02,2024-03-11T07:54:00Z,Bristol,BRI-006,bus,Vehicle Fault,Low,1,24,927,TRUE
INC-202403-EDI-009-01,2024-03-11T08:27:00Z,Edinburgh,EDI-009,Bus,Vehicle Fault,Medium,3,100,5575,TRUE
INC-202403-MAN-008-01,2024-03-11T11:23:00Z,Manchester,MAN-008,Bus,Roadworks,Low,1,20,2924,TRUE
INC-202403-EDI-009-02,2024-03-11T12:37:00Z,Edinburgh,EDI-009,Bus,Vehicle Fault,Low,1,19,1693,TRUE
INC-202403-BRI-022-01,2024-03-11T18:48:00Z,Bristol,BRI-022,Underground,Passenger Incident,Low-Med,2,37,6379,TRUE
INC-202403-MAN-001-01,2024-03-12T07:14:00Z,Manchester,MAN-001,Bus,Roadworks,Low,1,12,636,TRUE
INC-202403-MAN-010-02,2024-03-12T14:02:00Z,Manchester,MAN-010,Rail,Track Fault,Low,1,20,4002,TRUE
INC-202403-MAN-004-01,2024-03-12T15:34:00Z,Manchester,MAN-004,Bus,Roadworks,Low,1,10,555,TRUE
INC-202403-EDI-002-01,2024-03-12T17:26:00Z,Edinburgh,EDI-002,Bus,Congestion,Low-Med,2,40,1307,TRUE
INC-202403-LON-003-01,2024-03-12T19:11:00Z,London,LON-003,Bus,,Low-Med,2,42,,TRUE
INC-202403-LON-022-01,2024-03-12T20:46:00Z,London,LON-022,Underground,Passenger Incident,Med-High,4,107,29199,TRUE
INC-202403-MAN-004-02,2024-03-13T04:29:00Z,Manchester,MAN-004,Bus,Staff Shortage,Low,1,13,463,TRUE
INC-202403-LON-001-01,2024-03-13T04:58:00Z,London,LON-001,Bus,Roadworks,Low,1,22,3210,TRUE
INC-202403-LON-021-01,2024-03-13T08:38:00Z,London,LON-021,Bus,Vehicle Fault,Medium,3,,16151,TRUE
INC-202403-BRI-018-01,2024-03-14T03:36:00Z,Bristol,BRI-018,Bus,Vehicle Fault,Low-Med,2,39,1165,TRUE
INC-202403-BRI-022-02,2024-03-14T08:57:00Z,Bristol,BRI-022,Underground,Station Closure,Medium,3,67,31258,TRUE
INC-202403-LON-016-02,2024-03-14T18:13:00Z,London,LON-016,Rail,Rolling Stock,Low-Med,2,54,6261,TRUE
INC-202403-EDI-021-01,2024-03-14T18:26:00Z,Edinburgh,EDI-021,Tram,Roadworks,Low,1,12,230,TRUE
INC-202403-LON-006-01,2024-03-15T02:12:00Z,London,LON-006,BikeShare,Bike Fault,Low,1,11,126,FALSE
INC-202403-MAN-017-02,2024-03-15T16:46:00Z,Manchester,MAN-017,Underground,Passenger Incident,Med-High,4,214,102391,TRUE
INC-202403-EDI-008-02,2024-03-15T17:16:00Z,Edinburgh,EDI-008,Bus,Roadworks,Low,1,16,1182,TRUE
INC-202403-LON-008-02,2024-03-16T01:35:00Z,London,LON-008,Bus,Staff Shortage,Low-Med,2,43,7206,TRUE
INC-202403-EDI-019-01,2024-03-16T06:54:00Z,Edinburgh,EDI-019,Tram,Vehicle Fault,Low,1,15,405,TRUE
INC-202403-EDI-005-01,2024-03-16T07:45:00Z,Edinburgh,EDI-005,Underground,Signal Failure,Medium,3,67,31226,TRUE
INC-202403-LON-006-02,2024-03-16T09:11:00Z,london,LON-006,BikeShare,Bike Fault,Low-Med,2,30,622,TRUE
INC-202403-BRI-011-01,2024-03-16T19:52:00Z,Bristol,BRI-011,bus,Accident,Low,1,28,1094,TRUE
INC-202403-LON-013-02,2024-03-17T23:15:00Z,London,LON-013,Underground,Signal Failure,High,5,318,207084,TRUE
INC-202403-LON-002-01,2024-03-18T06:37:00Z,London,LON-002,Bus,Staff Shortage,MED-HIGH,4,136,12871,FALSE
INC-202403-EDI-003-01,2024-03-18T14:14:00Z,Edinburgh,EDI-003,Bus,Congestion,Low,1,9,464,TRUE
INC-202403-BRI-004-02,2024-03-18T20:02:00Z,Bristol,BRI-004,Underground,Signal Failure,Low-Med,2,39,8176,TRUE
INC-202403-LON-016-01,2024-03-19T01:55:00Z,London,LON-016,Rail,Rolling Stock,HIGH,5,,22314,FALSE
INC-202403-LON-001-02,2024-03-19T04:31:00Z,LDN,LON-001,Bus,Vehicle Fault,Low-Med,2,34,4337,TRUE
INC-202403-EDI-012-01,2024-03-19T13:45:00Z,Edinburgh,EDI-012,Underground,Passenger Incident,Medium,3,62,13969,TRUE
INC-202403-LON-008-01,2024-03-19T17:45:00Z,London,LON-008,Bus,Roadworks,Medium,3,60,5398,TRUE
INC-202403-BRI-019-01,2024-03-20T01:13:00Z,Bristol,BRI-019,Rail,Signal Failure,Low-Med,2,35,2586,TRUE
INC-202403-EDI-005-02,2024-03-20T14:06:00Z,Edinburgh,EDI-005,Underground,Signal Failure,Medium,3,118,40019,TRUE
INC-202403-LON-013-03,2024-03-20T18:36:00Z,London,LON-013,Underground,Passenger Incident,Medium,3,126,39021,TRUE
INC-202403-LON-013-03,2024-03-20T18:37:00Z,London,LON-013,Underground,Passenger Incident,Medium,3,126,39021,TRUE
INC-202403-MAN-020-01,2024-03-21T04:19:00Z,MAN,MAN-020,Bus,Vehicle Fault,Low-Med,2,54,3694,TRUE
INC-202403-LON-017-01,2024-03-21T11:49:00Z,London,LON-017,Bus,Staff Shortage,Medium,3,69,4524,TRUE
INC-202403-BRI-006-01,2024-03-21T14:04:00Z,Bristol,BRI-006,Bus,Vehicle Fault,Low-Med,2,20,1162,TRUE
INC-202403-EDI-008-01,2024-03-21T23:49:00Z,Edinburgh,EDI-008,Bus,Vehicle Fault,Low,1,12,692,TRUE
INC-202403-BRI-016-01,2024-03-22T03:44:00Z,Bristol,BRI-016,Rail,Signal Failure,Low,1,11,1344,TRUE
INC-202403-EDI-018-03,2024-03-22T09:44:00Z,Edinburgh,EDI-018,Rail,Track Fault,Med-High,4,100,6118,TRUE
INC-202403-BRI-008-01,2024-03-22T17:00:00Z,Bristol,BRI-008,Rail,Signal Failure,Medium,3,120,23994,TRUE
INC-202403-EDI-013-01,2024-03-22T18:17:00Z,Edinburgh,EDI-013,Rail,Rolling Stock,Low-Med,2,42,6751,TRUE
INC-202403-LON-022-02,2024-03-22T19:09:00Z,london,LON-022,Underground,Signal Failure,Med-High,4,95,,TRUE
INC-202403-MAN-016-01,2024-03-22T23:22:00Z,Manchester,MAN-016,bus,Roadworks,Low,1,28,1250,TRUE
INC-202403-LON-021-02,2024-03-23T07:46:00Z,London,LON-021,Bus,Roadworks,High,5,164,30605,TRUE
INC-202403-EDI-012-02,2024-03-23T18:24:00Z,Edinburgh,EDI-012,Underground,Signal Failure,Med-High,4,193,46917,TRUE
INC-202403-LON-017-03,2024-03-25T10:46:00Z,London,LON-017,Bus,Roadworks,Low,1,300,,TRUE
INC-202403-BRI-005-01,2024-03-25T17:41:00Z,Bristol,BRI-005,Bus,Vehicle Fault,Low Med,2,58,3215,TRUE
INC-202403-LON-014-01,2024-03-26T07:28:00Z,London,LON-014,Bus,Congestion,Low,1,7,1194,TRUE
INC-202403-MAN-004-03,2024-03-26T07:44:00Z,Manchester,MAN-004,Bus,Congestion,Low,1,7,500,TRUE
INC-202403-LON-015-02,2024-03-26T08:07:00Z,London,LON-015,Rail,Signal Failure,High,5,214,35643,TRUE
INC-202403-EDI-001-01,2024-03-26T14:06:00Z,Edinburgh,EDI-001,Underground,Power Issue,Med-High,4,99,25467,TRUE
INC-202403-EDI-006-01,2024-03-26T16:27:00Z,Edinburgh,EDI-006,Underground,Station Closure,Med-High,4,208,35899,TRUE
INC-202403-MAN-010-01,2024-03-26T17:19:00Z,Manchester,MAN-010,Rail,Track Fault,Low-Med,2,75,13495,TRUE
INC-202403-LON-013-01,2024-03-26T22:21:00Z,London,LON-013,Underground,Passenger Incident,High,5,262,97569,TRUE
INC-202403-BRI-014-01,2024-03-27T17:34:00Z,Bristol,BRI-014,Bus,Congestion,Low-Med,2,53,2589,TRUE
INC-202403-BRI-022-03,2024-03-28T00:31:00Z,Bristol,BRI-022,Underground,Passenger Incident,Low-Med,2,67,24288,TRUE
INC-202403-BRI-003-01,2024-03-28T08:24:00Z,Bristol,BRI-003,Rail,Track Fault,Low Med,2,56,5654,TRUE
INC-201908-EDI-006-02,2024-03-31T18:15:00Z,Edinburgh,EDI-018,Rail,Track Fault,Low,1,9,1026,TRUE
INC-202403-BRI-005-02,2024-03-31T21:31:00Z,Bristol,BRI-005,Bus,Vehicle Fault,Low,1,7,215,TRUE
INC-202403-LON-015-01,2024-03-31T22:45:00Z,London,LON-015,Rail,Rolling Stock,Med-High,4,203,37460,TRUE
INC-202404-LON-003-01,2024-04-01T05:30:00Z,London,LON-003,Bus,Congestion,Med-High,4,189,22795,TRUE
INC-202404-MAN-004-02,2024-04-01T17:42:00Z,Manchester,MAN-004,Bus,Accident,Low-Med,2,62,3859,TRUE
INC-202404-MAN-017-02,2024-04-01T19:18:00Z,Manchester,MAN-017,Underground,Power Issue,High,5,201,29850,TRUE
INC-202404-MAN-008-02,2024-04-02T00:03:00Z,Manchester,MAN-008,Bus,Congestion,Medium,3,79,7829,TRUE
INC-202404-LON-008-01,2024-04-02T06:05:00Z,London,LON-008,Bus,Vehicle Fault,Medium,3,70,10212,TRUE
INC-202404-MAN-004-05,2024-04-02T08:02:00Z,Manchester,MAN-004,Bus,Roadworks,Low-Med,2,19,1675,TRUE
INC-201910-EDI-002-01,2024-04-02T08:37:00Z,Edinburgh,EDI-017,Underground,Signal Failure,Med-High,4,173,36118,TRUE
INC-202404-LON-002-01,2024-04-02T09:45:00Z,London,LON-002,bus,Congestion,Low-Med,2,55,5221,TRUE
INC-202404-MAN-003-01,2024-04-03T11:03:00Z,Manchester,MAN-003,BikeShare,Dock Full,LOW,1,,205,TRUE
INC-202404-BRI-019-01,2024-04-03T13:16:00Z,Bristol,BRI-019,Rail,Rolling Stock,Low,1,26,1928,TRUE
INC-202404-LON-014-03,2024-04-03T17:18:00Z,London,LON-014,Bus,,Med-High,4,188,22129,TRUE
INC-202404-LON-014-02,2024-04-03T17:50:00Z,London,LON-014,Bus,Roadworks,Med-High,4,140,14665,TRUE
INC-202404-LON-005-02,2024-04-04T06:28:00Z,London,LON-005,Rail,Signal Failure,Med-High,4,191,25396,TRUE
INC-202404-BRI-004-01,2024-04-04T16:38:00Z,Bristol,BRI-004,Underground,Signal Failure,High,5,261,138132,TRUE
INC-202404-MAN-015-01,2024-04-04T16:40:00Z,Manchester,MAN-015,Bus,Staff Shortage,Medium,3,100,13961,TRUE
INC-202404-EDI-012-03,2024-04-04T19:53:00Z,Edinburgh,EDI-012,Underground,Signal Failure,Medium,3,63,13931,TRUE
INC-202404-MAN-016-01,2024-04-04T23:59:00Z,Manchester,MAN-016,Bus,Congestion,Low-Med,2,68,3075,TRUE
INC-202404-BRI-004-02,2024-04-05T07:22:00Z,Bristol,BRI-004,Underground,Signal Failure,Medium,3,91,21521,TRUE
INC-202404-LON-011-01,2024-04-05T09:01:00Z,London,LON-011,Tram,Power Issue,Low-Med,2,35,1667,TRUE
INC-202404-BRI-001-03,2024-04-05T18:12:00Z,Bristol,BRI-001,Bus,Congestion,Low-Med,2,39,5769,TRUE
INC-202404-BRI-012-02,2024-04-06T18:37:00Z,Bristol,BRI-012,BikeShare,Dock Full,Low,1,13,143,TRUE
INC-202404-EDI-017-02,2024-04-07T06:24:00Z,Edinburgh,EDI-017,Underground,Station Closure,Low-Med,2,47,9477,TRUE
INC-202404-BRI-022-01,2024-04-08T06:11:00Z,Bristol,BRI-022,Underground,Signal Failure,High,5,320,116348,TRUE
INC-202404-BRI-016-01,2024-04-08T17:08:00Z,Bristol,BRI-016,Rail,Track Fault,Medium,3,64,5725,TRUE
INC-202404-LON-017-01,2024-04-08T21:07:00Z,London,LON-017,Bus,Roadworks,Low-Med,2,19,1724,TRUE
INC-202404-BRI-008-01,2024-04-09T08:57:00Z,Bristol,BRI-008,Rail,Signal Failure,Medium,3,91,8340,TRUE
INC-202404-LON-020-03,2024-04-09T16:27:00Z,London,LON-020,Bus,Congestion,Med-High,4,196,27238,TRUE
INC-202404-LON-013-01,2024-04-10T08:43:00Z,London,LON-013,Underground,Signal Failure,High,5,249,86228,TRUE
INC-202404-EDI-008-03,2024-04-10T17:07:00Z,Edinburgh,EDI-008,Bus,Accident,Medium,3,76,4188,TRUE
INC-202404-BRI-020-01,2024-04-10T19:12:00Z,Bristol,BRI-020,Rail,Signal Failure,Low-Med,2,36,4557,TRUE
INC-202404-BRI-001-02,2024-04-10T22:26:00Z,Bristol,BRI-001,Bus,Roadworks,Low-Med,2,43,2000,TRUE
INC-202404-MAN-021-01,2024-04-11T19:35:00Z,Manchester,MAN-021,Rail,Signal Failure,Low-Med,2,35,4495,TRUE
INC-202404-BRI-020-03,2024-04-11T19:42:00Z,Bristol,BRI-020,Rail,Rolling Stock,Medium,3,88,17004,TRUE
INC-202404-MAN-004-01,2024-04-13T07:02:00Z,Manchester,MAN-004,Bus,Roadworks,Medium,3,50,8201,TRUE
INC-202404-BRI-011-01,2024-04-13T11:56:00Z,Bristol,BRI-011,Bus,Vehicle Fault,Low-Med,2,50,3008,FALSE
INC-202404-LON-015-01,2024-04-13T19:49:00Z,London,LON-015,Rail,Rolling Stock,High,5,264,47824,TRUE
INC-202404-MAN-001-02,2024-04-14T05:56:00Z,Manchester,MAN-001,Bus,Congestion,Low-Med,2,43,5711,TRUE
INC-202404-MAN-004-04,2024-04-14T19:49:00Z,Manchester,MAN-004,Bus,Accident,MED-HIGH,4,94,4163,FALSE
INC-202404-LON-020-02,2024-04-15T04:08:00Z,London,LON-020,Bus,Accident,Low Med,2,72,8852,TRUE
INC-202404-BRI-004-03,2024-04-15T16:25:00Z,Bristol,BRI-004,Underground,Signal Failure,High,5,267,66617,TRUE
INC-202404-EDI-004-02,2024-04-15T17:33:00Z,Edinburgh,EDI-004,Bus,Accident,Medium,3,96,6390,TRUE
INC-202404-EDI-011-02,2024-04-15T21:00:00Z,Edinburgh,EDI-011,Bus,Congestion,Low,1,22,565,TRUE
INC-202404-BRI-001-01,2024-04-16T09:10:00Z,Bristol,BRI-001,Bus,Roadworks,Low,1,5,183,TRUE
INC-202404-LON-002-03,2024-04-16T15:47:00Z,London,LON-002,Bus,Congestion,Medium,3,100,8651,TRUE
INC-202404-BRI-020-02,2024-04-16T19:38:00Z,Bristol,BRI-020,Rail,Signal Failure,Low,1,15,1949,TRUE
INC-202404-BRI-021-01,2024-04-17T06:13:00Z,Bristol,BRI-021,Rail,Weather,Med-High,4,196,7878,TRUE
INC-202404-LON-016-02,2024-04-17T10:08:00Z,London,LON-016,Rail,Track Fault,Medium,3,94,11306,TRUE
INC-202404-EDI-012-01,2024-04-18T03:04:00Z,Edinburgh,EDI-012,Underground,Power Issue,Low-Med,2,53,26317,TRUE
INC-202404-MAN-014-01,2024-04-18T06:01:00Z,Manchester,MAN-014,BikeShare,Dock Full,Low-Med,2,49,989,TRUE
INC-202404-BRI-016-02,2024-04-18T06:15:00Z,Bristol,BRI-016,Rail,Signal Failure,High,5,203,24074,TRUE
INC-202404-LON-020-01,2024-04-18T07:18:00Z,London,LON-020,Bus,Congestion,Low,1,6,542,TRUE
INC-202404-MAN-017-01,2024-04-18T07:53:00Z,Manchester,MAN-017,Underground,Signal Failure,Med-High,4,171,41153,TRUE
INC-202404-EDI-021-01,2024-04-18T17:46:00Z,Edinburgh,EDI-021,Tram,Power Issue,Low-Med,2,36,968,TRUE
INC-202404-LON-009-01,2024-04-19T01:05:00Z,London,LON-009,Rail,Rolling Stock,Medium,3,74,12579,TRUE
INC-202404-MAN-011-03,2024-04-19T02:53:00Z,Manchester,MAN-011,Bus,Roadworks,Low,1,14,409,TRUE
INC-202404-MAN-022-02,2024-04-20T05:54:00Z,Manchester,MAN-022,Rail,Rolling Stock,Medium,3,111,28512,TRUE
INC-202404-LON-001-01,2024-04-20T08:13:00Z,London,LON-001,Bus,Roadworks,High,5,205,21265,FALSE
INC-202404-BRI-008-02,2024-04-20T10:47:00Z,Bristol,BRI-008,Rail,Rolling Stock,Medium,3,124,5675,TRUE
INC-202404-EDI-015-01,2024-04-20T14:22:00Z,Edinburgh,EDI-015,Bus,Congestion,Low,1,6,506,TRUE
INC-202404-MAN-011-04,2024-04-20T17:44:00Z,Manchester,MAN-011,Bus,Congestion,Low,1,5,276,TRUE
INC-202404-LON-022-04,2024-04-20T18:47:00Z,London,LON-022,Underground,Signal Failure,MED-HIGH,4,203,30869,TRUE
INC-202404-EDI-004-03,2024-04-20T22:02:00Z,Edinburgh,EDI-004,Bus,Roadworks,Low,1,21,2051,TRUE
INC-202404-MAN-011-02,2024-04-20T23:56:00Z,Manchester,MAN-011,Bus,Congestion,Low,1,21,994,TRUE
INC-202404-LON-016-01,2024-04-21T09:04:00Z,London,LON-016,Rail,Weather,Medium,3,80,10205,TRUE
INC-202404-LON-002-04,2024-04-21T16:06:00Z,London,LON-002,Bus,Congestion,Medium,3,105,12132,TRUE
INC-202404-LON-004-01,2024-04-21T16:29:00Z,London,LON-004,Tram,Obstruction,Medium,3,104,4373,TRUE
INC-202404-LON-018-03,2024-04-21T17:11:00Z,London,LON-018,Bus,Roadworks,Low-Med,2,38,5347,TRUE
INC-202404-LON-018-01,2024-04-22T05:12:00Z,London,LON-018,Bus,Roadworks,Low,1,5,298,TRUE
INC-202404-BRI-019-02,2024-04-22T05:50:00Z,Bristol,BRI-019,Rail,Weather,Medium,3,68,4154,TRUE
INC-202404-MAN-013-01,2024-04-22T13:49:00Z,Manchester,MAN-013,Underground,Passenger Incident,Medium,3,118,42875,TRUE
INC-202404-BRI-003-01,2024-04-22T15:11:00Z,Bristol,BRI-003,Rail,Signal Failure,Med-High,4,208,37316,TRUE
INC-202404-LON-019-01,2024-04-22T16:31:00Z,London,LON-019,Bus,Congestion,Low-Med,2,48,5872,FALSE
INC-202404-LON-002-02,2024-04-22T16:39:00Z,London,LON-002,Bus,Congestion,Low-Med,2,33,3595,TRUE
INC-202404-MAN-020-02,2024-04-22T18:29:00Z,Manchester,MAN-020,Bus,Staff Shortage,Low-Med,2,60,,TRUE
INC-202404-EDI-013-01,2024-04-22T20:49:00Z,Edinburgh,EDI-013,Rail,Signal Failure,Low,1,11,1217,TRUE
INC-202404-EDI-008-02,2024-04-23T02:28:00Z,Edinburgh,EDI-008,Bus,Roadworks,Low,1,21,1102,FALSE
INC-202404-MAN-022-01,2024-04-23T07:26:00Z,Manchester,MAN-022,Rail,Weather,Medium,3,114,15779,TRUE
INC-202404-MAN-008-01,2024-04-23T12:19:00Z,Manchester,MAN-008,Bus,Staff Shortage,Medium,3,79,11078,TRUE
INC-202404-EDI-012-02,2024-04-23T17:04:00Z,Edinburgh,EDI-012,Underground,Power Issue,Med-High,4,,30469,TRUE
INC-202404-EDI-020-01,2024-04-23T21:58:00Z,Edinburgh,EDI-020,Rail,Signal Failure,Med-High,4,168,7046,TRUE
INC-202404-MAN-009-01,2024-04-24T07:48:00Z,Manchester,MAN-009,Underground,Signal Failure,Medium,3,99,29447,TRUE
INC-202404-BRI-014-01,2024-04-24T14:51:00Z,Bristol,BRI-014,Bus,Congestion,Low,1,280,567,TRUE
INC-202404-EDI-011-01,2024-04-24T18:11:00Z,Edinburgh,EDI-011,Bus,Staff Shortage,Low-Med,2,37,3021,TRUE
INC-202404-LON-022-01,2024-04-25T05:25:00Z,london,LON-022,Underground,Signal Failure,Medium,3,73,48321,TRUE
INC-202404-LON-001-02,2024-04-25T05:56:00Z,London,LON-001,Bus,Roadworks,Med-High,4,129,10779,TRUE
INC-202404-MAN-019-02,2024-04-25T18:42:00Z,Manchester,MAN-019,Underground,Signal Failure,Low-Med,2,35,5197,TRUE
INC-202404-LON-014-01,2024-04-25T21:42:00Z,london,LON-014,Bus,Staff Shortage,Medium,3,56,5481,TRUE
INC-202404-BRI-012-01,2024-04-26T07:19:00Z,Bristol,BRI-012,BikeShare,Dock Empty,Low-Med,2,54,864,TRUE
INC-202404-EDI-006-01,2024-04-26T07:29:00Z,Edinburgh,EDI-006,Underground,Signal Failure,High,5,265,67862,TRUE
INC-202404-MAN-019-01,2024-04-26T08:12:00Z,Manchester,MAN-019,Underground,Power Issue,Medium,3,123,21150,TRUE
INC-202404-LON-005-03,2024-04-26T18:16:00Z,London,LON-005,Rail,Rolling Stock,Medium,3,119,18585,TRUE
INC-202404-EDI-017-03,2024-04-26T19:48:00Z,Edinburgh,EDI-017,Underground,Signal Failure,Medium,3,104,21798,TRUE
INC-202404-LON-005-01,2024-04-27T01:14:00Z,London,LON-005,Rail,Rolling Stock,Medium,3,56,8984,TRUE
INC-202404-LON-013-02,2024-04-27T16:28:00Z,London,LON-013,Underground,Signal Failure,High,5,208,104366,TRUE
INC-202404-EDI-004-01,2024-04-27T22:25:00Z,Edinburgh,EDI-004,Bus,Congestion,Low-Med,2,57,9502,TRUE
INC-202404-LON-022-03,2024-04-27T22:27:00Z,London,LON-022,Underground,Signal Failure,High,5,306,54871,TRUE
INC-202404-LON-022-02,2024-04-28T02:15:00Z,London,LON-022,Underground,Signal Failure,High,5,315,45826,TRUE
INC-202404-LON-018-02,2024-04-28T06:53:00Z,London,LON-018,Bus,Congestion,Low-Med,2,,4729,TRUE
INC-202404-EDI-010-01,2024-04-28T07:41:00Z,Edinburgh,EDI-010,Bus,Staff Shortage,Low,1,5,139,TRUE
INC-202404-MAN-020-01,2024-04-28T08:36:00Z,MAN,MAN-020,Bus,Congestion,Low-Med,2,33,1309,TRUE
INC-202404-MAN-020-01,2024-04-28T08:37:00Z,MAN,MAN-020,Bus,Congestion,Low-Med,2,33,1309,TRUE
INC-202404-MAN-011-01,2024-04-29T04:10:00Z,Manchester,MAN-011,Bus,Vehicle Fault,Low-Med,2,36,1013,TRUE
INC-202404-MAN-004-06,2024-04-29T06:08:00Z,Manchester,MAN-004,Bus,Vehicle Fault,Low-Med,2,63,,TRUE
INC-202404-EDI-005-01,2024-04-30T00:24:00Z,Edinburgh,EDI-005,Underground,Passenger Incident,Med-High,4,116,21922,TRUE
INC-202404-BRI-007-01,2024-04-30T00:38:00Z,Bristol,BRI-007,tram,Obstruction,Low,1,18,782,TRUE
INC-202404-BRI-016-03,2024-04-30T03:48:00Z,Bristol,BRI-016,Rail,Signal Failure,Low,1,29,2175,TRUE
INC-202404-EDI-010-02,2024-04-30T07:49:00Z,Edinburgh,EDI-010,Bus,Congestion,Low-Med,2,320,2252,TRUE
INC-202404-BRI-002-01,2024-04-30T12:44:00Z,Bristol,BRI-002,Bus,Vehicle Fault,Low-Med,2,33,3949,TRUE
INC-202404-MAN-004-03,2024-04-30T13:27:00Z,Manchester,MAN-004,Bus,Roadworks,Low-Med,2,58,,TRUE
INC-202404-LON-021-01,2024-04-30T14:27:00Z,London,LON-021,Bus,Roadworks,Low,1,12,616,TRUE
INC-202404-LON-014-04,2024-04-30T14:50:00Z,London,LON-014,Bus,Congestion,Med-High,4,169,21757,TRUE
INC-202404-MAN-001-01,2024-04-30T18:38:00Z,Manchester,MAN-001,Bus,Roadworks,Low-Med,2,53,3535,TRUE
INC-202404-EDI-008-01,2024-04-30T19:37:00Z,Edinburgh,EDI-008,Bus,Congestion,Low,1,16,930,TRUE
INC-202404-LON-021-02,2024-04-30T20:00:00Z,London,LON-021,Bus,Congestion,Low-Med,2,40,2163,FALSE
INC-202404-BRI-020-04,2024-04-30T23:19:00Z,Bristol,BRI-020,Rail,Signal Failure,Medium,3,99,10235,TRUE
INC-202405-EDI-019-01,2024-05-01T02:04:00Z,Edinburgh,EDI-019,Tram,Roadworks,Low,1,17,616,TRUE
INC-202405-BRI-018-03,2024-05-01T03:54:00Z,Bristol,BRI-018,Bus,,Low-Med,2,45,1871,TRUE
INC-202405-LON-015-03,2024-05-01T09:08:00Z,london,LON-015,Rail,Track Fault,High,5,317,48155,FALSE
INC-202405-BRI-021-01,2024-05-01T11:20:00Z,Bristol,BRI-021,Rail,Track Fault,Medium,3,97,9240,TRUE
INC-202405-LON-009-01,2024-05-01T16:45:00Z,London,LON-009,Rail,Signal Failure,High,5,260,27291,TRUE
INC-202405-EDI-015-03,2024-05-01T18:30:00Z,Edinburgh,EDI-015,Bus,Accident,Low-Med,2,36,2797,TRUE
INC-202405-LON-012-01,2024-05-01T20:14:00Z,London,LON-012,Bus,Vehicle Fault,Low-Med,2,46,7048,TRUE
INC-202405-LON-022-01,2024-05-02T11:49:00Z,London,LON-022,Underground,Signal Failure,Medium,3,92,27511,TRUE
INC-202405-BRI-005-02,2024-05-02T17:40:00Z,Bristol,BRI-005,Bus,Staff Shortage,Low,1,23,1057,TRUE
INC-202405-LON-020-01,2024-05-02T19:45:00Z,LDN,LON-020,Bus,Congestion,Medium,3,77,7699,TRUE
INC-202405-EDI-013-02,2024-05-02T20:18:00Z,Edinburgh,EDI-013,Rail,Rolling Stock,Low-Med,2,44,1898,TRUE
INC-202405-LON-016-01,2024-05-03T17:01:00Z,London,LON-016,Rail,Rolling Stock,Medium,3,104,22863,TRUE
INC-202405-MAN-022-01,2024-05-04T07:48:00Z,Manchester,MAN-022,Rail,Rolling Stock,Medium,3,84,6100,TRUE
INC-202405-MAN-006-02,2024-05-04T08:51:00Z,Manchester,MAN-006,Tram,Obstruction,Low-Med,2,41,1420,TRUE
INC-202405-EDI-013-01,2024-05-04T10:24:00Z,Edinburgh,EDI-013,Rail,Rolling Stock,Low,1,11,683,TRUE
INC-202405-LON-016-03,2024-05-05T00:44:00Z,london,LON-016,Rail,Weather,High,5,273,45854,TRUE
INC-202405-MAN-016-01,2024-05-05T07:42:00Z,Manchester,MAN-016,Bus,Roadworks,Low-Med,2,45,3581,FALSE
INC-202405-MAN-009-01,2024-05-05T22:23:00Z,Manchester,MAN-009,Underground,Signal Failure,High,5,159,48684,TRUE
INC-202405-EDI-005-01,2024-05-06T00:22:00Z,Edinburgh,EDI-005,Underground,Signal Failure,Med-High,4,160,26808,TRUE
INC-202405-EDI-003-01,2024-05-06T05:59:00Z,Edinburgh,EDI-003,Bus,Roadworks,Low,1,13,862,TRUE
INC-202405-LON-018-03,2024-05-06T06:47:00Z,London,LON-018,Bus,Congestion,Med-High,4,104,83616,TRUE
INC-202405-MAN-019-01,2024-05-06T17:04:00Z,Manchester,MAN-019,Underground,Station Closure,Medium,3,104,19677,TRUE
INC-202405-LON-018-02,2024-05-06T17:25:00Z,London,LON-018,Bus,Staff Shortage,Low-Med,2,50,3763,TRUE
INC-202405-LON-004-03,2024-05-07T06:03:00Z,London,LON-004,Tram,Power Issue,Low-Med,2,310,1505,TRUE
INC-202405-LON-012-02,2024-05-07T15:09:00Z,London,LON-012,Bus,Roadworks,Low-Med,2,20,1440,TRUE
INC-202405-MAN-022-03,2024-05-07T17:49:00Z,Manchester,MAN-022,Rail,Rolling Stock,Medium,3,83,9899,TRUE
INC-202405-MAN-017-02,2024-05-07T20:40:00Z,Manchester,MAN-017,Underground,Passenger Incident,Med-High,4,118,23024,TRUE
INC-202405-LON-017-03,2024-05-07T21:07:00Z,London,LON-017,Bus,Vehicle Fault,Low-Med,2,61,4879,FALSE
INC-202405-EDI-006-01,2024-05-08T03:13:00Z,Edinburgh,EDI-006,Underground,Signal Failure,Med-High,4,110,22735,TRUE
INC-202405-MAN-022-02,2024-05-08T07:00:00Z,Manchester,MAN-022,Rail,Signal Failure,High,5,256,41569,TRUE
INC-202405-LON-007-01,2024-05-09T02:07:00Z,London,LON-007,Tram,Roadworks,Low,1,5,416,TRUE
INC-202405-LON-013-01,2024-05-09T13:17:00Z,London,LON-013,underground,Signal Failure,Medium,3,57,22313,FALSE
INC-202405-MAN-009-02,2024-05-09T17:38:00Z,Manchester,MAN-009,Underground,Station Closure,MED-HIGH,4,156,,TRUE
INC-202405-EDI-002-01,2024-05-09T17:47:00Z,Edinburgh,EDI-002,Bus,Congestion,Low,1,25,1473,FALSE
INC-202405-LON-011-01,2024-05-10T07:00:00Z,London,LON-011,Tram,Vehicle Fault,Low,1,17,1242,TRUE
INC-202405-BRI-005-01,2024-05-10T09:16:00Z,Bristol,BRI-005,Bus,Accident,Low-Med,2,40,1616,TRUE
INC-202405-BRI-020-01,2024-05-10T09:29:00Z,Bristol,BRI-020,Rail,Signal Failure,Med-High,4,100,15094,TRUE
INC-202405-LON-017-04,2024-05-10T10:50:00Z,London,LON-017,Bus,Staff Shortage,Medium,3,103,10004,TRUE
INC-202405-BRI-018-04,2024-05-11T01:02:00Z,Bristol,BRI-018,Bus,Staff Shortage,Low-Med,2,50,6152,FALSE
INC-202405-BRI-008-01,2024-05-12T05:02:00Z,Bristol,BRI-008,Rail,Signal Failure,Medium,3,94,21506,TRUE
INC-202405-LON-017-01,2024-05-12T05:07:00Z,London,LON-017,Bus,Accident,Low-Med,2,46,3445,FALSE
INC-202405-LON-001-01,2024-05-13T01:37:00Z,London,LON-001,Bus,Vehicle Fault,Low-Med,2,36,1673,TRUE
INC-202405-LON-008-01,2024-05-13T05:46:00Z,London,LON-008,Bus,Roadworks,Med-High,4,99,8478,TRUE
INC-202405-LON-021-02,2024-05-14T01:23:00Z,London,LON-021,Bus,Vehicle Fault,Low,1,12,1133,TRUE
INC-202405-EDI-010-01,2024-05-14T05:08:00Z,Edinburgh,EDI-010,Bus,Roadworks,Low,1,19,1412,TRUE
INC-202405-EDI-002-02,2024-05-14T09:17:00Z,Edinburgh,EDI-002,Bus,Accident,Low,1,8,309,TRUE
INC-202405-EDI-018-01,2024-05-14T11:10:00Z,Edinburgh,EDI-018,Rail,Signal Failure,Medium,3,,4389,TRUE
INC-202405-LON-021-01,2024-05-14T13:14:00Z,LDN,LON-021,Bus,Staff Shortage,Medium,3,56,4060,TRUE
INC-202405-EDI-014-01,2024-05-14T20:31:00Z,Edinburgh,EDI-014,Underground,Power Issue,Medium,3,72,12796,TRUE
INC-202405-LON-021-03,2024-05-15T05:00:00Z,London,LON-021,Bus,Accident,Medium,3,109,13269,TRUE
INC-202405-MAN-004-01,2024-05-15T07:09:00Z,Manchester,MAN-004,Bus,Roadworks,Medium,3,86,6989,TRUE
INC-202405-BRI-018-01,2024-05-15T07:58:00Z,Bristol,BRI-018,Bus,Roadworks,Medium,3,78,3165,TRUE
INC-202405-LON-015-04,2024-05-15T16:59:00Z,London,LON-015,Rail,Weather,Med-High,4,171,36704,TRUE
INC-202405-LON-016-02,2024-05-16T11:27:00Z,London,LON-016,Rail,Weather,Med-High,4,185,46070,TRUE
INC-202405-LON-016-02,2024-05-16T11:31:00Z,London,LON-016,Rail,Weather,Med-High,4,185,46070,TRUE
INC-202405-LON-006-01,2024-05-17T02:21:00Z,London,LON-006,BikeShare,Dock Empty,Low-Med,2,34,435,TRUE
INC-202405-EDI-004-01,2024-05-17T18:19:00Z,Edinburgh,EDI-004,Bus,Accident,Low-Med,2,32,2970,TRUE
INC-202405-EDI-008-02,2024-05-18T02:12:00Z,Edinburgh,EDI-008,Bus,Staff Shortage,Low,1,13,577,TRUE
INC-202405-EDI-016-01,2024-05-18T08:01:00Z,Edinburgh,EDI-016,BikeShare,Dock Full,Low,1,19,247,FALSE
INC-202405-BRI-018-05,2024-05-18T18:30:00Z,Bristol,BRI-018,Bus,Staff Shortage,Medium,3,55,3044,TRUE
INC-202405-LON-002-02,2024-05-19T09:05:00Z,London,LON-002,bus,Congestion,Medium,3,85,9173,TRUE
INC-202405-LON-013-02,2024-05-19T16:24:00Z,London,LON-013,Underground,Signal Failure,MEDIUM,3,94,,TRUE
INC-202405-EDI-008-01,2024-05-19T17:37:00Z,Edinburgh,EDI-008,Bus,Roadworks,Low-Med,2,16,839,TRUE
INC-202405-EDI-009-02,2024-05-19T21:15:00Z,Edinburgh,EDI-009,Bus,Roadworks,Low-Med,2,880,4953,TRUE
INC-202405-BRI-004-01,2024-05-20T01:00:00Z,Bristol,BRI-004,Underground,Signal Failure,Medium,3,116,23955,TRUE
INC-202405-MAN-013-01,2024-05-20T05:49:00Z,Manchester,MAN-013,Underground,Power Issue,Low-Med,2,58,9348,TRUE
INC-202405-MAN-006-03,2024-05-20T09:20:00Z,Manchester,MAN-006,Tram,Vehicle Fault,Low,1,8,313,TRUE
INC-202405-BRI-021-03,2024-05-20T12:28:00Z,Bristol,BRI-021,Rail,Rolling Stock,Medium,3,61,12639,TRUE
INC-202405-BRI-016-01,2024-05-20T15:56:00Z,Bristol,BRI-016,Rail,Signal Failure,Medium,3,84,5666,TRUE
INC-202405-BRI-019-01,2024-05-21T06:21:00Z,Bristol,BRI-019,Rail,Signal Failure,Medium,3,121,15208,TRUE
INC-202405-EDI-016-02,2024-05-21T08:22:00Z,Edinburgh,EDI-016,BikeShare,Dock Full,Low,1,11,62,TRUE
INC-202405-BRI-021-02,2024-05-21T12:14:00Z,Bristol,BRI-021,Rail,Rolling Stock,Medium,3,69,7270,FALSE
INC-202405-LON-017-02,2024-05-21T18:03:00Z,London,LON-017,Bus,Vehicle Fault,Low-Med,2,55,10242,TRUE
INC-202405-EDI-015-01,2024-05-21T18:17:00Z,Edinburgh,EDI-015,Bus,Congestion,Low-Med,2,28,2185,TRUE
INC-202405-BRI-011-01,2024-05-21T20:37:00Z,Bristol,BRI-011,Bus,Vehicle Fault,Low-Med,2,33,1427,TRUE
INC-202405-EDI-009-03,2024-05-22T12:55:00Z,Edinburgh,EDI-009,Bus,Accident,Low-Med,2,47,3017,TRUE
INC-202405-LON-015-01,2024-05-23T07:17:00Z,London,LON-015,Rail,Signal Failure,Medium,3,87,21900,TRUE
INC-202405-EDI-001-01,2024-05-23T07:19:00Z,Edinburgh,EDI-001,underground,Station Closure,Low-Med,2,56,46864,TRUE
INC-202405-LON-015-02,2024-05-23T08:43:00Z,London,LON-015,Rail,Signal Failure,Med-High,4,156,257672,TRUE
INC-202405-LON-019-01,2024-05-23T16:28:00Z,London,LON-019,Bus,Congestion,Medium,3,82,5352,TRUE
INC-202405-MAN-022-04,2024-05-24T02:04:00Z,Manchester,MAN-022,Rail,Track Fault,Medium,3,123,14563,TRUE
INC-202405-LON-012-03,2024-05-24T08:56:00Z,London,LON-012,Bus,Roadworks,Med-High,4,103,11002,TRUE
INC-202405-EDI-011-01,2024-05-24T16:22:00Z,Edinburgh,EDI-011,Bus,Congestion,Medium,3,65,5588,TRUE
INC-202405-BRI-017-01,2024-05-24T16:54:00Z,Bristol,BRI-017,Bus,Congestion,Low-Med,2,40,2161,TRUE
INC-202405-EDI-003-02,2024-05-25T18:09:00Z,Edinburgh,EDI-003,Bus,Congestion,Low,1,140,252,TRUE
INC-202405-MAN-008-01,2024-05-25T19:15:00Z,Manchester,MAN-008,Bus,Accident,Low-Med,2,34,,FALSE
INC-202405-LON-007-02,2024-05-25T20:01:00Z,London,LON-007,Tram,Roadworks,Low-Med,2,32,1319,TRUE
INC-202405-MAN-017-01,2024-05-26T07:21:00Z,Manchester,MAN-017,Underground,Power Issue,Medium,3,66,9729,FALSE
INC-202405-EDI-017-01,2024-05-26T10:14:00Z,Edinburgh,EDI-017,Underground,Station Closure,High,5,160,28092,TRUE
INC-202405-EDI-003-03,2024-05-26T17:15:00Z,Edinburgh,EDI-003,Bus,Accident,Low-Med,2,37,2384,TRUE
INC-202405-LON-004-01,2024-05-26T18:08:00Z,london,LON-004,Tram,Roadworks,Low-Med,2,35,1441,TRUE
INC-202405-EDI-002-03,2024-05-26T20:56:00Z,Edinburgh,EDI-002,Bus,Roadworks,Low Med,2,66,6081,TRUE
INC-202405-EDI-009-01,2024-05-27T19:18:00Z,Edinburgh,EDI-009,Bus,Roadworks,Low,1,5,638,FALSE
INC-202405-BRI-022-01,2024-05-27T21:12:00Z,Bristol,BRI-022,Underground,Station Closure,Med-High,4,135,19655,TRUE
INC-202405-MAN-006-01,2024-05-28T04:31:00Z,Manchester,MAN-006,Tram,Power Issue,Low-Med,2,33,1386,TRUE
INC-202405-LON-018-01,2024-05-28T09:46:00Z,London,LON-018,Bus,Staff Shortage,High,5,154,16130,TRUE
INC-202405-LON-022-02,2024-05-28T18:31:00Z,London,LON-022,Underground,Signal Failure,Medium,3,88,21839,TRUE
INC-202405-EDI-022-01,2024-05-28T22:05:00Z,Edinburgh,EDI-022,BikeShare,Dock Full,Low,1,17,103,FALSE
INC-202405-BRI-018-02,2024-05-29T01:55:00Z,Bristol,BRI-018,Bus,Congestion,Med-High,4,211,11660,TRUE
INC-202405-EDI-001-02,2024-05-29T06:20:00Z,Edinburgh,EDI-001,underground,Passenger Incident,Low,1,29,4787,TRUE
INC-202405-LON-002-01,2024-05-29T11:27:00Z,London,LON-002,Bus,Staff Shortage,Medium,3,71,18145,TRUE
INC-202405-LON-017-05,2024-05-29T22:23:00Z,London,LON-017,Bus,Staff Shortage,Medium,3,106,13346,TRUE
INC-202405-MAN-012-01,2024-05-29T22:47:00Z,Manchester,MAN-012,Rail,Signal Failure,Medium,3,117,16866,TRUE
INC-202405-BRI-020-02,2024-05-30T13:33:00Z,Bristol,BRI-020,Rail,Rolling Stock,Medium,3,78,16020,TRUE
INC-202405-MAN-010-01,2024-05-31T07:39:00Z,Manchester,MAN-010,Rail,Rolling Stock,Medium,3,70,23200,TRUE
INC-202405-EDI-015-02,2024-05-31T13:51:00Z,Edinburgh,EDI-015,Bus,Staff Shortage,Low-Med,2,35,1831,TRUE
INC-202405-LON-004-02,2024-05-31T17:41:00Z,London,LON-004,Tram,Roadworks,Low-Med,2,48,5389,TRUE
INC-202405-BRI-011-02,2024-05-31T23:33:00Z,Bristol,BRI-011,Bus,Congestion,Low-Med,2,23,863,TRUE
INC-202406-MAN-001-01,2024-06-01T01:45:00Z,Manchester,MAN-001,Bus,Roadworks,Low,1,6,200,TRUE
INC-202406-EDI-020-01,2024-06-02T06:47:00Z,Edinburgh,EDI-020,Rail,Track Fault,Low,1,15,1273,TRUE
INC-202406-LON-020-01,2024-06-02T16:16:00Z,London,LON-020,Bus,Congestion,Medium,3,115,8033,FALSE
INC-202406-MAN-006-01,2024-06-02T23:11:00Z,Manchester,MAN-006,Tram,Roadworks,Low,1,20,695,TRUE
INC-202406-BRI-014-01,2024-06-03T19:01:00Z,Bristol,BRI-014,Bus,Accident,Med-High,4,91,6677,TRUE
INC-202406-EDI-022-01,2024-06-04T00:31:00Z,Edinburgh,EDI-022,BikeShare,Bike Fault,Low,1,16,77,TRUE
INC-202406-BRI-009-01,2024-06-04T22:33:00Z,bristol,BRI-009,Tram,Power Issue,Low,1,9,183,TRUE
INC-202406-MAN-015-02,2024-06-05T07:20:00Z,Manchester,MAN-015,Bus,Roadworks,Low,1,20,3317,TRUE
INC-202406-MAN-015-02,2024-06-05T07:23:00Z,Manchester,MAN-015,Bus,Roadworks,Low,1,20,3317,TRUE
INC-202406-MAN-015-01,2024-06-05T08:02:00Z,Manchester,MAN-015,Bus,Congestion,Low-Med,2,39,1947,TRUE
INC-202406-EDI-010-01,2024-06-05T17:24:00Z,Edinburgh,EDI-010,Bus,Roadworks,Low,1,5,144,FALSE
INC-202406-EDI-012-01,2024-06-06T08:56:00Z,Edinburgh,EDI-012,Underground,Signal Failure,Low-Med,2,28,7150,TRUE
INC-202406-LON-002-03,2024-06-06T16:40:00Z,LDN,LON-002,Bus,Vehicle Fault,Low-Med,2,73,6767,TRUE
INC-202406-LON-015-01,2024-06-07T07:25:00Z,London,LON-015,Rail,Track Fault,High,5,309,107114,TRUE
INC-202406-LON-021-05,2024-06-07T07:25:00Z,London,LON-021,Bus,Vehicle Fault,Medium,3,83,14457,TRUE
INC-202406-LON-010-01,2024-06-08T08:31:00Z,London,LON-010,BikeShare,Vandalism,Low,1,,624,TRUE
INC-202406-EDI-005-01,2024-06-08T11:51:00Z,Edinburgh,EDI-005,Underground,Passenger Incident,High,5,258,80524,TRUE
INC-202406-LON-009-01,2024-06-08T20:44:00Z,London,LON-009,Rail,Signal Failure,Medium,3,102,14149,TRUE
INC-202406-BRI-017-01,2024-06-09T17:38:00Z,Bristol,BRI-017,Bus,Roadworks,Low-Med,2,15,752,TRUE
INC-202406-MAN-004-01,2024-06-09T21:14:00Z,Manchester,MAN-004,Bus,Congestion,Low-Med,2,17,1249,FALSE
INC-202406-EDI-018-02,2024-06-10T18:03:00Z,Edinburgh,EDI-018,Rail,Rolling Stock,Med-High,4,134,21320,FALSE
INC-202406-EDI-009-01,2024-06-10T19:52:00Z,Edinburgh,EDI-009,Bus,Congestion,Low,1,17,525,TRUE
INC-202406-MAN-019-01,2024-06-10T21:07:00Z,Manchester,MAN-019,Underground,Signal Failure,Medium,3,100,32861,TRUE
INC-202406-BRI-002-01,2024-06-11T02:19:00Z,Bristol,BRI-002,Bus,Vehicle Fault,Low,1,20,2643,FALSE
INC-202406-BRI-013-02,2024-06-11T21:55:00Z,Bristol,BRI-013,Bus,Staff Shortage,Low-Med,2,50,5183,TRUE
INC-202406-BRI-018-02,2024-06-12T07:23:00Z,Bristol,BRI-018,Bus,Vehicle Fault,Low-Med,2,35,2234,TRUE
INC-202406-EDI-017-02,2024-06-12T23:34:00Z,Edinburgh,EDI-017,Underground,Power Issue,Med-High,4,104,30190,TRUE
INC-202406-MAN-008-02,2024-06-13T07:25:00Z,Manchester,MAN-008,Bus,Accident,Low-Med,2,45,2229,TRUE
INC-202406-BRI-013-01,2024-06-13T18:35:00Z,Bristol,BRI-013,Bus,Staff Shortage,Low-Med,2,,2737,TRUE
INC-202406-MAN-004-03,2024-06-14T12:10:00Z,Manchester,MAN-004,Bus,Congestion,Low,1,12,926,TRUE
INC-202406-MAN-022-01,2024-06-14T13:17:00Z,Manchester,MAN-022,Rail,Weather,Low-Med,2,58,6503,TRUE
INC-202406-MAN-001-02,2024-06-15T07:18:00Z,Manchester,MAN-001,Bus,Vehicle Fault,Low,1,15,753,TRUE
INC-202406-BRI-005-01,2024-06-15T08:53:00Z,Bristol,BRI-005,Bus,Vehicle Fault,Low,1,11,878,TRUE
INC-202406-BRI-016-01,2024-06-15T23:36:00Z,Bristol,BRI-016,Rail,Track Fault,Medium,3,69,4536,TRUE
INC-202406-LON-004-01,2024-06-16T04:01:00Z,London,LON-004,Tram,Power Issue,High,5,263,27911,TRUE
INC-202406-MAN-017-02,2024-06-16T05:32:00Z,Manchester,MAN-017,Underground,Station Closure,Med-High,4,125,29368,TRUE
INC-202406-BRI-019-01,2024-06-16T12:14:00Z,Bristol,BRI-019,Rail,Signal Failure,Med-High,4,166,13510,FALSE
INC-202406-LON-013-01,2024-06-16T12:38:00Z,london,LON-013,Underground,Power Issue,Medium,3,110,48838,TRUE
INC-202406-LON-019-01,2024-06-16T13:45:00Z,London,LON-019,Bus,Congestion,Med-High,4,199,13562,TRUE
INC-202406-BRI-014-02,2024-06-17T00:21:00Z,Bristol,BRI-014,Bus,Congestion,Medium,3,80,9543,TRUE
INC-202406-LON-022-01,2024-06-17T01:28:00Z,LDN,LON-022,Underground,Station Closure,High,5,207,61977,TRUE
INC-202406-BRI-018-01,2024-06-17T05:14:00Z,Bristol,BRI-018,Bus,Roadworks,Low Med,2,65,3412,TRUE
INC-202406-MAN-008-05,2024-06-17T06:30:00Z,Manchester,MAN-008,Bus,Roadworks,Low-Med,2,51,4062,FALSE
INC-202406-BRI-017-03,2024-06-17T13:46:00Z,Bristol,BRI-017,Bus,Vehicle Fault,Low-Med,2,37,,TRUE
INC-202406-LON-021-01,2024-06-18T13:32:00Z,London,LON-021,Bus,Roadworks,Medium,3,65,71672,TRUE
INC-202406-LON-002-04,2024-06-18T17:34:00Z,London,LON-002,bus,Roadworks,Med-High,4,95,5540,TRUE
INC-202406-MAN-012-01,2024-06-18T21:37:00Z,Manchester,MAN-012,rail,Signal Failure,Med-High,4,192,30930,TRUE
INC-202406-MAN-009-01,2024-06-19T19:07:00Z,Manchester,MAN-009,Underground,Signal Failure,Medium,3,58,8850,TRUE
INC-202406-LON-011-02,2024-06-20T03:12:00Z,London,LON-011,Tram,Vehicle Fault,Low-Med,2,37,2036,TRUE
INC-202406-MAN-008-01,2024-06-20T05:56:00Z,Manchester,MAN-008,Bus,Congestion,Med-High,4,105,6624,TRUE
INC-202406-EDI-017-01,2024-06-20T06:46:00Z,Edinburgh,EDI-017,Underground,Signal Failure,Med-High,4,136,33248,TRUE
INC-202406-EDI-015-01,2024-06-20T07:51:00Z,Edinburgh,EDI-015,Bus,Roadworks,Low,1,5,350,TRUE
INC-202406-BRI-022-02,2024-06-20T08:24:00Z,Bristol,BRI-022,Underground,Signal Failure,Medium,3,85,70310,TRUE
INC-202406-LON-017-01,2024-06-20T08:33:00Z,London,LON-017,Bus,Staff Shortage,Low-Med,2,43,2702,TRUE
INC-202406-BRI-006-01,2024-06-20T10:52:00Z,Bristol,BRI-006,Bus,Vehicle Fault,Low,1,5,298,TRUE
INC-202406-LON-012-01,2024-06-20T20:34:00Z,London,LON-012,Bus,Vehicle Fault,Medium,3,116,10140,TRUE
INC-202406-EDI-001-01,2024-06-21T07:18:00Z,Edinburgh,EDI-001,Underground,Signal Failure,Med-High,4,143,40612,TRUE
INC-202406-LON-021-03,2024-06-21T10:30:00Z,London,LON-021,Bus,Staff Shortage,Low-Med,2,50,3618,TRUE
INC-202406-MAN-008-04,2024-06-21T15:33:00Z,Manchester,MAN-008,Bus,Roadworks,Medium,3,75,6894,TRUE
INC-202406-LON-012-02,2024-06-21T18:23:00Z,london,LON-012,Bus,Congestion,Medium,3,55,5594,TRUE
INC-202406-MAN-017-01,2024-06-22T01:58:00Z,Manchester,MAN-017,Underground,Power Issue,Medium,3,72,9134,TRUE
INC-202406-MAN-008-03,2024-06-22T06:30:00Z,Manchester,MAN-008,Bus,Accident,Low-Med,2,24,2845,TRUE
INC-202406-MAN-012-02,2024-06-22T17:32:00Z,Manchester,MAN-012,Rail,Rolling Stock,Low-Med,2,53,5085,TRUE
INC-202406-LON-021-02,2024-06-22T23:43:00Z,London,LON-021,Bus,Roadworks,Medium,3,51,5025,TRUE
INC-202406-LON-001-01,2024-06-23T07:38:00Z,London,LON-001,Bus,Congestion,Low-Med,2,29,1583,TRUE
INC-202406-LON-002-02,2024-06-23T08:27:00Z,LDN,LON-002,Bus,Roadworks,Med-High,4,130,8952,TRUE
INC-202406-EDI-004-03,2024-06-23T22:07:00Z,Edinburgh,EDI-004,Bus,Roadworks,Low-Med,2,67,5283,TRUE
INC-202406-EDI-018-03,2024-06-24T01:20:00Z,Edinburgh,EDI-018,Rail,Rolling Stock,Med-High,4,217,15217,TRUE
INC-202406-MAN-004-02,2024-06-24T11:20:00Z,Manchester,MAN-004,Bus,Congestion,Medium,3,64,4370,TRUE
INC-202406-LON-017-02,2024-06-24T20:04:00Z,London,LON-017,Bus,Vehicle Fault,Med-High,4,131,8783,TRUE
INC-202406-EDI-020-02,2024-06-25T04:53:00Z,Edinburgh,EDI-020,Rail,Signal Failure,Medium,3,45,1551,TRUE
INC-202406-MAN-006-02,2024-06-25T17:47:00Z,Manchester,MAN-006,Tram,Obstruction,Low,1,17,833,TRUE
INC-202406-LON-002-01,2024-06-26T07:47:00Z,London,LON-002,bus,Roadworks,Med-High,4,132,12471,TRUE
INC-202406-EDI-004-02,2024-06-26T14:07:00Z,Edinburgh,EDI-004,Bus,Congestion,Medium,3,112,6958,TRUE
INC-202406-MAN-021-01,2024-06-26T16:50:00Z,Manchester,MAN-021,Rail,Track Fault,Med-High,4,220,21504,TRUE
INC-202406-BRI-020-01,2024-06-26T19:35:00Z,Bristol,BRI-020,Rail,Rolling Stock,Medium,3,100,10179,TRUE
INC-202406-EDI-010-02,2024-06-26T23:09:00Z,Edinburgh,EDI-010,Bus,Roadworks,Low-Med,2,30,2352,TRUE
INC-202406-BRI-004-01,2024-06-27T13:07:00Z,Bristol,BRI-004,Underground,Station Closure,Medium,3,96,29722,TRUE
INC-202406-EDI-004-01,2024-06-27T13:13:00Z,Edinburgh,EDI-004,Bus,Congestion,Low-Med,2,37,3051,TRUE
INC-202406-LON-003-01,2024-06-28T07:33:00Z,London,LON-003,bus,Staff Shortage,Med-High,4,207,12176,TRUE
INC-202406-LON-011-01,2024-06-28T09:15:00Z,London,LON-011,Tram,Roadworks,LOW,1,20,1408,TRUE
INC-202406-MAN-021-02,2024-06-28T17:00:00Z,Manchester,MAN-021,Rail,Signal Failure,Medium,3,87,8046,TRUE
INC-202406-EDI-010-03,2024-06-28T19:09:00Z,EDI,EDI-010,Bus,Congestion,Low-Med,2,47,4809,TRUE
INC-202406-BRI-003-01,2024-06-28T20:34:00Z,Bristol,BRI-003,Rail,Signal Failure,Medium,3,122,14376,TRUE
INC-202406-LON-021-04,2024-06-28T22:06:00Z,London,LON-021,Bus,Vehicle Fault,Med-High,4,167,14807,TRUE
INC-202406-BRI-022-01,2024-06-28T22:20:00Z,Bristol,BRI-022,Underground,Passenger Incident,Med-High,4,146,35862,TRUE
INC-202406-BRI-011-01,2024-06-29T21:12:00Z,Bristol,BRI-011,Bus,Congestion,Low-Med,2,36,2339,TRUE
INC-202406-BRI-017-02,2024-06-30T00:41:00Z,Bristol,BRI-017,Bus,Roadworks,Low,1,8,495,FALSE
INC-202406-MAN-006-03,2024-06-30T15:03:00Z,Manchester,MAN-006,Tram,Power Issue,Low,1,,285,TRUE
INC-202406-EDI-020-03,2024-06-30T17:15:00Z,Edinburgh,EDI-020,rail,Track Fault,Low-Med,2,29,1915,TRUE
INC-202406-MAN-018-01,2024-06-30T17:37:00Z,Manchester,MAN-018,BikeShare,Bike Fault,Low,1,9,270,TRUE
INC-202406-MAN-016-01,2024-06-30T18:47:00Z,Manchester,MAN-016,Bus,Roadworks,Low,1,11,711,TRUE
INC-202406-MAN-020-01,2024-06-30T19:55:00Z,Manchester,MAN-020,Bus,Vehicle Fault,Low-Med,2,59,7481,TRUE
INC-202406-EDI-018-01,2024-06-30T20:36:00Z,Edinburgh,EDI-018,Rail,Signal Failure,Med-High,4,107,13996,TRUE
INC-202406-LON-002-05,2024-06-30T20:51:00Z,London,LON-002,Bus,Roadworks,Med-High,4,198,21581,TRUE
INC-202407-LON-001-01,2024-07-01T09:24:00Z,London,LON-001,Bus,Vehicle Fault,Low-Med,2,35,2485,TRUE
INC-202407-LON-012-01,2024-07-01T20:42:00Z,London,LON-012,Bus,Roadworks,Low Med,2,47,2529,TRUE
INC-202407-EDI-006-02,2024-07-02T00:06:00Z,Edinburgh,EDI-006,Underground,Station Closure,High,5,155,38761,TRUE
INC-202407-EDI-018-01,2024-07-02T06:43:00Z,Edinburgh,EDI-018,Rail,Rolling Stock,Low-Med,2,23,3740,TRUE
INC-202407-LON-009-01,2024-07-02T07:00:00Z,London,LON-009,Rail,Rolling Stock,Med-High,4,106,15172,TRUE
INC-202407-LON-008-01,2024-07-02T08:10:00Z,London,LON-008,Bus,Roadworks,Medium,3,89,7126,TRUE
INC-202407-BRI-013-01,2024-07-02T12:46:00Z,Bristol,BRI-013,bus,Staff Shortage,Low,1,26,696,TRUE
INC-202407-MAN-008-03,2024-07-03T13:11:00Z,Manchester,MAN-008,Bus,Vehicle Fault,Low-Med,2,41,3163,TRUE
INC-202407-LON-008-03,2024-07-04T06:32:00Z,London,LON-008,Bus,Accident,Low-Med,2,27,1402,TRUE
INC-202407-LON-002-05,2024-07-04T13:21:00Z,London,LON-002,Bus,Vehicle Fault,Med-High,4,136,13926,TRUE
INC-202407-MAN-007-01,2024-07-04T14:52:00Z,Manchester,MAN-007,Tram,Power Issue,Low-Med,2,50,2068,TRUE
INC-202407-BRI-022-02,2024-07-04T19:01:00Z,Bristol,BRI-022,Underground,Passenger Incident,Med-High,4,197,77974,TRUE
INC-202407-MAN-010-02,2024-07-05T01:25:00Z,Manchester,MAN-010,Rail,Signal Failure,Medium,3,76,11889,TRUE
INC-202407-LON-001-02,2024-07-05T05:50:00Z,London,LON-001,Bus,Roadworks,Medium,3,53,5596,TRUE
INC-202407-MAN-008-04,2024-07-05T09:18:00Z,Manchester,MAN-008,Bus,Vehicle Fault,Medium,3,74,6349,TRUE
INC-202407-MAN-016-02,2024-07-05T10:06:00Z,Manchester,MAN-016,Bus,Vehicle Fault,Low,1,16,1084,TRUE
INC-202407-LON-006-01,2024-07-05T12:46:00Z,London,LON-006,BikeShare,Dock Empty,Low-Med,2,35,720,TRUE
INC-202407-BRI-002-01,2024-07-06T17:26:00Z,Bristol,BRI-002,Bus,,Medium,3,100,5084,TRUE
INC-202407-EDI-013-02,2024-07-06T17:41:00Z,Edinburgh,EDI-013,Rail,Weather,Low-Med,2,47,3519,FALSE
INC-202407-EDI-010-01,2024-07-07T03:43:00Z,Edinburgh,EDI-010,Bus,Staff Shortage,Low-Med,2,45,2201,TRUE
INC-202407-LON-021-01,2024-07-07T07:24:00Z,London,LON-021,Bus,Roadworks,Low-Med,2,42,3182,TRUE
INC-202407-EDI-005-01,2024-07-07T19:10:00Z,Edinburgh,EDI-005,Underground,Signal Failure,Med-High,4,196,44061,TRUE
INC-202407-MAN-004-02,2024-07-07T22:59:00Z,Manchester,MAN-004,Bus,Roadworks,Med-High,4,116,8166,FALSE
INC-202407-MAN-007-02,2024-07-08T00:49:00Z,Manchester,MAN-007,Tram,Obstruction,Low-Med,2,47,,TRUE
INC-202407-LON-004-01,2024-07-08T06:10:00Z,London,LON-004,tram,Obstruction,Med-High,4,141,12489,TRUE
INC-202407-MAN-002-01,2024-07-08T10:01:00Z,Manchester,MAN-002,Tram,Vehicle Fault,Low,1,17,673,TRUE
INC-202407-EDI-002-01,2024-07-08T18:08:00Z,Edinburgh,EDI-002,Bus,Roadworks,Low,1,24,1430,TRUE
INC-202407-LON-016-02,2024-07-08T22:37:00Z,London,LON-016,Rail,Signal Failure,High,5,202,26416,TRUE
INC-202407-LON-001-03,2024-07-09T05:46:00Z,London,LON-001,Bus,Accident,Med-High,4,156,10065,TRUE
INC-202407-MAN-013-02,2024-07-09T06:27:00Z,Manchester,MAN-013,Underground,Station Closure,Med-High,4,148,49853,TRUE
INC-202407-BRI-006-01,2024-07-09T08:35:00Z,Bristol,BRI-006,Bus,Congestion,Low,1,16,1257,TRUE
INC-202407-EDI-017-01,2024-07-09T15:08:00Z,Edinburgh,EDI-017,Underground,Signal Failure,High,5,315,50781,TRUE
INC-202407-MAN-021-02,2024-07-10T10:17:00Z,Manchester,MAN-021,Rail,Weather,Med-High,4,,8311,FALSE
INC-202407-MAN-015-02,2024-07-10T17:45:00Z,Manchester,MAN-015,Bus,Roadworks,Medium,3,57,2563,TRUE
INC-202407-BRI-016-01,2024-07-10T22:45:00Z,Bristol,BRI-016,rail,Signal Failure,Med-High,4,111,25184,TRUE
INC-202407-BRI-002-02,2024-07-11T06:20:00Z,Bristol,BRI-002,Bus,Congestion,Low,1,5,193,TRUE
INC-202407-EDI-019-01,2024-07-11T08:26:00Z,Edinburgh,EDI-019,Tram,Vehicle Fault,Low,1,20,295,TRUE
INC-202407-EDI-011-02,2024-07-11T13:42:00Z,Edinburgh,EDI-011,Bus,Staff Shortage,Low,1,14,1302,TRUE
INC-202407-LON-017-01,2024-07-11T17:23:00Z,London,LON-017,Bus,Roadworks,Medium,3,101,5355,TRUE
INC-202407-LON-002-02,2024-07-11T17:47:00Z,London,LON-002,Bus,Roadworks,Med-High,4,108,12301,TRUE
INC-202407-LON-008-02,2024-07-11T18:19:00Z,London,LON-008,Bus,Roadworks,Low,1,5,258,TRUE
INC-202407-MAN-010-01,2024-07-11T18:40:00Z,Manchester,MAN-010,rail,Signal Failure,High,5,320,21288,TRUE
INC-202407-EDI-022-01,2024-07-11T22:45:00Z,Edinburgh,EDI-022,BikeShare,Vandalism,Low,1,18,68,TRUE
INC-202407-LON-006-02,2024-07-12T08:50:00Z,London,LON-006,BikeShare,Dock Empty,Low,1,7,130,TRUE
INC-202407-MAN-005-02,2024-07-12T17:22:00Z,Manchester,MAN-005,Tram,Roadworks,Medium,3,83,3065,TRUE
INC-202407-BRI-018-01,2024-07-13T08:53:00Z,Bristol,BRI-018,Bus,Congestion,Medium,3,105,3295,TRUE
INC-202407-LON-006-03,2024-07-13T08:58:00Z,London,LON-006,BikeShare,Bike Fault,Low-Med,2,44,1394,TRUE
INC-202407-LON-012-02,2024-07-13T16:24:00Z,London,LON-012,Bus,Congestion,Medium,3,52,6397,TRUE
INC-202407-EDI-011-03,2024-07-13T19:37:00Z,Edinburgh,EDI-011,Bus,Roadworks,Low,1,18,1107,TRUE
INC-202407-BRI-001-02,2024-07-14T04:46:00Z,Bristol,BRI-001,Bus,Congestion,Low,1,16,775,TRUE
INC-202407-BRI-004-01,2024-07-14T11:24:00Z,Bristol,BRI-004,Underground,Passenger Incident,Low-Med,2,63,14070,TRUE
INC-202407-MAN-017-02,2024-07-15T03:14:00Z,Manchester,MAN-017,Underground,Power Issue,Low-Med,2,61,16038,FALSE
INC-202407-BRI-021-01,2024-07-15T11:40:00Z,Bristol,BRI-021,Rail,Signal Failure,Medium,3,119,22229,TRUE
INC-202407-EDI-008-01,2024-07-15T14:45:00Z,Edinburgh,EDI-008,Bus,Vehicle Fault,Low,1,12,395,TRUE
INC-202407-LON-003-02,2024-07-15T15:11:00Z,London,LON-003,Bus,Roadworks,Medium,3,57,4520,TRUE
INC-202407-BRI-019-01,2024-07-15T19:53:00Z,Bristol,BRI-019,Rail,Signal Failure,Medium,3,92,14884,TRUE
INC-202407-LON-022-01,2024-07-16T11:04:00Z,London,LON-022,underground,Signal Failure,Medium,3,122,52937,TRUE
INC-202407-BRI-001-01,2024-07-16T13:30:00Z,Bristol,BRI-001,Bus,Vehicle Fault,Low-Med,2,53,3371,TRUE
INC-202407-MAN-015-01,2024-07-16T13:59:00Z,Manchester,MAN-015,bus,Congestion,Low,1,17,1142,TRUE
INC-202407-BRI-020-01,2024-07-16T17:15:00Z,Bristol,BRI-020,Rail,Track Fault,Medium,3,70,3767,TRUE
INC-202408-BRI-001-01,2024-07-16T17:36:00Z,London,LON-013,Underground,Power Issue,High,5,156,87394,TRUE
INC-202407-EDI-013-01,2024-07-16T19:19:00Z,Edinburgh,EDI-013,Rail,Weather,Med-High,4,205,11452,TRUE
INC-202407-MAN-004-01,2024-07-16T23:27:00Z,Manchester,MAN-004,Bus,Congestion,Med-High,4,194,11850,TRUE
INC-202407-LON-005-01,2024-07-17T01:55:00Z,London,LON-005,Rail,Rolling Stock,Medium,3,69,10168,TRUE
INC-202407-LON-003-01,2024-07-17T06:22:00Z,London,LON-003,Bus,Roadworks,Low-Med,2,,2523,TRUE
INC-202407-LON-007-01,2024-07-17T06:26:00Z,London,LON-007,Tram,Power Issue,Low,1,23,604,TRUE
INC-202407-LON-022-02,2024-07-17T14:51:00Z,London,LON-022,Underground,Signal Failure,Med-High,4,161,66265,TRUE
INC-202407-BRI-005-01,2024-07-18T17:21:00Z,Bristol,BRI-005,Bus,Congestion,Medium,3,,4850,TRUE
INC-202407-LON-013-01,2024-07-18T18:04:00Z,London,LON-013,Underground,Signal Failure,Med-High,4,111,68505,FALSE
INC-202407-LON-016-01,2024-07-19T07:24:00Z,London,LON-016,Rail,Weather,High,5,217,38969,TRUE
INC-202407-BRI-022-01,2024-07-19T12:03:00Z,Bristol,BRI-022,Underground,Signal Failure,Med-High,4,109,29252,TRUE
INC-202407-EDI-011-01,2024-07-19T15:26:00Z,Edinburgh,EDI-011,Bus,Staff Shortage,Low,1,15,1127,TRUE
INC-202407-BRI-011-02,2024-07-20T01:56:00Z,Bristol,BRI-011,Bus,Congestion,Low-Med,2,40,3679,TRUE
INC-202407-LON-003-03,2024-07-20T03:57:00Z,London,LON-003,Bus,Roadworks,Med-High,4,138,9030,TRUE
INC-202407-MAN-013-01,2024-07-20T06:01:00Z,Manchester,MAN-013,Underground,Station Closure,Medium,3,110,,TRUE
INC-202407-BRI-018-02,2024-07-20T06:07:00Z,Bristol,BRI-018,Bus,Congestion,Low-Med,2,42,1732,TRUE
INC-202407-LON-018-01,2024-07-20T10:14:00Z,London,LON-018,bus,Accident,Med-High,4,142,32383,TRUE
INC-202407-MAN-022-02,2024-07-20T15:54:00Z,Manchester,MAN-022,Rail,Signal Failure,Medium,3,63,10401,TRUE
INC-202407-MAN-016-01,2024-07-21T05:54:00Z,Manchester,MAN-016,bus,Vehicle Fault,Medium,3,114,10382,TRUE
INC-202407-LON-001-04,2024-07-21T06:58:00Z,London,LON-001,Bus,Vehicle Fault,Low-Med,2,40,4895,TRUE
INC-202407-LON-003-04,2024-07-21T14:11:00Z,London,LON-003,Bus,Vehicle Fault,LOW,1,20,1699,TRUE
INC-202407-EDI-004-02,2024-07-21T17:34:00Z,Edinburgh,EDI-004,Bus,Congestion,Low,1,19,786,TRUE
INC-202407-LON-016-03,2024-07-22T13:01:00Z,london,LON-016,Rail,Signal Failure,Medium,3,52,8014,TRUE
INC-202407-LON-018-02,2024-07-22T17:43:00Z,London,LON-018,Bus,Staff Shortage,Medium,3,88,7559,TRUE
INC-202407-MAN-020-01,2024-07-22T19:22:00Z,Manchester,MAN-020,Bus,Staff Shortage,Low-Med,2,,7681,FALSE
INC-202407-EDI-003-01,2024-07-23T01:40:00Z,Edinburgh,EDI-003,Bus,Congestion,Low,1,15,1197,FALSE
INC-202407-LON-004-02,2024-07-23T09:17:00Z,London,LON-004,Tram,Vehicle Fault,Medium,3,116,12518,TRUE
INC-202407-MAN-017-01,2024-07-23T10:48:00Z,Manchester,MAN-017,Underground,Power Issue,Medium,3,119,11699,TRUE
INC-202407-BRI-017-02,2024-07-23T17:28:00Z,Bristol,BRI-017,Bus,Vehicle Fault,Low-Med,2,43,2124,TRUE
INC-202407-LON-007-02,2024-07-24T07:45:00Z,London,LON-007,Tram,Roadworks,Low,1,15,235,TRUE
INC-202407-LON-015-01,2024-07-24T14:16:00Z,London,LON-015,Rail,Track Fault,Low-Med,2,34,5688,TRUE
INC-202407-MAN-008-02,2024-07-25T07:11:00Z,Manchester,MAN-008,Bus,Staff Shortage,Low,1,10,1163,TRUE
INC-202407-MAN-004-03,2024-07-25T08:18:00Z,Manchester,MAN-004,Bus,Vehicle Fault,Medium,3,,8814,TRUE
INC-202407-BRI-014-01,2024-07-25T19:27:00Z,Bristol,BRI-014,Bus,Congestion,Low,1,13,10928,TRUE
INC-202407-LON-013-02,2024-07-25T19:54:00Z,London,LON-013,Underground,Power Issue,High,5,157,55366,TRUE
INC-202407-MAN-005-01,2024-07-25T21:06:00Z,Manchester,MAN-005,Tram,Roadworks,Low-Med,2,51,1969,TRUE
INC-202407-BRI-010-01,2024-07-26T02:02:00Z,Bristol,BRI-010,BikeShare,Bike Fault,Low,1,,73,TRUE
INC-202407-MAN-016-03,2024-07-26T05:35:00Z,Manchester,MAN-016,Bus,Congestion,Medium,3,53,6140,TRUE
INC-202407-LON-005-02,2024-07-26T06:31:00Z,London,LON-005,Rail,Signal Failure,Med-High,4,136,22376,TRUE
INC-202407-EDI-004-01,2024-07-26T12:00:00Z,Edinburgh,EDI-004,bus,Congestion,Low-Med,2,48,1596,TRUE
INC-202407-MAN-021-01,2024-07-26T16:25:00Z,Manchester,MAN-021,Rail,Rolling Stock,Med-High,4,202,55843,TRUE
INC-202407-LON-002-03,2024-07-26T17:40:00Z,London,LON-002,bus,Accident,Med-High,4,161,12892,FALSE
INC-202407-BRI-021-02,2024-07-26T18:16:00Z,Bristol,BRI-021,Rail,Track Fault,Med-High,4,,26686,TRUE
INC-202407-MAN-008-01,2024-07-27T02:16:00Z,Manchester,MAN-008,Bus,Congestion,Low,1,5,280,TRUE
INC-202407-BRI-016-02,2024-07-27T07:47:00Z,Bristol,BRI-016,Rail,Rolling Stock,Medium,3,107,21801,TRUE
INC-202407-LON-002-04,2024-07-28T07:55:00Z,London,LON-002,Bus,Staff Shortage,Med-High,4,126,12246,TRUE
INC-202407-BRI-002-03,2024-07-28T19:24:00Z,Bristol,BRI-002,Bus,Vehicle Fault,Low,1,21,574,TRUE
INC-202407-LON-018-03,2024-07-29T14:16:00Z,London,LON-018,Bus,Roadworks,High,5,303,19890,FALSE
INC-202407-BRI-003-01,2024-07-29T15:04:00Z,Bristol,BRI-003,Rail,Track Fault,Medium,3,110,14797,FALSE
INC-202407-MAN-006-02,2024-07-29T17:27:00Z,Manchester,MAN-006,Tram,Power Issue,Low-Med,2,56,1433,TRUE
INC-202407-EDI-006-01,2024-07-29T17:51:00Z,Edinburgh,EDI-006,Underground,Station Closure,Medium,3,119,27685,TRUE
INC-202407-MAN-022-01,2024-07-30T01:18:00Z,Manchester,MAN-022,Rail,Weather,Medium,3,55,10453,FALSE
INC-202407-MAN-006-01,2024-07-30T16:38:00Z,Manchester,MAN-006,Tram,Roadworks,Low,1,18,398,TRUE
INC-202407-BRI-017-01,2024-07-30T17:50:00Z,bristol,BRI-017,Bus,Vehicle Fault,Low,1,10,573,TRUE
INC-202407-LON-017-02,2024-07-30T23:39:00Z,London,LON-017,Bus,Congestion,Medium,3,106,9216,TRUE
INC-202407-MAN-019-01,2024-07-31T07:40:00Z,Manchester,MAN-019,Underground,Power Issue,Med-High,4,92,31120,TRUE
INC-202407-LON-021-02,2024-07-31T18:09:00Z,london,LON-021,Bus,Vehicle Fault,Medium,3,112,6469,TRUE
INC-202407-BRI-011-01,2024-07-31T19:37:00Z,Bristol,BRI-011,Bus,Vehicle Fault,Low,1,23,2123,TRUE
INC-202407-LON-002-01,2024-07-31T19:54:00Z,London,LON-002,Bus,Congestion,Low-Med,2,39,2898,TRUE
INC-202407-MAN-001-01,2024-07-31T23:17:00Z,Manchester,MAN-001,Bus,Accident,Low-Med,2,35,2695,TRUE
INC-202408-LON-004-03,2024-08-01T06:16:00Z,London,LON-004,Tram,Obstruction,Low-Med,2,800,2284,TRUE
INC-202408-BRI-018-01,2024-08-01T12:07:00Z,Bristol,BRI-018,Bus,Congestion,Low-Med,2,28,2926,TRUE
INC-202408-EDI-021-01,2024-08-01T14:11:00Z,Edinburgh,EDI-021,tram,Obstruction,Medium,3,64,959,FALSE
INC-202408-BRI-011-01,2024-08-02T11:26:00Z,Bristol,BRI-011,Bus,Vehicle Fault,Low,1,29,2339,TRUE
INC-202408-EDI-005-01,2024-08-02T18:16:00Z,Edinburgh,EDI-005,Underground,Signal Failure,Med-High,4,140,22116,FALSE
INC-202408-LON-012-02,2024-08-04T07:54:00Z,London,LON-012,Bus,Staff Shortage,Medium,3,87,7578,TRUE
INC-202408-BRI-012-01,2024-08-04T11:11:00Z,Bristol,BRI-012,BikeShare,Dock Full,Low,1,9,88,FALSE
INC-202408-LON-009-03,2024-08-04T11:19:00Z,London,LON-009,Rail,Rolling Stock,Medium,3,75,14305,TRUE
INC-202408-BRI-020-02,2024-08-04T18:59:00Z,Bristol,BRI-020,Rail,Signal Failure,Med-High,4,90,8830,TRUE
INC-202408-BRI-021-01,2024-08-04T20:33:00Z,bristol,BRI-021,rail,Signal Failure,Medium,3,114,23885,TRUE
INC-202408-EDI-001-02,2024-08-05T06:45:00Z,Edinburgh,EDI-001,Underground,Signal Failure,Medium,3,118,22016,TRUE
INC-202408-EDI-009-01,2024-08-05T12:18:00Z,Edinburgh,EDI-009,Bus,Staff Shortage,Low,1,32,1350,TRUE
INC-202408-LON-018-01,2024-08-05T18:15:00Z,London,LON-018,Bus,Vehicle Fault,Medium,3,118,4247,TRUE
INC-202408-BRI-001-01,2024-08-05T18:28:00Z,Bristol,BRI-001,Bus,Congestion,Low,1,25,1903,TRUE
INC-202408-LON-008-01,2024-08-06T05:30:00Z,London,LON-008,Bus,Congestion,Low-Med,2,,1743,TRUE
INC-202408-LON-013-03,2024-08-06T06:54:00Z,London,LON-013,Underground,Signal Failure,Med-High,4,113,54515,TRUE
INC-202408-BRI-013-01,2024-08-06T06:54:00Z,Bristol,BRI-013,Bus,Roadworks,LOW-MED,2,42,856,TRUE
INC-202408-EDI-015-02,2024-08-06T07:45:00Z,Edinburgh,EDI-015,Bus,Vehicle Fault,Medium,3,135,14424,TRUE
INC-202408-BRI-006-03,2024-08-06T12:44:00Z,Bristol,BRI-006,Bus,Roadworks,Low-Med,2,47,2840,TRUE
INC-202408-LON-017-01,2024-08-06T13:13:00Z,London,LON-017,Bus,Congestion,Medium,3,102,10737,TRUE
INC-202408-BRI-003-03,2024-08-06T18:41:00Z,Bristol,BRI-003,Rail,Rolling Stock,Low-Med,2,29,1444,TRUE
INC-202408-LON-002-06,2024-08-07T09:42:00Z,LDN,LON-002,Bus,Roadworks,Medium,3,59,3615,TRUE
INC-202408-LON-003-01,2024-08-07T09:57:00Z,London,LON-003,Bus,Vehicle Fault,MEDIUM,3,80,9324,FALSE
INC-202408-BRI-003-02,2024-08-07T20:05:00Z,Bristol,BRI-003,Rail,Signal Failure,Med-High,4,177,12382,TRUE
INC-202408-BRI-001-04,2024-08-08T13:16:00Z,Bristol,BRI-001,Bus,Congestion,Low,1,110,532,TRUE
INC-202408-BRI-004-02,2024-08-08T13:56:00Z,Bristol,BRI-004,Underground,Power Issue,Low-Med,2,59,6703,TRUE
INC-202408-LON-014-01,2024-08-08T23:10:00Z,LDN,LON-014,Bus,Roadworks,Medium,3,109,6341,TRUE
INC-202408-BRI-002-01,2024-08-09T07:59:00Z,Bristol,BRI-002,Bus,,Low,1,15,886,TRUE
INC-202408-LON-012-04,2024-08-09T08:50:00Z,London,LON-012,Bus,Staff Shortage,Low,1,9,787,TRUE
INC-202408-LON-008-02,2024-08-09T16:13:00Z,london,LON-008,Bus,Congestion,Low-Med,2,41,3622,TRUE
INC-202408-BRI-006-02,2024-08-09T21:22:00Z,Bristol,BRI-006,Bus,Congestion,Low,1,5,150,TRUE
INC-202408-LON-002-02,2024-08-10T01:23:00Z,London,LON-002,Bus,Roadworks,Med-High,4,197,11267,FALSE
INC-202408-LON-012-05,2024-08-10T04:44:00Z,London,LON-012,Bus,Congestion,Med-High,4,96,4785,TRUE
INC-202408-BRI-017-01,2024-08-10T06:45:00Z,Bristol,BRI-017,Bus,Roadworks,Medium,3,106,5007,TRUE
INC-202408-EDI-001-01,2024-08-10T16:24:00Z,Edinburgh,EDI-001,Underground,Station Closure,Medium,3,121,17884,TRUE
INC-202408-BRI-003-01,2024-08-10T17:50:00Z,Bristol,BRI-003,Rail,Signal Failure,Low-Med,2,30,2074,TRUE
INC-202408-LON-009-02,2024-08-10T23:36:00Z,London,LON-009,Rail,Rolling Stock,Med-High,4,205,39421,TRUE
INC-202408-LON-001-01,2024-08-11T15:04:00Z,London,LON-001,Bus,Staff Shortage,Low,1,8,1531,TRUE
INC-202408-MAN-007-01,2024-08-11T17:03:00Z,Manchester,MAN-007,Tram,Vehicle Fault,Low,1,130,456,TRUE
INC-202408-LON-018-03,2024-08-12T06:03:00Z,London,LON-018,Bus,Vehicle Fault,Low-Med,2,30,2742,TRUE
INC-202408-MAN-006-01,2024-08-12T07:16:00Z,Manchester,MAN-006,Tram,Roadworks,Low,1,13,547,TRUE
INC-202408-EDI-015-01,2024-08-12T08:17:00Z,Edinburgh,EDI-015,Bus,Staff Shortage,Medium,3,59,3356,TRUE
INC-202408-LON-013-01,2024-08-12T09:42:00Z,london,LON-013,Underground,Power Issue,High,5,304,53147,TRUE
INC-202408-MAN-009-02,2024-08-12T17:22:00Z,Manchester,MAN-009,Underground,Signal Failure,Medium,3,64,12323,TRUE
INC-202408-LON-002-03,2024-08-12T23:46:00Z,London,LON-002,bus,Congestion,Low,1,14,1573,TRUE
INC-202408-LON-007-01,2024-08-13T01:07:00Z,London,LON-007,Tram,Vehicle Fault,Medium,3,114,10296,TRUE
INC-202408-BRI-006-01,2024-08-14T06:41:00Z,Bristol,BRI-006,Bus,Congestion,Low,1,14,743,TRUE
INC-202408-MAN-008-01,2024-08-14T13:06:00Z,Manchester,MAN-008,Bus,Roadworks,Medium,3,123,7716,TRUE
INC-202408-BRI-001-03,2024-08-15T12:45:00Z,Bristol,BRI-001,Bus,Congestion,Low,1,16,783,TRUE
INC-202408-LON-012-06,2024-08-16T00:42:00Z,London,LON-012,Bus,Congestion,Low-Med,2,48,2099,TRUE
INC-202408-MAN-022-02,2024-08-16T00:59:00Z,Manchester,MAN-022,Rail,Signal Failure,Med-High,4,197,30201,TRUE
INC-202408-MAN-022-01,2024-08-16T07:13:00Z,Manchester,MAN-022,Rail,Rolling Stock,Med-High,4,184,19653,TRUE
INC-202408-EDI-014-01,2024-08-16T12:41:00Z,Edinburgh,EDI-014,Underground,Power Issue,Medium,3,77,23671,TRUE
INC-202408-BRI-013-02,2024-08-16T23:04:00Z,Bristol,BRI-013,Bus,Congestion,Low-Med,2,37,1094,TRUE
INC-202408-BRI-018-04,2024-08-17T08:00:00Z,Bristol,BRI-018,Bus,Accident,Low,1,20,2559,TRUE
INC-202408-LON-011-01,2024-08-17T18:54:00Z,London,LON-011,Tram,,Medium,3,118,6604,TRUE
INC-202408-MAN-017-01,2024-08-17T22:53:00Z,Manchester,MAN-017,Underground,Station Closure,Low-Med,2,29,5700,TRUE
INC-202408-BRI-004-01,2024-08-18T07:37:00Z,Bristol,BRI-004,Underground,Station Closure,Med-High,4,172,22979,TRUE
INC-202312-EDI-005-01,2024-08-18T08:58:00Z,Bristol,BRI-018,Bus,Congestion,Medium,3,108,5267,TRUE
INC-202408-LON-002-04,2024-08-18T22:41:00Z,London,LON-002,Bus,Vehicle Fault,Low-Med,2,55,6154,TRUE
INC-202408-EDI-012-01,2024-08-19T11:10:00Z,Edinburgh,EDI-012,Underground,Passenger Incident,Med-High,4,160,38302,TRUE
INC-202408-BRI-018-02,2024-08-20T01:38:00Z,Bristol,BRI-018,Bus,Congestion,Medium,3,83,7228,TRUE
INC-202408-EDI-017-01,2024-08-20T08:30:00Z,Edinburgh,EDI-017,Underground,Signal Failure,Med-High,4,177,40391,TRUE
INC-202408-EDI-009-02,2024-08-20T21:16:00Z,Edinburgh,EDI-009,Bus,Roadworks,Low,1,5,225,TRUE
INC-202408-LON-002-01,2024-08-21T07:36:00Z,London,LON-002,Bus,Vehicle Fault,Low-Med,2,47,4330,TRUE
INC-202408-BRI-019-02,2024-08-21T16:17:00Z,Bristol,BRI-019,Rail,Track Fault,Med-High,4,119,40814,TRUE
INC-202408-BRI-008-01,2024-08-21T19:21:00Z,Bristol,BRI-008,Rail,Signal Failure,Medium,3,79,5967,TRUE
INC-202408-LON-004-01,2024-08-22T10:05:00Z,London,LON-004,Tram,Vehicle Fault,Low,1,19,669,TRUE
INC-202408-LON-018-04,2024-08-22T10:56:00Z,London,LON-018,Bus,,Medium,3,91,4195,TRUE
INC-202408-LON-021-01,2024-08-22T16:24:00Z,London,LON-021,Bus,Vehicle Fault,High,5,300,15380,TRUE
INC-202408-LON-003-03,2024-08-23T00:33:00Z,London,LON-003,Bus,Roadworks,Low-Med,2,42,3799,TRUE
INC-202408-MAN-009-01,2024-08-23T08:58:00Z,Manchester,MAN-009,Underground,Signal Failure,Med-High,4,205,84460,TRUE
INC-202408-MAN-021-01,2024-08-23T21:43:00Z,Manchester,MAN-021,Rail,Signal Failure,Medium,3,65,6850,TRUE
INC-202408-LON-010-01,2024-08-25T08:04:00Z,London,LON-010,BikeShare,Bike Fault,LOW,1,14,143,TRUE
INC-202408-EDI-003-01,2024-08-25T17:02:00Z,Edinburgh,EDI-003,Bus,Roadworks,Low,1,15,743,TRUE
INC-202408-BRI-016-01,2024-08-25T17:49:00Z,Bristol,BRI-016,Rail,Track Fault,Med High,4,171,21669,TRUE
INC-202408-BRI-014-01,2024-08-26T00:12:00Z,Bristol,BRI-014,Bus,Congestion,Medium,3,88,3726,TRUE
INC-202408-LON-002-05,2024-08-26T11:09:00Z,London,LON-002,Bus,Roadworks,Medium,3,120,13187,TRUE
INC-202408-MAN-010-01,2024-08-26T14:38:00Z,Manchester,MAN-010,Rail,Signal Failure,High,5,264,16811,TRUE
INC-202408-MAN-012-01,2024-08-26T18:49:00Z,Manchester,MAN-012,Rail,Signal Failure,Medium,3,85,13939,TRUE
INC-202408-EDI-004-01,2024-08-26T22:20:00Z,Edinburgh,EDI-004,Bus,Vehicle Fault,Low,1,5,152,TRUE
INC-202408-LON-001-02,2024-08-27T02:39:00Z,London,LON-001,bus,Vehicle Fault,Medium,3,57,2314,TRUE
INC-202301-EDI-003-03,2024-08-27T08:44:00Z,London,LON-016,Rail,Signal Failure,Medium,3,74,19054,TRUE
INC-202408-LON-006-01,2024-08-27T18:03:00Z,London,LON-006,BikeShare,Dock Empty,Low,1,8,129,TRUE
INC-202408-LON-003-02,2024-08-28T03:40:00Z,London,LON-003,Bus,Congestion,Low Med,2,53,7211,TRUE
INC-202408-LON-018-02,2024-08-28T07:28:00Z,London,LON-018,Bus,Congestion,Medium,3,110,7041,TRUE
INC-202408-EDI-001-03,2024-08-28T12:09:00Z,Edinburgh,EDI-001,Underground,Station Closure,Medium,3,100,12755,TRUE
INC-202408-LON-012-01,2024-08-28T12:29:00Z,London,LON-012,Bus,Staff Shortage,Medium,3,67,7513,TRUE
INC-202408-MAN-016-01,2024-08-28T14:03:00Z,Manchester,MAN-016,Bus,Congestion,Med-High,4,157,11240,TRUE
INC-202408-LON-013-02,2024-08-28T14:37:00Z,London,LON-013,underground,Power Issue,Med-High,4,217,66419,TRUE
INC-202408-LON-004-02,2024-08-29T02:49:00Z,London,LON-004,Tram,Power Issue,Medium,3,118,7953,TRUE
INC-202408-LON-009-01,2024-08-29T02:53:00Z,London,LON-009,Rail,Signal Failure,Medium,3,90,27254,TRUE
INC-202408-BRI-016-02,2024-08-29T07:56:00Z,Bristol,BRI-016,Rail,Signal Failure,Med-High,4,97,15839,TRUE
INC-202408-LON-012-03,2024-08-29T15:41:00Z,London,LON-012,Bus,Roadworks,Low-Med,2,39,2549,TRUE
INC-202408-BRI-007-01,2024-08-29T16:18:00Z,Bristol,BRI-007,Tram,Power Issue,Medium,3,62,1833,FALSE
INC-202408-EDI-020-01,2024-08-30T06:14:00Z,Edinburgh,EDI-020,Rail,Track Fault,Medium,3,80,11637,FALSE
INC-202408-BRI-001-02,2024-08-30T08:38:00Z,Bristol,BRI-001,Bus,Roadworks,Low-Med,2,40,2567,TRUE
INC-202408-BRI-020-01,2024-08-30T10:17:00Z,bristol,BRI-020,Rail,Signal Failure,Medium,3,67,10073,TRUE
INC-202408-MAN-011-01,2024-08-30T14:43:00Z,Manchester,MAN-011,Bus,Congestion,Med-High,4,105,6140,FALSE
INC-202408-LON-019-01,2024-08-30T16:29:00Z,London,LON-019,Bus,Roadworks,Low-Med,2,33,3527,TRUE
INC-202408-LON-016-02,2024-08-30T16:52:00Z,London,LON-016,Rail,Track Fault,High,5,232,39358,TRUE
INC-202408-BRI-019-01,2024-08-30T19:00:00Z,Bristol,BRI-019,Rail,Track Fault,Medium,3,121,23042,FALSE
INC-202408-EDI-006-01,2024-08-30T19:12:00Z,Edinburgh,EDI-006,Underground,Signal Failure,Medium,3,73,16303,TRUE
INC-202408-EDI-006-02,2024-08-31T17:21:00Z,Edinburgh,EDI-006,Underground,Station Closure,Medium,3,55,9270,TRUE
INC-202303-LON-018-01,2024-08-31T22:41:00Z,Manchester,MAN-011,Bus,Congestion,Low,1,18,,TRUE
INC-202409-BRI-004-01,2024-09-01T14:47:00Z,Bristol,BRI-004,Underground,Signal Failure,Medium,3,,27033,TRUE
INC-202409-LON-008-02,2024-09-01T16:43:00Z,London,LON-008,Bus,Vehicle Fault,Medium,3,82,6067,TRUE
INC-202409-EDI-021-01,2024-09-01T18:24:00Z,Edinburgh,EDI-021,Tram,Obstruction,Med-High,4,102,2828,TRUE
INC-202409-MAN-006-02,2024-09-02T02:34:00Z,Manchester,MAN-006,Tram,Roadworks,Low-Med,2,24,761,TRUE
INC-202409-MAN-008-02,2024-09-02T08:32:00Z,Manchester,MAN-008,Bus,Roadworks,Low-Med,2,1020,3265,TRUE
INC-202409-EDI-003-01,2024-09-02T09:47:00Z,Edinburgh,EDI-003,Bus,Vehicle Fault,Low,1,18,568,TRUE
INC-202409-LON-009-01,2024-09-03T01:59:00Z,London,LON-009,Rail,Signal Failure,Low-Med,2,31,4969,TRUE
INC-202409-LON-008-03,2024-09-03T06:19:00Z,London,LON-008,Bus,Staff Shortage,Med-High,4,135,10103,TRUE
INC-202409-EDI-014-01,2024-09-03T08:46:00Z,Edinburgh,EDI-014,Underground,,Med High,4,181,42043,TRUE
INC-202409-MAN-016-02,2024-09-05T08:02:00Z,Manchester,MAN-016,Bus,Vehicle Fault,Low-Med,2,32,2359,TRUE
INC-202409-LON-020-02,2024-09-06T06:51:00Z,London,LON-020,Bus,Congestion,Low-Med,2,56,4335,TRUE
INC-202409-MAN-005-02,2024-09-06T17:20:00Z,Manchester,MAN-005,Tram,Power Issue,Low,1,520,961,FALSE
INC-202409-BRI-001-01,2024-09-06T20:42:00Z,Bristol,BRI-001,Bus,Accident,Low,1,27,1147,TRUE
INC-202409-BRI-005-01,2024-09-06T21:14:00Z,Bristol,BRI-005,Bus,Congestion,Low-Med,2,41,3588,TRUE
INC-202409-LON-013-01,2024-09-08T01:22:00Z,London,LON-013,Underground,Station Closure,Low-Med,2,66,24811,TRUE
INC-202409-MAN-020-01,2024-09-08T02:38:00Z,Manchester,MAN-020,Bus,Congestion,Low-Med,2,34,1921,TRUE
INC-202409-EDI-011-01,2024-09-08T07:58:00Z,Edinburgh,EDI-011,bus,Roadworks,Low,1,5,197,TRUE
INC-202409-LON-013-02,2024-09-08T09:25:00Z,London,LON-013,Underground,Signal Failure,Med-High,4,197,137273,TRUE
INC-202409-MAN-001-01,2024-09-08T10:59:00Z,Manchester,MAN-001,Bus,Congestion,Low,1,26,1785,TRUE
INC-202409-BRI-014-01,2024-09-09T07:43:00Z,Bristol,BRI-014,Bus,Congestion,Low-Med,2,21,901,TRUE
INC-202409-MAN-011-01,2024-09-10T02:14:00Z,Manchester,MAN-011,Bus,Vehicle Fault,Low,1,12,1015,TRUE
INC-202109-LON-022-01,2024-09-11T19:24:00Z,Manchester,MAN-009,Underground,Passenger Incident,Med High,4,211,43580,TRUE
INC-202409-MAN-005-01,2024-09-12T12:25:00Z,Manchester,MAN-005,Tram,Power Issue,Low,1,9,157,TRUE
INC-202409-LON-020-03,2024-09-12T18:06:00Z,London,LON-020,Bus,Staff Shortage,Low-Med,2,34,3718,TRUE
INC-202409-LON-021-01,2024-09-13T18:40:00Z,London,LON-021,Bus,Congestion,Low-Med,2,20,1974,TRUE
INC-202409-MAN-011-02,2024-09-13T20:18:00Z,Manchester,MAN-011,Bus,Roadworks,Medium,3,60,2562,TRUE
INC-202409-BRI-018-03,2024-09-13T22:41:00Z,Bristol,BRI-018,Bus,Congestion,Medium,3,57,2573,FALSE
INC-202409-MAN-006-01,2024-09-14T04:50:00Z,Manchester,MAN-006,Tram,Vehicle Fault,Low-Med,2,,796,TRUE
INC-202409-LON-020-01,2024-09-14T07:31:00Z,London,LON-020,Bus,Roadworks,Low-Med,2,26,1607,TRUE
INC-202409-LON-017-01,2024-09-14T17:39:00Z,London,LON-017,Bus,Vehicle Fault,Low-Med,2,54,2622,TRUE
INC-202409-LON-013-03,2024-09-14T18:05:00Z,London,LON-013,Underground,Passenger Incident,Med-High,4,172,73054,TRUE
INC-202409-LON-016-01,2024-09-15T06:01:00Z,London,LON-016,Rail,Weather,Med-High,4,96,18079,TRUE
INC-202409-MAN-009-02,2024-09-15T08:05:00Z,Manchester,MAN-009,Underground,Signal Failure,Medium,3,72,30615,TRUE
INC-202409-EDI-004-02,2024-09-15T08:35:00Z,Edinburgh,EDI-004,Bus,Congestion,Medium,3,109,10344,TRUE
INC-202409-MAN-004-01,2024-09-15T09:16:00Z,Manchester,MAN-004,Bus,Roadworks,Medium,3,66,4690,TRUE
INC-202409-BRI-008-01,2024-09-15T09:28:00Z,bristol,BRI-008,Rail,Weather,Medium,3,69,6377,TRUE
INC-202409-LON-018-01,2024-09-15T19:14:00Z,London,LON-018,Bus,Congestion,Medium,3,101,13563,TRUE
INC-202409-EDI-009-01,2024-09-16T15:19:00Z,Edinburgh,EDI-009,Bus,Vehicle Fault,Low,1,9,602,TRUE
INC-202409-EDI-009-01,2024-09-16T15:23:00Z,Edinburgh,EDI-009,Bus,Vehicle Fault,Low,1,9,602,TRUE
INC-202409-BRI-022-01,2024-09-16T18:07:00Z,Bristol,BRI-022,Underground,Station Closure,Low-Med,2,65,9102,TRUE
INC-202409-MAN-015-01,2024-09-16T19:18:00Z,MAN,MAN-015,Bus,Roadworks,Med-High,4,92,6942,TRUE
INC-202409-BRI-019-01,2024-09-16T23:18:00Z,Bristol,BRI-019,Rail,Rolling Stock,Med-High,4,178,20429,TRUE
INC-202409-LON-002-01,2024-09-17T02:01:00Z,London,LON-002,Bus,Roadworks,Medium,3,126,8254,TRUE
INC-202409-BRI-005-02,2024-09-17T16:08:00Z,Bristol,BRI-005,Bus,Roadworks,Low-Med,2,37,7740,TRUE
INC-202409-LON-015-01,2024-09-17T17:02:00Z,London,LON-015,Rail,Track Fault,High,5,214,62415,TRUE
INC-202409-EDI-002-01,2024-09-18T09:47:00Z,Edinburgh,EDI-002,Bus,Vehicle Fault,Low,1,16,549,TRUE
INC-202409-MAN-020-02,2024-09-18T17:33:00Z,Manchester,MAN-020,Bus,Congestion,Low-Med,2,26,719,TRUE
INC-202409-EDI-005-01,2024-09-18T18:36:00Z,Edinburgh,EDI-005,Underground,Station Closure,Medium,3,74,13325,TRUE
INC-202409-BRI-013-01,2024-09-19T16:09:00Z,Bristol,BRI-013,Bus,Vehicle Fault,Low-Med,2,38,1281,FALSE
INC-202409-LON-002-02,2024-09-19T21:13:00Z,London,LON-002,Bus,Congestion,Med-High,4,113,9168,TRUE
INC-202409-MAN-008-01,2024-09-20T17:24:00Z,Manchester,MAN-008,Bus,Roadworks,Medium,3,110,9921,TRUE
INC-202409-BRI-018-02,2024-09-20T17:39:00Z,Bristol,BRI-018,Bus,Roadworks,Low-Med,2,33,2951,TRUE
INC-202409-BRI-008-03,2024-09-21T06:55:00Z,Bristol,BRI-008,Rail,Signal Failure,Low-Med,2,63,5272,TRUE
INC-202409-MAN-011-03,2024-09-21T13:40:00Z,Manchester,MAN-011,Bus,Staff Shortage,Low-Med,2,42,2516,TRUE
INC-202409-LON-015-02,2024-09-21T16:47:00Z,London,LON-015,Rail,Signal Failure,High,5,325,68689,TRUE
INC-202409-EDI-013-01,2024-09-21T20:53:00Z,Edinburgh,EDI-013,Rail,Signal Failure,Med-High,4,107,8558,TRUE
INC-202409-MAN-012-01,2024-09-22T03:40:00Z,Manchester,MAN-012,Rail,Track Fault,Low-Med,2,66,5773,FALSE
INC-202409-EDI-012-01,2024-09-22T07:27:00Z,Edinburgh,EDI-012,Underground,Signal Failure,Medium,3,66,29788,TRUE
INC-202409-LON-010-01,2024-09-22T07:49:00Z,London,LON-010,BikeShare,Bike Fault,Low-Med,2,23,201,TRUE
INC-202409-EDI-017-01,2024-09-22T21:48:00Z,Edinburgh,EDI-017,Underground,Station Closure,MEDIUM,3,74,28831,TRUE
INC-202409-BRI-018-01,2024-09-23T04:42:00Z,Bristol,BRI-018,Bus,Roadworks,Medium,3,55,7347,TRUE
INC-202409-LON-022-02,2024-09-23T07:09:00Z,London,LON-022,Underground,Power Issue,Med-High,4,205,84908,TRUE
INC-202409-MAN-019-01,2024-09-23T08:49:00Z,Manchester,MAN-019,Underground,Signal Failure,Low-Med,2,31,11441,TRUE
INC-202409-LON-014-01,2024-09-23T08:55:00Z,London,LON-014,Bus,Vehicle Fault,Low-Med,2,47,4958,FALSE
INC-202409-BRI-020-02,2024-09-23T18:09:00Z,Bristol,BRI-020,Rail,Weather,Medium,3,102,20755,TRUE
INC-202409-EDI-020-02,2024-09-23T19:48:00Z,Edinburgh,EDI-020,rail,Weather,Medium,3,115,9587,TRUE
INC-202409-BRI-004-02,2024-09-23T21:07:00Z,Bristol,BRI-004,Underground,Signal Failure,Low-Med,2,45,11370,TRUE
INC-202409-EDI-018-02,2024-09-24T13:09:00Z,Edinburgh,EDI-018,Rail,Signal Failure,High,5,210,40341,FALSE
INC-202409-LON-022-01,2024-09-25T04:49:00Z,London,LON-022,Underground,Passenger Incident,Med-High,4,209,94690,TRUE
INC-202409-MAN-002-01,2024-09-25T08:59:00Z,Manchester,MAN-002,Tram,Power Issue,Low-Med,2,,2977,TRUE
INC-202409-EDI-005-02,2024-09-26T07:11:00Z,Edinburgh,EDI-005,Underground,Signal Failure,Med-High,4,187,24561,TRUE
INC-202409-LON-020-04,2024-09-26T12:45:00Z,London,LON-020,Bus,Accident,Low-Med,2,54,3868,TRUE
INC-202409-MAN-016-01,2024-09-26T14:42:00Z,Manchester,MAN-016,Bus,Vehicle Fault,Low-Med,2,57,3749,TRUE
INC-202409-BRI-021-02,2024-09-26T18:50:00Z,Bristol,BRI-021,Rail,Rolling Stock,Medium,3,75,9772,TRUE
INC-202409-LON-022-03,2024-09-27T03:33:00Z,London,LON-022,Underground,Station Closure,High,5,309,128328,FALSE
INC-202409-BRI-021-01,2024-09-28T07:29:00Z,Bristol,BRI-021,Rail,Rolling Stock,Medium,3,74,4917,TRUE
INC-202409-EDI-006-02,2024-09-28T07:54:00Z,Edinburgh,EDI-006,Underground,Power Issue,Med-High,4,158,48292,TRUE
INC-202409-BRI-009-01,2024-09-28T10:02:00Z,Bristol,BRI-009,Tram,Vehicle Fault,Low,1,16,576,TRUE
INC-202409-LON-008-01,2024-09-28T18:31:00Z,London,LON-008,Bus,Congestion,Medium,3,68,4896,TRUE
INC-202409-EDI-018-01,2024-09-28T22:14:00Z,Edinburgh,EDI-018,Rail,Signal Failure,Low-Med,2,42,,TRUE
INC-202409-BRI-020-01,2024-09-29T19:33:00Z,Bristol,BRI-020,Rail,Rolling Stock,Low-Med,2,47,7387,TRUE
INC-202409-MAN-022-01,2024-09-30T08:05:00Z,MAN,MAN-022,Rail,Rolling Stock,Medium,3,86,18760,TRUE
INC-202409-BRI-008-02,2024-09-30T08:25:00Z,Bristol,BRI-008,Rail,Weather,Low-Med,2,24,2590,TRUE
INC-202409-EDI-004-01,2024-09-30T09:23:00Z,Edinburgh,EDI-004,Bus,Roadworks,MEDIUM,3,60,3660,TRUE
INC-202409-EDI-020-01,2024-09-30T15:32:00Z,Edinburgh,EDI-020,Rail,Weather,Low-Med,2,46,2712,TRUE
INC-202409-LON-014-02,2024-09-30T17:18:00Z,London,LON-014,Bus,Congestion,Low-Med,2,33,2516,FALSE
INC-202409-LON-021-02,2024-09-30T17:33:00Z,London,LON-021,Bus,Congestion,Low-Med,2,47,13447,TRUE
INC-202409-BRI-016-01,2024-09-30T17:44:00Z,Bristol,BRI-016,Rail,Track Fault,Med-High,4,105,80145,TRUE
INC-202409-EDI-006-01,2024-09-30T23:29:00Z,Edinburgh,EDI-006,Underground,Power Issue,Low-Med,2,43,10482,TRUE
INC-202410-BRI-006-01,2024-10-01T19:46:00Z,Bristol,BRI-006,Bus,Congestion,Low,1,8,412,TRUE
INC-202410-MAN-012-01,2024-10-01T21:58:00Z,Manchester,MAN-012,Rail,Signal Failure,Med High,4,217,43820,TRUE
INC-202410-BRI-004-01,2024-10-02T08:29:00Z,Bristol,BRI-004,Underground,Station Closure,Med-High,4,136,40265,TRUE
INC-202410-MAN-016-01,2024-10-02T18:40:00Z,Manchester,MAN-016,Bus,Accident,Medium,3,70,5565,TRUE
INC-202410-BRI-019-02,2024-10-03T06:10:00Z,Bristol,BRI-019,Rail,Weather,Medium,3,69,11087,TRUE
INC-202410-LON-001-01,2024-10-03T06:31:00Z,London,LON-001,Bus,Vehicle Fault,Med-High,4,100,10267,TRUE
INC-202410-LON-015-01,2024-10-03T08:24:00Z,London,LON-015,Rail,Signal Failure,Medium,3,132,40258,TRUE
INC-202410-EDI-008-03,2024-10-03T11:02:00Z,Edinburgh,EDI-008,Bus,Congestion,Low-Med,2,38,2363,TRUE
INC-202410-EDI-003-01,2024-10-03T16:39:00Z,Edinburgh,EDI-003,Bus,Vehicle Fault,Low-Med,2,30,2645,TRUE
INC-202410-LON-017-01,2024-10-03T17:29:00Z,London,LON-017,Bus,Congestion,Low,1,22,3499,TRUE
INC-202410-EDI-008-01,2024-10-03T18:08:00Z,Edinburgh,EDI-008,Bus,Staff Shortage,Low-Med,2,52,2185,FALSE
INC-202410-LON-009-01,2024-10-03T23:59:00Z,London,LON-009,Rail,Track Fault,High,5,147,56983,TRUE
INC-202410-LON-021-02,2024-10-04T07:20:00Z,London,LON-021,Bus,Roadworks,Medium,3,54,5357,TRUE
INC-202410-LON-002-01,2024-10-04T08:08:00Z,London,LON-002,Bus,Vehicle Fault,Low-Med,2,51,3863,TRUE
INC-202410-MAN-022-01,2024-10-04T09:56:00Z,Manchester,MAN-022,rail,Signal Failure,High,5,302,17119,TRUE
INC-202410-EDI-006-02,2024-10-04T16:43:00Z,Edinburgh,EDI-006,Underground,Power Issue,Med-High,4,88,15933,TRUE
INC-202410-MAN-006-01,2024-10-04T17:53:00Z,Manchester,MAN-006,Tram,Power Issue,Medium,3,104,5369,TRUE
INC-202410-LON-015-03,2024-10-04T18:12:00Z,London,LON-015,Rail,Rolling Stock,Med-High,4,112,20267,TRUE
INC-202410-MAN-010-03,2024-10-04T19:42:00Z,Manchester,MAN-010,Rail,Rolling Stock,Medium,3,100,19198,TRUE
INC-202410-EDI-001-02,2024-10-04T23:25:00Z,Edinburgh,EDI-001,underground,Passenger Incident,High,5,170,45432,TRUE
INC-202410-LON-019-01,2024-10-05T06:09:00Z,London,LON-019,Bus,Congestion,Med-High,4,131,12800,TRUE
INC-202410-BRI-018-01,2024-10-05T06:43:00Z,Bristol,BRI-018,Bus,Roadworks,Low,1,14,478,TRUE
INC-202410-MAN-011-01,2024-10-05T10:24:00Z,Manchester,MAN-011,Bus,Staff Shortage,Low,1,16,1437,TRUE
INC-202410-MAN-017-02,2024-10-05T10:46:00Z,Manchester,MAN-017,Underground,Signal Failure,Med-High,4,135,38353,TRUE
INC-202410-MAN-009-01,2024-10-05T16:23:00Z,Manchester,MAN-009,Underground,Power Issue,Medium,3,74,14270,TRUE
INC-202410-LON-004-01,2024-10-05T20:29:00Z,London,LON-004,Tram,Vehicle Fault,Med-High,4,102,10401,TRUE
INC-202410-EDI-010-01,2024-10-06T00:33:00Z,Edinburgh,EDI-010,Bus,Accident,Low-Med,2,35,1770,TRUE
INC-202410-MAN-009-02,2024-10-06T06:26:00Z,Manchester,MAN-009,Underground,Station Closure,Med-High,4,128,21075,TRUE
INC-202401-EDI-011-02,2024-10-06T09:26:00Z,Bristol,BRI-005,Bus,Roadworks,Medium,3,112,6133,TRUE
INC-202410-LON-005-02,2024-10-07T17:21:00Z,London,LON-005,Rail,Signal Failure,High,5,309,90129,FALSE
INC-202410-MAN-007-02,2024-10-08T10:11:00Z,Manchester,MAN-007,Tram,Vehicle Fault,Low Med,2,41,2243,TRUE
INC-202410-MAN-020-03,2024-10-08T16:40:00Z,Manchester,MAN-020,Bus,Congestion,Low-Med,2,34,942,TRUE
INC-202410-LON-012-02,2024-10-09T06:30:00Z,London,LON-012,Bus,Roadworks,Low,1,13,901,FALSE
INC-202410-LON-020-02,2024-10-09T21:32:00Z,London,LON-020,Bus,Accident,Low,1,15,1859,TRUE
INC-202410-BRI-003-01,2024-10-10T03:05:00Z,Bristol,BRI-003,Rail,Signal Failure,Medium,3,89,14773,TRUE
INC-202410-MAN-008-01,2024-10-10T03:11:00Z,Manchester,MAN-008,Bus,Congestion,Medium,3,68,7482,TRUE
INC-202410-MAN-007-01,2024-10-10T06:18:00Z,Manchester,MAN-007,Tram,Vehicle Fault,Medium,3,118,12517,TRUE
INC-202410-MAN-007-03,2024-10-10T07:09:00Z,Manchester,MAN-007,tram,Obstruction,Medium,3,120,9187,FALSE
INC-202410-LON-002-02,2024-10-10T08:10:00Z,LDN,LON-002,bus,Congestion,Low,1,17,952,TRUE
INC-202410-MAN-021-02,2024-10-10T08:57:00Z,Manchester,MAN-021,Rail,Signal Failure,Medium,3,119,14326,TRUE
INC-202410-EDI-019-01,2024-10-10T11:56:00Z,Edinburgh,EDI-019,Tram,Vehicle Fault,Low,1,24,367,TRUE
INC-202410-EDI-017-01,2024-10-10T19:49:00Z,Edinburgh,EDI-017,Underground,Station Closure,High,5,213,59758,TRUE
INC-202410-BRI-013-02,2024-10-10T19:55:00Z,Bristol,BRI-013,Bus,Congestion,Low-Med,2,34,780,TRUE
INC-202410-LON-003-03,2024-10-10T22:54:00Z,London,LON-003,Bus,Roadworks,Medium,3,63,3312,TRUE
INC-202410-MAN-010-02,2024-10-11T00:41:00Z,Manchester,MAN-010,Rail,Track Fault,Medium,3,102,15000,TRUE
INC-202410-EDI-020-01,2024-10-11T06:47:00Z,Edinburgh,EDI-020,Rail,Rolling Stock,Medium,3,116,8461,TRUE
INC-202410-EDI-015-03,2024-10-11T09:23:00Z,Edinburgh,EDI-015,Bus,Staff Shortage,Low,1,13,403,TRUE
INC-202410-LON-008-01,2024-10-11T17:36:00Z,London,LON-008,Bus,Roadworks,Low,1,19,1010,TRUE
INC-202410-LON-005-01,2024-10-11T19:56:00Z,London,LON-005,Rail,,Med-High,4,127,11795,TRUE
INC-202410-MAN-021-04,2024-10-11T23:53:00Z,Manchester,MAN-021,Rail,Track Fault,Medium,3,114,17971,TRUE
INC-202410-EDI-013-03,2024-10-12T08:13:00Z,Edinburgh,EDI-013,Rail,Rolling Stock,Medium,3,95,25106,TRUE
INC-202410-EDI-015-02,2024-10-12T17:28:00Z,Edinburgh,EDI-015,Bus,Congestion,Low-Med,2,58,2302,TRUE
INC-202410-BRI-020-01,2024-10-12T18:22:00Z,Bristol,BRI-020,Rail,Rolling Stock,Medium,3,130,9143,TRUE
INC-202410-LON-007-02,2024-10-13T04:36:00Z,London,LON-007,Tram,Vehicle Fault,Low,1,260,1923,FALSE
INC-202410-LON-015-02,2024-10-13T07:11:00Z,London,LON-015,Rail,Rolling Stock,High,5,155,23581,TRUE
INC-202410-EDI-017-02,2024-10-13T22:23:00Z,Edinburgh,EDI-017,Underground,Signal Failure,High,5,252,78169,TRUE
INC-202410-LON-001-02,2024-10-14T06:57:00Z,London,LON-001,Bus,Congestion,Low,1,23,2998,TRUE
INC-202410-LON-003-01,2024-10-14T10:33:00Z,London,LON-003,Bus,Vehicle Fault,Med-High,4,196,9643,TRUE
INC-202410-EDI-013-01,2024-10-15T06:38:00Z,Edinburgh,EDI-013,Rail,Weather,Low-Med,2,37,3538,TRUE
INC-202410-LON-007-04,2024-10-15T07:42:00Z,London,LON-007,Tram,Vehicle Fault,Low-Med,2,50,2098,TRUE
INC-202410-EDI-010-02,2024-10-15T10:18:00Z,Edinburgh,EDI-010,Bus,Staff Shortage,Low,1,20,1061,TRUE
INC-202410-LON-008-02,2024-10-16T03:39:00Z,London,LON-008,Bus,Roadworks,Medium,3,93,6841,TRUE
INC-202410-BRI-017-01,2024-10-17T20:02:00Z,Bristol,BRI-017,Bus,Staff Shortage,Low,1,38,3402,TRUE
INC-202410-MAN-019-01,2024-10-17T22:34:00Z,Manchester,MAN-019,Underground,Passenger Incident,Medium,3,54,14870,TRUE
INC-202410-EDI-006-03,2024-10-18T06:25:00Z,Edinburgh,EDI-006,Underground,Signal Failure,Med-High,4,165,48625,TRUE
INC-202410-LON-012-01,2024-10-18T06:49:00Z,London,LON-012,Bus,Roadworks,Low-Med,2,47,1548,TRUE
INC-202410-LON-020-01,2024-10-18T07:57:00Z,London,LON-020,Bus,,Low-Med,2,28,3409,TRUE
INC-202410-BRI-013-01,2024-10-19T07:38:00Z,Bristol,BRI-013,Bus,Congestion,Medium,3,105,3607,TRUE
INC-202410-LON-010-01,2024-10-19T10:52:00Z,London,LON-010,bikeshare,Bike Fault,Low,1,15,44,TRUE
INC-202410-EDI-015-01,2024-10-19T17:56:00Z,Edinburgh,EDI-015,Bus,Congestion,Low-Med,2,51,2929,TRUE
INC-202410-MAN-014-01,2024-10-19T22:11:00Z,Manchester,MAN-014,BikeShare,Bike Fault,Low,1,15,76,TRUE
INC-202410-MAN-006-02,2024-10-20T08:33:00Z,Manchester,MAN-006,Tram,Obstruction,Low-Med,2,40,2773,TRUE
INC-202410-BRI-005-01,2024-10-20T11:07:00Z,Bristol,BRI-005,Bus,Congestion,LOW-MED,2,42,3606,TRUE
INC-202410-EDI-008-02,2024-10-21T04:25:00Z,Edinburgh,EDI-008,Bus,Congestion,Low,1,10,494,TRUE
INC-202410-BRI-002-01,2024-10-21T07:07:00Z,Bristol,BRI-002,bus,Roadworks,Low,1,21,1466,TRUE
INC-202410-MAN-004-02,2024-10-21T20:36:00Z,Manchester,MAN-004,Bus,Roadworks,Low-Med,2,43,3635,TRUE
INC-202410-LON-022-01,2024-10-22T07:15:00Z,LDN,LON-022,Underground,Station Closure,Med-High,4,105,72263,TRUE
INC-202410-BRI-008-01,2024-10-23T15:21:00Z,Bristol,BRI-008,Rail,Signal Failure,Low-Med,2,70,9749,TRUE
INC-202410-MAN-020-02,2024-10-23T18:20:00Z,Manchester,MAN-020,Bus,Accident,Low-Med,2,30,1674,TRUE
INC-202410-MAN-017-01,2024-10-23T23:52:00Z,Manchester,MAN-017,Underground,Station Closure,Medium,3,92,327240,TRUE
INC-202410-LON-010-02,2024-10-24T08:23:00Z,London,LON-010,BikeShare,Bike Fault,Low,1,12,68,TRUE
INC-202410-EDI-006-01,2024-10-24T09:59:00Z,Edinburgh,EDI-006,Underground,Power Issue,High,5,201,76818,TRUE
INC-202410-EDI-013-02,2024-10-24T18:02:00Z,Edinburgh,EDI-013,Rail,Track Fault,Low-Med,2,44,11502,TRUE
INC-202410-LON-007-01,2024-10-24T20:45:00Z,london,LON-007,Tram,Obstruction,Low-Med,2,43,2111,TRUE
INC-202410-LON-014-01,2024-10-25T03:39:00Z,London,LON-014,Bus,Roadworks,Medium,3,50,2264,TRUE
INC-202410-EDI-003-02,2024-10-25T08:23:00Z,Edinburgh,EDI-003,Bus,Accident,Low-Med,2,43,34576,TRUE
INC-202410-LON-021-01,2024-10-25T08:58:00Z,London,LON-021,Bus,Congestion,Low,1,28,3453,TRUE
INC-202410-BRI-007-01,2024-10-25T17:00:00Z,Bristol,BRI-007,Tram,Roadworks,Low,1,13,325,TRUE
INC-202410-BRI-019-01,2024-10-25T23:51:00Z,Bristol,BRI-019,Rail,Rolling Stock,Low-Med,2,40,3904,TRUE
INC-202410-EDI-017-03,2024-10-26T06:18:00Z,Edinburgh,EDI-017,Underground,Power Issue,Med-High,4,100,49583,TRUE
INC-202410-MAN-020-01,2024-10-26T07:13:00Z,Manchester,MAN-020,Bus,Congestion,Low,1,25,689,TRUE
INC-202410-LON-003-02,2024-10-26T09:32:00Z,London,LON-003,Bus,Congestion,Low-Med,2,44,4108,TRUE
INC-202410-MAN-021-01,2024-10-26T17:07:00Z,Manchester,MAN-021,Rail,Signal Failure,Med-High,4,129,21556,TRUE
INC-202410-LON-008-03,2024-10-27T02:16:00Z,London,LON-008,Bus,Congestion,Low-Med,2,38,4207,TRUE
INC-202410-MAN-001-01,2024-10-27T14:20:00Z,Manchester,MAN-001,Bus,Roadworks,Med-High,4,135,12996,TRUE
INC-202410-LON-014-02,2024-10-27T16:01:00Z,London,LON-014,Bus,Congestion,LOW-MED,2,37,1652,TRUE
INC-202410-BRI-008-03,2024-10-27T18:38:00Z,Bristol,BRI-008,Rail,Signal Failure,Med-High,4,203,27011,TRUE
INC-202410-MAN-010-01,2024-10-27T21:17:00Z,Manchester,MAN-010,Rail,Track Fault,Medium,3,124,11009,FALSE
INC-202410-MAN-004-01,2024-10-28T18:06:00Z,Manchester,MAN-004,Bus,Vehicle Fault,Med-High,4,195,14986,TRUE
INC-202410-MAN-001-02,2024-10-30T01:10:00Z,Manchester,MAN-001,Bus,Accident,Medium,3,119,13877,TRUE
INC-202410-EDI-005-01,2024-10-30T04:12:00Z,Edinburgh,EDI-005,Underground,Station Closure,High,5,166,71238,TRUE
INC-202304-MAN-016-01,2024-10-30T04:18:00Z,London,LON-007,tram,Vehicle Fault,LOW-MED,2,40,2060,TRUE
INC-202410-MAN-021-03,2024-10-30T16:47:00Z,Manchester,MAN-021,Rail,Track Fault,Med-High,4,142,33708,TRUE
INC-202410-LON-016-01,2024-10-30T19:35:00Z,London,LON-016,Rail,Signal Failure,Medium,3,68,8665,FALSE
INC-202410-BRI-022-01,2024-10-30T21:48:00Z,Bristol,BRI-022,Underground,Signal Failure,High,5,248,52730,TRUE
INC-202410-EDI-001-01,2024-10-31T06:51:00Z,Edinburgh,EDI-001,Underground,Signal Failure,Medium,3,59,13495,TRUE
INC-202410-BRI-008-02,2024-10-31T07:42:00Z,Bristol,BRI-008,Rail,Track Fault,Medium,3,118,16472,TRUE
INC-202410-LON-018-01,2024-10-31T15:10:00Z,London,LON-018,Bus,Congestion,Medium,3,65,,TRUE
INC-202410-BRI-009-01,2024-10-31T19:20:00Z,Bristol,BRI-009,Tram,Roadworks,Low,1,25,882,TRUE
INC-202411-LON-005-02,2024-11-01T05:49:00Z,London,LON-005,Rail,Signal Failure,Med-High,4,165,32513,TRUE
INC-202411-LON-014-03,2024-11-01T05:53:00Z,london,LON-014,Bus,Vehicle Fault,Med-High,4,190,24634,TRUE
INC-202411-LON-014-02,2024-11-01T10:48:00Z,London,LON-014,Bus,Accident,Medium,3,98,6073,TRUE
INC-202411-LON-017-01,2024-11-01T17:11:00Z,London,LON-017,Bus,Accident,Medium,3,,6173,TRUE
INC-202411-BRI-002-02,2024-11-01T19:13:00Z,Bristol,BRI-002,Bus,Congestion,Medium,3,81,4761,TRUE
INC-202411-LON-012-02,2024-11-02T09:36:00Z,London,LON-012,Bus,Vehicle Fault,Low,1,13,1411,TRUE
INC-202411-BRI-018-02,2024-11-02T23:57:00Z,Bristol,BRI-018,Bus,Vehicle Fault,Low-Med,2,35,1676,TRUE
INC-202411-LON-016-01,2024-11-03T01:14:00Z,London,LON-016,Rail,,Medium,3,69,9673,TRUE
INC-202411-MAN-007-02,2024-11-03T04:36:00Z,Manchester,MAN-007,Tram,Roadworks,Low,1,11,176,TRUE
INC-202411-MAN-015-02,2024-11-03T08:20:00Z,Manchester,MAN-015,Bus,Roadworks,Low-Med,2,18,1603,TRUE
INC-202411-BRI-018-03,2024-11-03T13:24:00Z,Bristol,BRI-018,Bus,Vehicle Fault,Low,1,8,207,TRUE
INC-202411-EDI-021-01,2024-11-03T16:23:00Z,Edinburgh,EDI-021,Tram,Roadworks,Low-Med,2,37,1745,TRUE
INC-202411-EDI-002-01,2024-11-04T07:57:00Z,Edinburgh,EDI-002,Bus,Congestion,Low-Med,2,32,1051,TRUE
INC-202411-MAN-020-01,2024-11-05T02:10:00Z,Manchester,MAN-020,Bus,Vehicle Fault,Low-Med,2,57,3567,TRUE
INC-202411-EDI-011-02,2024-11-05T16:55:00Z,Edinburgh,EDI-011,Bus,Vehicle Fault,Low-Med,2,34,2359,TRUE
INC-202411-LON-012-01,2024-11-06T02:29:00Z,London,LON-012,Bus,Congestion,Med-High,4,202,27803,TRUE
INC-202411-BRI-004-02,2024-11-06T16:32:00Z,Bristol,BRI-004,Underground,Signal Failure,High,5,155,33424,TRUE
INC-202411-LON-005-01,2024-11-06T18:26:00Z,London,LON-005,Rail,Signal Failure,Medium,3,96,12196,TRUE
INC-202411-MAN-016-01,2024-11-07T07:55:00Z,Manchester,MAN-016,Bus,Congestion,Medium,3,95,5831,TRUE
INC-202411-EDI-001-02,2024-11-07T08:25:00Z,Edinburgh,EDI-001,Underground,Signal Failure,Med-High,4,123,176984,TRUE
INC-202411-EDI-011-01,2024-11-08T16:51:00Z,Edinburgh,EDI-011,Bus,Congestion,Low-Med,2,43,4200,TRUE
INC-202411-EDI-017-01,2024-11-09T11:50:00Z,Edinburgh,EDI-017,Underground,Power Issue,Medium,3,112,17806,TRUE
INC-202411-LON-020-01,2024-11-10T11:57:00Z,London,LON-020,Bus,Congestion,Medium,3,104,7298,TRUE
INC-202411-BRI-003-01,2024-11-10T20:37:00Z,Bristol,BRI-003,Rail,Weather,Med-High,4,136,40550,TRUE
INC-202411-BRI-004-01,2024-11-11T22:57:00Z,Bristol,BRI-004,Underground,Passenger Incident,Med High,4,176,314880,TRUE
INC-202411-MAN-005-01,2024-11-13T17:15:00Z,Manchester,MAN-005,Tram,Roadworks,Medium,3,68,2059,TRUE
INC-202411-LON-001-01,2024-11-13T19:48:00Z,London,LON-001,Bus,Congestion,Med-High,4,167,6379,TRUE
INC-202411-BRI-002-01,2024-11-14T03:46:00Z,Bristol,BRI-002,Bus,Accident,Low-Med,2,27,1324,TRUE
INC-202411-MAN-020-02,2024-11-14T12:32:00Z,Manchester,MAN-020,Bus,Accident,Med-High,4,161,6656,TRUE
INC-202411-EDI-020-01,2024-11-15T16:44:00Z,Edinburgh,EDI-020,Rail,Signal Failure,Med-High,4,,27803,TRUE
INC-202411-MAN-019-01,2024-11-15T22:02:00Z,Manchester,MAN-019,Underground,Power Issue,Med-High,4,138,42529,TRUE
INC-202411-MAN-017-02,2024-11-15T22:56:00Z,Manchester,MAN-017,Underground,Signal Failure,Med-High,4,211,69927,TRUE
INC-202411-BRI-017-01,2024-11-16T00:58:00Z,Bristol,BRI-017,Bus,Congestion,Low-Med,2,24,872,TRUE
INC-202411-EDI-009-01,2024-11-16T05:27:00Z,Edinburgh,EDI-009,Bus,Vehicle Fault,Low-Med,2,28,846,TRUE
INC-202411-EDI-004-01,2024-11-16T15:04:00Z,Edinburgh,EDI-004,Bus,Staff Shortage,Low,1,26,1854,TRUE
INC-202411-LON-016-02,2024-11-16T19:56:00Z,London,LON-016,Rail,Signal Failure,Medium,3,71,13588,TRUE
INC-202411-MAN-010-01,2024-11-16T22:05:00Z,Manchester,MAN-010,Rail,Rolling Stock,Low,1,27,2514,TRUE
INC-202411-BRI-018-01,2024-11-17T16:02:00Z,Bristol,BRI-018,Bus,Vehicle Fault,LOW-MED,2,35,1040,TRUE
INC-202411-LON-022-01,2024-11-17T16:23:00Z,London,LON-022,Underground,Station Closure,Med-High,4,206,51338,TRUE
INC-202411-BRI-001-01,2024-11-18T08:13:00Z,Bristol,BRI-001,Bus,Accident,Medium,3,103,,TRUE
INC-202411-LON-009-01,2024-11-18T08:59:00Z,London,LON-009,Rail,Signal Failure,Med-High,4,160,13647,TRUE
INC-202411-EDI-006-01,2024-11-18T17:20:00Z,Edinburgh,EDI-006,Underground,Signal Failure,High,5,206,72563,TRUE
INC-202411-MAN-015-03,2024-11-20T04:41:00Z,MAN,MAN-015,Bus,Roadworks,Low-Med,2,30,1548,TRUE
INC-202411-LON-013-03,2024-11-20T10:43:00Z,London,LON-013,Underground,Power Issue,Med-High,4,169,44837,TRUE
INC-202411-MAN-017-01,2024-11-20T18:20:00Z,Manchester,MAN-017,Underground,Power Issue,Medium,3,96,40387,TRUE
INC-202411-EDI-013-01,2024-11-21T08:15:00Z,Edinburgh,EDI-013,Rail,Rolling Stock,Low,1,20,1633,TRUE
INC-202411-MAN-007-01,2024-11-21T08:26:00Z,Manchester,MAN-007,Tram,Roadworks,Low-Med,2,30,770,TRUE
INC-202411-LON-004-01,2024-11-21T17:25:00Z,London,LON-004,Tram,Vehicle Fault,Medium,3,108,2510,TRUE
INC-202411-LON-014-01,2024-11-21T18:48:00Z,London,LON-014,Bus,Staff Shortage,Medium,3,103,10905,TRUE
INC-202411-BRI-013-01,2024-11-22T10:43:00Z,Bristol,BRI-013,bus,Roadworks,Low-Med,2,24,1997,TRUE
INC-202411-BRI-021-01,2024-11-23T03:48:00Z,Bristol,BRI-021,Rail,Weather,Medium,3,52,6879,TRUE
INC-202411-LON-015-01,2024-11-23T04:53:00Z,london,LON-015,Rail,Signal Failure,Med-High,4,138,44705,TRUE
INC-202411-LON-021-01,2024-11-23T15:07:00Z,London,LON-021,Bus,Staff Shortage,Low-Med,2,56,4247,TRUE
INC-202411-LON-008-03,2024-11-23T17:03:00Z,London,LON-008,Bus,Staff Shortage,High,5,156,16691,TRUE
INC-202411-EDI-007-01,2024-11-24T02:08:00Z,Edinburgh,EDI-007,BikeShare,Dock Empty,Low,1,13,,TRUE
INC-202411-LON-005-03,2024-11-25T16:28:00Z,London,LON-005,Rail,Signal Failure,Med-High,4,179,51228,TRUE
INC-202411-LON-013-02,2024-11-25T18:37:00Z,London,LON-013,Underground,Power Issue,Med-High,4,173,49886,TRUE
INC-202411-LON-008-02,2024-11-26T05:03:00Z,London,LON-008,Bus,Congestion,Med-High,4,200,16131,TRUE
INC-202203-LON-007-04,2024-11-26T18:03:00Z,Bristol,BRI-011,Bus,Congestion,Low,1,16,397,TRUE
INC-202411-BRI-008-01,2024-11-26T20:49:00Z,Bristol,BRI-008,Rail,Track Fault,Medium,3,99,10370,TRUE
INC-202411-LON-005-04,2024-11-26T21:18:00Z,London,LON-005,Rail,Track Fault,Med-High,4,147,34338,TRUE
INC-202411-MAN-015-01,2024-11-27T06:03:00Z,Manchester,MAN-015,Bus,Congestion,Low-Med,2,38,2638,TRUE
INC-202411-BRI-005-01,2024-11-27T09:49:00Z,Bristol,BRI-005,Bus,Staff Shortage,Medium,3,102,6392,TRUE
INC-202411-BRI-003-02,2024-11-27T12:19:00Z,Bristol,BRI-003,Rail,Weather,Med-High,4,172,20585,TRUE
INC-202411-LON-008-01,2024-11-27T15:44:00Z,London,LON-008,Bus,Staff Shortage,Med High,4,135,13740,FALSE
INC-202411-LON-005-05,2024-11-28T10:05:00Z,London,LON-005,Rail,Signal Failure,High,5,303,37063,TRUE
INC-202411-LON-005-06,2024-11-28T15:19:00Z,London,LON-005,Rail,Rolling Stock,MEDIUM,3,129,20901,TRUE
INC-202411-LON-013-01,2024-11-28T19:27:00Z,London,LON-013,Underground,Signal Failure,Med-High,4,214,56627,TRUE
INC-202411-LON-008-04,2024-11-28T23:29:00Z,London,LON-008,Bus,Roadworks,Med-High,4,167,21313,TRUE
INC-202411-MAN-022-01,2024-11-29T07:51:00Z,Manchester,MAN-022,Rail,Track Fault,Low,1,32,4201,TRUE
INC-202411-EDI-001-01,2024-11-29T17:18:00Z,Edinburgh,EDI-001,Underground,Power Issue,HIGH,5,267,116723,TRUE
INC-202411-LON-007-01,2024-11-30T21:41:00Z,London,LON-007,Tram,Obstruction,Low,1,22,1275,TRUE
INC-202412-MAN-017-01,2024-12-01T14:11:00Z,Manchester,MAN-017,Underground,Power Issue,Medium,3,92,29978,TRUE
INC-202412-BRI-013-01,2024-12-01T16:53:00Z,Bristol,BRI-013,Bus,Vehicle Fault,Low,1,18,1556,TRUE
INC-202412-BRI-022-02,2024-12-01T18:03:00Z,Bristol,BRI-022,Underground,Passenger Incident,Med-High,4,204,47098,TRUE
INC-202412-LON-013-04,2024-12-02T13:00:00Z,London,LON-013,Underground,Signal Failure,Med-High,4,183,56922,TRUE
INC-202412-EDI-014-03,2024-12-02T19:50:00Z,Edinburgh,EDI-014,Underground,Signal Failure,Med-High,4,133,13197,TRUE
INC-202412-LON-003-01,2024-12-03T07:01:00Z,London,LON-003,Bus,Staff Shortage,Low,1,5,315,TRUE
INC-202412-EDI-012-01,2024-12-03T07:19:00Z,Edinburgh,EDI-012,Underground,Power Issue,Low-Med,2,44,12800,TRUE
INC-202412-EDI-012-03,2024-12-03T08:10:00Z,Edinburgh,EDI-012,Underground,Station Closure,Med-High,4,106,17703,TRUE
INC-202412-EDI-006-01,2024-12-03T15:28:00Z,Edinburgh,EDI-006,Underground,Station Closure,Med-High,4,108,20063,TRUE
INC-202412-LON-002-04,2024-12-03T18:17:00Z,London,LON-002,Bus,Vehicle Fault,Low-Med,2,28,1378,TRUE
INC-202412-MAN-019-01,2024-12-04T18:11:00Z,Manchester,MAN-019,Underground,Power Issue,Medium,3,97,34579,TRUE
INC-202412-MAN-001-01,2024-12-05T08:27:00Z,Manchester,MAN-001,Bus,Roadworks,Low Med,2,27,1530,TRUE
INC-202412-EDI-021-01,2024-12-05T16:38:00Z,Edinburgh,EDI-021,Tram,Vehicle Fault,Low,1,22,956,TRUE
INC-202412-BRI-012-02,2024-12-06T06:33:00Z,Bristol,BRI-012,BikeShare,Dock Empty,Low,1,17,56,TRUE
INC-202412-LON-014-01,2024-12-06T18:13:00Z,London,LON-014,Bus,Roadworks,Low-Med,2,42,2962,TRUE
INC-202412-MAN-012-02,2024-12-07T04:07:00Z,Manchester,MAN-012,Rail,Track Fault,Medium,3,110,8153,TRUE
INC-202412-LON-021-01,2024-12-07T19:40:00Z,London,LON-021,Bus,Congestion,Med-High,4,165,13043,TRUE
INC-202412-BRI-018-01,2024-12-07T19:41:00Z,Bristol,BRI-018,Bus,Accident,Medium,3,117,5269,FALSE
INC-202412-BRI-012-01,2024-12-08T12:10:00Z,Bristol,BRI-012,BikeShare,Vandalism,Low,1,6,26,TRUE
INC-202412-LON-020-01,2024-12-08T14:46:00Z,London,LON-020,Bus,Staff Shortage,Low,1,12,1927,TRUE
INC-202412-LON-012-01,2024-12-08T18:31:00Z,London,LON-012,Bus,Congestion,Medium,3,96,4883,TRUE
INC-202412-EDI-012-02,2024-12-08T19:09:00Z,Edinburgh,EDI-012,Underground,Power Issue,Medium,3,80,20864,TRUE
INC-202412-LON-005-01,2024-12-08T20:57:00Z,London,LON-005,Rail,Signal Failure,Med-High,4,168,19382,TRUE
INC-202412-LON-016-01,2024-12-08T23:14:00Z,London,LON-016,rail,Signal Failure,Med-High,4,145,36685,TRUE
INC-202412-BRI-019-01,2024-12-09T15:46:00Z,Bristol,BRI-019,Rail,Weather,Low,1,,4719,FALSE
INC-202412-MAN-017-04,2024-12-09T15:54:00Z,Manchester,MAN-017,Underground,Passenger Incident,Low-Med,2,17,2957,TRUE
INC-202412-MAN-008-01,2024-12-09T18:21:00Z,Manchester,MAN-008,Bus,Congestion,Low-Med,2,31,1927,TRUE
INC-202412-MAN-022-02,2024-12-10T04:06:00Z,Manchester,MAN-022,Rail,Track Fault,Med-High,4,103,14804,TRUE
INC-202412-MAN-003-01,2024-12-10T17:09:00Z,Manchester,MAN-003,BikeShare,App Outage,Low,1,9,164,TRUE
INC-202412-BRI-002-01,2024-12-11T10:39:00Z,Bristol,BRI-002,Bus,Staff Shortage,Low,1,23,1323,TRUE
INC-202412-LON-019-01,2024-12-11T10:58:00Z,LDN,LON-019,Bus,Vehicle Fault,Med-High,4,197,18247,TRUE
INC-202412-LON-014-02,2024-12-11T17:42:00Z,London,LON-014,Bus,Accident,Medium,3,92,15033,TRUE
INC-202412-LON-008-01,2024-12-12T07:26:00Z,London,LON-008,Bus,Congestion,Low-Med,2,37,2760,TRUE
INC-202412-EDI-013-02,2024-12-12T07:50:00Z,Edinburgh,EDI-013,Rail,Track Fault,Med-High,4,137,29700,TRUE
INC-202412-MAN-010-01,2024-12-12T09:24:00Z,Manchester,MAN-010,Rail,Track Fault,Low Med,2,32,4137,TRUE
INC-202412-MAN-006-01,2024-12-12T16:42:00Z,Manchester,MAN-006,Tram,Vehicle Fault,Low-Med,2,38,1259,TRUE
INC-202412-EDI-015-02,2024-12-13T01:22:00Z,Edinburgh,EDI-015,Bus,Congestion,Low-Med,2,52,3732,TRUE
INC-202412-LON-011-01,2024-12-13T04:37:00Z,London,LON-011,Tram,Vehicle Fault,Medium,3,74,3337,TRUE
INC-202412-MAN-010-02,2024-12-13T08:33:00Z,Manchester,MAN-010,Rail,Track Fault,Medium,3,102,6424,TRUE
INC-202412-MAN-017-02,2024-12-13T18:18:00Z,Manchester,MAN-017,Underground,Station Closure,Med-High,4,185,25906,TRUE
INC-202412-LON-006-02,2024-12-13T19:32:00Z,London,LON-006,BikeShare,Dock Full,Medium,3,93,1889,TRUE
INC-202412-MAN-019-02,2024-12-14T06:21:00Z,Manchester,MAN-019,Underground,Signal Failure,Low-Med,2,42,10220,TRUE
INC-202412-LON-002-03,2024-12-14T12:12:00Z,London,LON-002,Bus,Roadworks,Med High,4,159,11385,TRUE
INC-202412-LON-012-02,2024-12-14T13:35:00Z,London,LON-012,Bus,Congestion,Low,1,16,1021,TRUE
INC-202412-EDI-005-02,2024-12-14T18:34:00Z,Edinburgh,EDI-005,Underground,Power Issue,Medium,3,69,10990,TRUE
INC-202412-EDI-014-01,2024-12-15T02:02:00Z,Edinburgh,EDI-014,Underground,Signal Failure,Med-High,4,128,21941,TRUE
INC-202412-EDI-004-01,2024-12-15T07:18:00Z,Edinburgh,EDI-004,Bus,Roadworks,Low-Med,2,43,1042,TRUE
INC-202412-BRI-014-01,2024-12-15T07:46:00Z,Bristol,BRI-014,Bus,Congestion,Low-Med,2,46,2678,TRUE
INC-202412-MAN-020-02,2024-12-15T08:56:00Z,Manchester,MAN-020,Bus,Roadworks,Medium,3,101,8955,TRUE
INC-202412-LON-004-03,2024-12-16T06:36:00Z,London,LON-004,Tram,Obstruction,Medium,3,55,3388,TRUE
INC-202412-MAN-021-01,2024-12-16T08:10:00Z,Manchester,MAN-021,Rail,Rolling Stock,Medium,3,97,4948,TRUE
INC-202412-MAN-009-01,2024-12-16T08:30:00Z,Manchester,MAN-009,Underground,Signal Failure,High,5,307,222761,TRUE
INC-202412-LON-015-01,2024-12-16T09:19:00Z,London,LON-015,Rail,Rolling Stock,High,5,154,27743,TRUE
INC-202412-EDI-009-02,2024-12-16T09:29:00Z,Edinburgh,EDI-009,Bus,Roadworks,Low,1,27,984,TRUE
INC-202412-LON-021-02,2024-12-16T16:04:00Z,London,LON-021,Bus,Congestion,Low-Med,2,41,3508,TRUE
INC-202412-BRI-022-01,2024-12-16T17:40:00Z,Bristol,BRI-022,Underground,Signal Failure,Medium,3,62,20760,TRUE
INC-202412-MAN-005-01,2024-12-16T18:55:00Z,Manchester,MAN-005,Tram,Vehicle Fault,Low-Med,2,40,2139,TRUE
INC-202412-MAN-004-01,2024-12-17T06:09:00Z,Manchester,MAN-004,Bus,,Low,1,14,,FALSE
INC-202412-LON-018-01,2024-12-17T08:01:00Z,London,LON-018,Bus,Vehicle Fault,Low-Med,2,40,3219,TRUE
INC-202412-LON-004-01,2024-12-18T09:58:00Z,London,LON-004,Tram,Roadworks,Medium,3,116,3523,TRUE
INC-202412-EDI-013-01,2024-12-18T12:10:00Z,Edinburgh,EDI-013,Rail,Signal Failure,Med-High,4,123,17496,TRUE
INC-202412-MAN-017-03,2024-12-18T16:29:00Z,Manchester,MAN-017,Underground,Signal Failure,Medium,3,64,9623,FALSE
INC-202412-EDI-005-01,2024-12-18T19:48:00Z,Edinburgh,EDI-005,Underground,Power Issue,High,5,319,60713,TRUE
INC-202412-MAN-022-01,2024-12-18T20:58:00Z,Manchester,MAN-022,Rail,Rolling Stock,Med-High,4,195,20779,TRUE
INC-202504-EDI-014-02,2024-12-19T06:21:00Z,Edinburgh,EDI-021,tram,Power Issue,Medium,3,123,4912,TRUE
INC-202412-EDI-014-02,2024-12-19T21:49:00Z,Edinburgh,EDI-014,Underground,Passenger Incident,Low-Med,2,40,7036,TRUE
INC-202412-MAN-011-01,2024-12-20T04:31:00Z,Manchester,MAN-011,Bus,Vehicle Fault,Low-Med,2,64,5981,TRUE
INC-202412-EDI-004-03,2024-12-20T04:55:00Z,Edinburgh,EDI-004,Bus,Congestion,Low,1,15,1896,TRUE
INC-202412-EDI-001-01,2024-12-20T08:04:00Z,Edinburgh,EDI-001,Underground,Station Closure,Low-Med,2,50,10910,TRUE
INC-202412-MAN-001-02,2024-12-20T09:02:00Z,Manchester,MAN-001,Bus,Staff Shortage,Low-Med,2,40,1670,TRUE
INC-202412-EDI-011-01,2024-12-20T09:12:00Z,Edinburgh,EDI-011,Bus,Congestion,Low-Med,2,33,1430,FALSE
INC-202412-LON-002-01,2024-12-20T19:36:00Z,London,LON-002,Bus,,Low-Med,2,31,1854,TRUE
INC-202412-BRI-004-01,2024-12-20T20:31:00Z,Bristol,BRI-004,Underground,Power Issue,Low,1,22,3098,TRUE
INC-202412-LON-008-02,2024-12-21T05:58:00Z,London,LON-008,Bus,Roadworks,Low Med,2,760,3524,TRUE
INC-202412-LON-013-01,2024-12-21T07:14:00Z,London,LON-013,Underground,Station Closure,High,5,153,53330,TRUE
INC-202412-BRI-009-01,2024-12-22T08:29:00Z,Bristol,BRI-009,Tram,Vehicle Fault,Low,1,20,1039,TRUE
INC-202412-EDI-018-02,2024-12-22T09:37:00Z,Edinburgh,EDI-018,Rail,Rolling Stock,Medium,3,112,15762,TRUE
INC-202412-BRI-021-01,2024-12-22T11:30:00Z,Bristol,BRI-021,Rail,Track Fault,Low,1,25,2396,TRUE
INC-202412-LON-003-02,2024-12-22T18:15:00Z,London,LON-003,Bus,Vehicle Fault,Low Med,2,28,1037,TRUE
INC-202412-EDI-003-01,2024-12-23T09:45:00Z,Edinburgh,EDI-003,Bus,Roadworks,Low,1,21,786,TRUE
INC-202412-LON-001-02,2024-12-23T22:41:00Z,London,LON-001,bus,Congestion,Medium,3,110,13670,TRUE
INC-202412-EDI-009-01,2024-12-24T07:01:00Z,Edinburgh,EDI-009,bus,Vehicle Fault,Low,1,22,582,FALSE
INC-202412-EDI-009-01,2024-12-24T07:02:00Z,Edinburgh,EDI-009,bus,Vehicle Fault,Low,1,22,582,FALSE
INC-202412-BRI-020-01,2024-12-24T17:49:00Z,Bristol,BRI-020,Rail,Signal Failure,Low-Med,2,54,7895,TRUE
INC-202412-MAN-014-01,2024-12-24T21:39:00Z,Manchester,MAN-014,BikeShare,Bike Fault,Low,1,6,66,TRUE
INC-202412-LON-013-03,2024-12-25T02:37:00Z,London,LON-013,Underground,Station Closure,High,5,207,48765,TRUE
INC-202412-EDI-014-04,2024-12-25T05:45:00Z,Edinburgh,EDI-014,Underground,,Med-High,4,138,19336,TRUE
INC-202412-MAN-022-03,2024-12-25T06:18:00Z,Manchester,MAN-022,Rail,Signal Failure,Med-High,4,170,18437,TRUE
INC-202412-MAN-020-01,2024-12-25T22:26:00Z,Manchester,MAN-020,Bus,Roadworks,Low-Med,2,55,6908,FALSE
INC-202412-MAN-004-02,2024-12-26T08:33:00Z,Manchester,MAN-004,Bus,Staff Shortage,Low-Med,2,48,2415,TRUE
INC-202412-MAN-013-01,2024-12-26T09:22:00Z,Manchester,MAN-013,Underground,Signal Failure,Medium,3,124,49980,FALSE
INC-202412-EDI-018-01,2024-12-26T11:55:00Z,Edinburgh,EDI-018,Rail,Signal Failure,Med-High,4,143,34944,TRUE
INC-202412-LON-001-01,2024-12-26T19:06:00Z,London,LON-001,Bus,Roadworks,Low-Med,2,42,2068,TRUE
INC-202412-LON-022-01,2024-12-26T21:39:00Z,London,LON-022,Underground,Signal Failure,Med-High,4,161,27965,TRUE
INC-202412-LON-013-02,2024-12-27T07:06:00Z,London,LON-013,Underground,Signal Failure,High,5,162,143478,TRUE
INC-202412-MAN-012-01,2024-12-27T12:30:00Z,Manchester,MAN-012,Rail,Track Fault,Medium,3,128,6483,TRUE
INC-202412-EDI-005-03,2024-12-28T10:45:00Z,Edinburgh,EDI-005,Underground,Signal Failure,Medium,3,95,28025,TRUE
INC-202412-MAN-004-03,2024-12-28T13:39:00Z,Manchester,MAN-004,Bus,Roadworks,Medium,3,82,6757,TRUE
INC-202412-BRI-005-01,2024-12-28T17:22:00Z,Bristol,BRI-005,Bus,Congestion,Low,1,16,858,TRUE
INC-202412-LON-005-02,2024-12-29T04:04:00Z,London,LON-005,Rail,,High,5,165,21067,TRUE
INC-202412-LON-002-05,2024-12-29T08:26:00Z,London,LON-002,Bus,Vehicle Fault,Med-High,4,137,20190,FALSE
INC-202304-LON-012-03,2024-12-29T15:57:00Z,Edinburgh,EDI-018,Rail,Signal Failure,Low,1,23,2583,TRUE
INC-202412-BRI-017-01,2024-12-29T17:59:00Z,Bristol,BRI-017,Bus,Congestion,Low,1,10,335,TRUE
INC-201906-LON-008-02,2024-12-29T20:05:00Z,London,LON-004,Tram,Roadworks,Low-Med,2,52,2665,FALSE
INC-202412-LON-010-01,2024-12-30T09:27:00Z,London,LON-010,BikeShare,Bike Fault,Low,1,17,63,TRUE
INC-202412-LON-002-02,2024-12-31T06:15:00Z,London,LON-002,Bus,Vehicle Fault,Low,1,22,1625,FALSE
INC-202412-EDI-015-01,2024-12-31T08:10:00Z,Edinburgh,EDI-015,Bus,Vehicle Fault,Low-Med,2,36,1426,TRUE
INC-202412-BRI-011-01,2024-12-31T13:16:00Z,Bristol,BRI-011,Bus,Congestion,Low-Med,2,28,982,TRUE
INC-202412-LON-006-01,2024-12-31T19:24:00Z,London,LON-006,BikeShare,Dock Empty,Low-Med,2,35,1216,TRUE
INC-202412-MAN-001-03,2024-12-31T19:48:00Z,Manchester,MAN-001,Bus,Congestion,Medium,3,81,8847,TRUE
INC-202412-BRI-009-02,2024-12-31T21:03:00Z,Bristol,BRI-009,Tram,Vehicle Fault,Low,1,9,206,TRUE
INC-202412-EDI-004-02,2024-12-31T22:12:00Z,Edinburgh,EDI-004,Bus,Accident,Medium,3,68,31112,TRUE
INC-202501-EDI-005-02,2025-01-01T17:52:00Z,Edinburgh,EDI-005,Underground,Passenger Incident,Medium,3,50,11906,TRUE
INC-202501-EDI-011-01,2025-01-02T02:03:00Z,Edinburgh,EDI-011,Bus,Congestion,Low,1,13,699,TRUE
INC-202501-BRI-021-01,2025-01-02T04:42:00Z,Bristol,BRI-021,Rail,Signal Failure,Low-Med,2,65,4620,TRUE
INC-202501-EDI-010-01,2025-01-03T01:18:00Z,Edinburgh,EDI-010,Bus,Vehicle Fault,Low,1,9,708,TRUE
INC-202501-BRI-002-01,2025-01-03T05:10:00Z,Bristol,BRI-002,Bus,Congestion,Low,1,17,437,TRUE
INC-202501-BRI-019-02,2025-01-03T07:50:00Z,Bristol,BRI-019,Rail,Signal Failure,Medium,3,107,5851,TRUE
INC-202501-EDI-017-03,2025-01-03T22:31:00Z,Edinburgh,EDI-017,Underground,Power Issue,Medium,3,81,11181,TRUE
INC-202501-MAN-012-02,2025-01-04T05:53:00Z,Manchester,MAN-012,Rail,Rolling Stock,MEDIUM,3,62,11727,TRUE
INC-202501-BRI-006-01,2025-01-04T11:40:00Z,Bristol,BRI-006,Bus,Roadworks,Low,1,18,1215,TRUE
INC-202501-MAN-012-03,2025-01-04T17:06:00Z,Manchester,MAN-012,Rail,Signal Failure,Med-High,4,204,14186,TRUE
INC-202501-LON-016-01,2025-01-04T17:53:00Z,london,LON-016,Rail,Rolling Stock,Medium,3,90,18415,TRUE
INC-202501-MAN-020-02,2025-01-05T05:23:00Z,Manchester,MAN-020,Bus,Congestion,Low,1,21,2021,TRUE
INC-202501-BRI-001-01,2025-01-06T07:55:00Z,Bristol,BRI-001,Bus,Congestion,Low,1,6,415,TRUE
INC-202501-LON-017-02,2025-01-06T11:56:00Z,London,LON-017,Bus,Vehicle Fault,Medium,3,85,6682,TRUE
INC-202501-EDI-015-01,2025-01-06T16:47:00Z,Edinburgh,EDI-015,Bus,Accident,Medium,3,83,3339,TRUE
INC-202501-EDI-001-01,2025-01-07T04:13:00Z,Edinburgh,EDI-001,Underground,Signal Failure,Med-High,4,163,19586,FALSE
INC-202501-MAN-001-01,2025-01-08T06:07:00Z,Manchester,MAN-001,Bus,Congestion,Low-Med,2,46,1935,TRUE
INC-202501-EDI-017-02,2025-01-09T03:56:00Z,Edinburgh,EDI-017,Underground,Signal Failure,Medium,3,84,20101,TRUE
INC-202501-LON-016-02,2025-01-09T18:33:00Z,London,LON-016,Rail,Track Fault,Medium,3,74,7424,TRUE
INC-202501-EDI-003-01,2025-01-10T23:32:00Z,Edinburgh,EDI-003,Bus,Staff Shortage,Low-Med,2,34,1767,TRUE
INC-202501-LON-006-01,2025-01-11T06:23:00Z,London,LON-006,BikeShare,Vandalism,Low,1,8,140,TRUE
INC-202501-EDI-017-01,2025-01-11T15:39:00Z,Edinburgh,EDI-017,Underground,Station Closure,Medium,3,117,15450,TRUE
INC-202501-LON-014-01,2025-01-11T19:43:00Z,London,LON-014,Bus,Vehicle Fault,Med-High,4,124,10447,FALSE
INC-202501-MAN-015-01,2025-01-12T02:12:00Z,Manchester,MAN-015,Bus,Roadworks,Low Med,2,29,2950,FALSE
INC-202501-LON-002-02,2025-01-12T05:44:00Z,london,LON-002,Bus,Congestion,Medium,3,109,14819,TRUE
INC-202501-BRI-005-02,2025-01-12T08:33:00Z,Bristol,BRI-005,Bus,Vehicle Fault,Low,1,13,1139,TRUE
INC-202501-BRI-008-01,2025-01-12T18:39:00Z,Bristol,BRI-008,Rail,Signal Failure,Low-Med,2,50,4184,TRUE
INC-202501-BRI-014-01,2025-01-13T03:31:00Z,Bristol,BRI-014,Bus,Congestion,Medium,3,100,3947,TRUE
INC-202501-LON-015-02,2025-01-13T10:41:00Z,London,LON-015,Rail,Signal Failure,Medium,3,117,35263,TRUE
INC-202501-LON-001-03,2025-01-13T15:01:00Z,London,LON-001,Bus,Roadworks,Medium,3,,8222,FALSE
INC-202501-EDI-005-01,2025-01-13T19:24:00Z,Edinburgh,EDI-005,Underground,Signal Failure,Low,1,26,6003,TRUE
INC-202501-LON-015-01,2025-01-14T17:22:00Z,London,LON-015,Rail,Weather,Medium,3,87,30091,TRUE
INC-202501-MAN-009-01,2025-01-14T18:52:00Z,Manchester,MAN-009,Underground,Signal Failure,Med-High,4,212,67722,TRUE
INC-202501-BRI-003-01,2025-01-15T07:57:00Z,Bristol,BRI-003,Rail,Weather,Med-High,4,202,23733,TRUE
INC-202501-MAN-011-01,2025-01-16T09:35:00Z,Manchester,MAN-011,Bus,Congestion,Low,1,270,742,TRUE
INC-202501-BRI-003-02,2025-01-17T03:52:00Z,Bristol,BRI-003,Rail,Track Fault,Medium,3,65,5391,TRUE
INC-202501-LON-012-01,2025-01-17T14:06:00Z,London,LON-012,Bus,Accident,Low-Med,2,32,1609,TRUE
INC-202203-BRI-020-01,2025-01-17T16:23:00Z,Bristol,BRI-011,Bus,Staff Shortage,Medium,3,,8416,TRUE
INC-202501-BRI-012-01,2025-01-17T17:13:00Z,Bristol,BRI-012,BikeShare,Bike Fault,Low,1,22,211,TRUE
INC-202501-LON-009-02,2025-01-17T18:26:00Z,London,LON-009,Rail,Rolling Stock,Medium,3,82,14527,TRUE
INC-202501-MAN-013-01,2025-01-17T19:41:00Z,Manchester,MAN-013,Underground,Passenger Incident,Med-High,4,172,108265,TRUE
INC-202501-BRI-019-01,2025-01-17T21:14:00Z,Bristol,BRI-019,Rail,Weather,Low-Med,2,55,7417,TRUE
INC-202501-BRI-002-02,2025-01-19T06:35:00Z,Bristol,BRI-002,Bus,Congestion,Low,1,280,407,TRUE
INC-202501-MAN-013-02,2025-01-19T17:44:00Z,Manchester,MAN-013,Underground,Signal Failure,High,5,253,61144,TRUE
INC-202501-EDI-002-01,2025-01-19T20:38:00Z,Edinburgh,EDI-002,Bus,Congestion,Low,1,13,475,FALSE
INC-202501-BRI-005-01,2025-01-20T00:04:00Z,Bristol,BRI-005,Bus,Roadworks,Low-Med,2,45,2569,TRUE
INC-202501-MAN-004-01,2025-01-20T07:09:00Z,Manchester,MAN-004,Bus,Roadworks,Medium,3,66,5398,TRUE
INC-202501-MAN-005-02,2025-01-20T18:54:00Z,Manchester,MAN-005,Tram,Power Issue,Low,1,16,855,TRUE
INC-202501-EDI-019-01,2025-01-21T08:23:00Z,Edinburgh,EDI-019,Tram,Vehicle Fault,Low,1,20,613,TRUE
INC-202501-EDI-006-02,2025-01-21T16:04:00Z,Edinburgh,EDI-006,underground,Signal Failure,Med-High,4,140,18074,TRUE
INC-202501-MAN-005-01,2025-01-21T19:30:00Z,Manchester,MAN-005,Tram,Obstruction,Low,1,15,405,FALSE
INC-202501-LON-021-02,2025-01-21T22:07:00Z,LDN,LON-021,Bus,Roadworks,Low-Med,2,34,2468,TRUE
INC-202501-LON-002-01,2025-01-22T10:49:00Z,London,LON-002,Bus,Congestion,Medium,3,46,4536,TRUE
INC-202501-EDI-019-02,2025-01-22T17:40:00Z,Edinburgh,EDI-019,Tram,Vehicle Fault,Low,1,11,417,TRUE
INC-202501-MAN-020-01,2025-01-22T19:23:00Z,MAN,MAN-020,Bus,Congestion,Medium,3,82,5647,TRUE
INC-202501-BRI-020-01,2025-01-23T07:08:00Z,Bristol,BRI-020,Rail,Track Fault,Low,1,5,688,TRUE
INC-202501-BRI-006-02,2025-01-23T07:52:00Z,Bristol,BRI-006,Bus,Congestion,Low,1,8,,TRUE
INC-202501-MAN-012-01,2025-01-23T12:12:00Z,Manchester,MAN-012,Rail,Rolling Stock,Medium,3,950,21258,TRUE
INC-202501-LON-022-01,2025-01-23T17:58:00Z,London,LON-022,Underground,Station Closure,Med-High,4,171,,FALSE
INC-202501-MAN-001-02,2025-01-23T21:54:00Z,Manchester,MAN-001,bus,Congestion,Low,1,24,722,TRUE
INC-202501-MAN-019-01,2025-01-23T21:54:00Z,Manchester,MAN-019,Underground,Power Issue,Medium,3,71,15666,TRUE
INC-202501-MAN-022-01,2025-01-24T03:14:00Z,Manchester,MAN-022,Rail,Signal Failure,Med-High,4,145,21560,TRUE
INC-202501-LON-017-01,2025-01-24T05:24:00Z,London,LON-017,Bus,,Low,1,14,1174,TRUE
INC-202501-MAN-021-01,2025-01-24T10:23:00Z,Manchester,MAN-021,Rail,Rolling Stock,Low-Med,2,37,5627,TRUE
INC-202501-LON-009-01,2025-01-24T19:31:00Z,London,LON-009,Rail,,Med-High,4,103,38927,TRUE
INC-202501-LON-019-02,2025-01-25T04:20:00Z,london,LON-019,Bus,Accident,Low-Med,2,35,2573,TRUE
INC-202501-LON-016-03,2025-01-26T08:19:00Z,London,LON-016,Rail,Signal Failure,Low-Med,2,52,4052,TRUE
INC-202501-LON-018-02,2025-01-26T13:20:00Z,London,LON-018,Bus,Congestion,Low-Med,2,48,3717,TRUE
INC-202501-MAN-016-02,2025-01-26T14:06:00Z,Manchester,MAN-016,Bus,Accident,Low-Med,2,54,1696,TRUE
INC-202501-MAN-004-02,2025-01-26T22:39:00Z,Manchester,MAN-004,Bus,Vehicle Fault,MEDIUM,3,71,,TRUE
INC-202501-BRI-018-01,2025-01-26T23:45:00Z,Bristol,BRI-018,Bus,Accident,Low-Med,2,46,4735,TRUE
INC-202501-EDI-011-02,2025-01-27T00:40:00Z,Edinburgh,EDI-011,Bus,,Low-Med,2,57,3347,TRUE
INC-202501-MAN-016-01,2025-01-27T01:58:00Z,Manchester,MAN-016,Bus,Roadworks,Low-Med,2,41,1290,TRUE
INC-202501-MAN-007-01,2025-01-27T20:56:00Z,Manchester,MAN-007,Tram,Power Issue,Low,1,13,443,TRUE
INC-202501-MAN-016-03,2025-01-28T04:19:00Z,Manchester,MAN-016,Bus,Congestion,Low-Med,2,34,1830,FALSE
INC-202501-LON-001-02,2025-01-28T05:53:00Z,London,LON-001,Bus,Roadworks,Med-High,4,192,18309,TRUE
INC-202501-LON-018-01,2025-01-28T09:59:00Z,London,LON-018,Bus,Accident,Medium,3,78,5063,TRUE
INC-202501-BRI-018-02,2025-01-28T15:41:00Z,Bristol,BRI-018,Bus,Roadworks,Medium,3,98,4561,TRUE
INC-202501-EDI-013-01,2025-01-29T17:39:00Z,Edinburgh,EDI-013,Rail,Rolling Stock,Low-Med,2,73,5370,TRUE
INC-202501-MAN-017-01,2025-01-29T17:58:00Z,Manchester,MAN-017,Underground,Signal Failure,High,5,156,74517,TRUE
INC-202501-BRI-018-03,2025-01-29T21:22:00Z,Bristol,BRI-018,Bus,Congestion,Low-Med,2,41,2658,TRUE
INC-202501-BRI-016-01,2025-01-30T07:44:00Z,Bristol,BRI-016,Rail,Track Fault,Med-High,4,112,30076,TRUE
INC-202501-LON-019-01,2025-01-30T11:49:00Z,London,LON-019,bus,Congestion,Med-High,4,130,9964,TRUE
INC-202501-LON-015-03,2025-01-30T22:42:00Z,London,LON-015,Rail,Rolling Stock,Med-High,4,189,29891,TRUE
INC-202501-LON-001-01,2025-01-31T08:00:00Z,London,LON-001,Bus,Vehicle Fault,Medium,3,105,8253,TRUE
INC-202501-EDI-006-01,2025-01-31T14:47:00Z,Edinburgh,EDI-006,Underground,Power Issue,Med-High,4,139,32772,TRUE
INC-202501-EDI-018-01,2025-01-31T19:21:00Z,Edinburgh,EDI-018,Rail,Rolling Stock,High,5,206,21767,TRUE
INC-202501-MAN-010-01,2025-01-31T19:41:00Z,Manchester,MAN-010,Rail,Track Fault,Low,1,15,2034,TRUE
INC-202501-LON-021-01,2025-01-31T20:02:00Z,London,LON-021,Bus,Roadworks,Low-Med,2,47,5490,TRUE
INC-202502-MAN-001-01,2025-02-01T06:52:00Z,Manchester,MAN-001,Bus,Vehicle Fault,Low-Med,2,47,3118,TRUE
INC-202502-EDI-011-02,2025-02-01T19:01:00Z,Edinburgh,EDI-011,Bus,Congestion,Low-Med,2,47,2313,TRUE
INC-202502-BRI-003-01,2025-02-03T06:04:00Z,Bristol,BRI-003,Rail,Signal Failure,Medium,3,82,55080,FALSE
INC-202502-LON-014-01,2025-02-03T06:05:00Z,london,LON-014,Bus,Congestion,Med-High,4,194,24245,TRUE
INC-202502-MAN-019-02,2025-02-03T09:23:00Z,MAN,MAN-019,Underground,Power Issue,Med-High,4,168,20398,TRUE
INC-202502-LON-002-01,2025-02-03T16:13:00Z,London,LON-002,Bus,Congestion,Medium,3,86,6008,TRUE
INC-202502-EDI-017-01,2025-02-03T18:12:00Z,Edinburgh,EDI-017,Underground,Passenger Incident,Med-High,4,203,69958,FALSE
INC-202502-LON-009-03,2025-02-03T19:12:00Z,London,LON-009,Rail,Signal Failure,High,5,316,44024,TRUE
INC-202502-MAN-021-01,2025-02-03T19:37:00Z,Manchester,MAN-021,Rail,Signal Failure,Med-High,4,103,16450,TRUE
INC-202502-BRI-019-01,2025-02-04T02:31:00Z,Bristol,BRI-019,Rail,Signal Failure,Med-High,4,165,44264,TRUE
INC-202502-MAN-001-03,2025-02-04T04:00:00Z,Manchester,MAN-001,Bus,Congestion,Low-Med,2,21,890,TRUE
INC-202502-MAN-018-01,2025-02-04T15:44:00Z,Manchester,MAN-018,BikeShare,Dock Empty,Low,1,10,150,TRUE
INC-202502-MAN-005-03,2025-02-04T16:40:00Z,Manchester,MAN-005,Tram,Power Issue,Low,1,23,498,TRUE
INC-202502-EDI-009-01,2025-02-05T05:05:00Z,Edinburgh,EDI-009,Bus,Vehicle Fault,Low-Med,2,34,2400,TRUE
INC-202502-BRI-002-02,2025-02-05T06:22:00Z,Bristol,BRI-002,Bus,Congestion,Low,1,26,1198,TRUE
INC-202502-BRI-014-01,2025-02-05T11:24:00Z,Bristol,BRI-014,Bus,Congestion,Low-Med,2,44,3267,TRUE
INC-202502-EDI-017-02,2025-02-05T23:49:00Z,Edinburgh,EDI-017,Underground,Signal Failure,Medium,3,88,16818,TRUE
INC-202502-MAN-009-01,2025-02-06T08:15:00Z,Manchester,MAN-009,Underground,Power Issue,High,5,262,,TRUE
INC-202502-LON-003-03,2025-02-06T17:32:00Z,London,LON-003,Bus,Roadworks,Low-Med,2,54,2999,TRUE
INC-202502-LON-006-02,2025-02-06T19:45:00Z,London,LON-006,BikeShare,Bike Fault,Low-Med,2,44,825,TRUE
INC-202502-MAN-021-02,2025-02-07T13:42:00Z,Manchester,MAN-021,Rail,Track Fault,Low-Med,2,63,9326,TRUE
INC-202502-EDI-002-01,2025-02-07T15:21:00Z,Edinburgh,EDI-002,Bus,Roadworks,Low,1,10,312,TRUE
INC-202502-MAN-019-01,2025-02-07T22:02:00Z,Manchester,MAN-019,Underground,Signal Failure,Medium,3,117,24987,FALSE
INC-202502-BRI-005-01,2025-02-08T18:47:00Z,Bristol,BRI-005,Bus,Congestion,Low-Med,2,58,2750,TRUE
INC-202502-EDI-014-01,2025-02-09T06:02:00Z,Edinburgh,EDI-014,Underground,Station Closure,Med-High,4,187,43510,TRUE
INC-202502-LON-008-01,2025-02-09T11:26:00Z,London,LON-008,Bus,Roadworks,Medium,3,99,7410,TRUE
INC-202502-MAN-002-02,2025-02-10T07:57:00Z,Manchester,MAN-002,Tram,Vehicle Fault,Low,1,25,1464,TRUE
INC-202502-LON-010-02,2025-02-10T08:13:00Z,London,LON-010,BikeShare,Vandalism,Low,1,15,355,TRUE
INC-202502-LON-003-02,2025-02-10T08:15:00Z,London,LON-003,Bus,Accident,Low-Med,2,47,3684,TRUE
INC-202502-LON-009-02,2025-02-10T09:38:00Z,London,LON-009,Rail,Rolling Stock,Low-Med,2,44,,TRUE
INC-202502-MAN-004-01,2025-02-11T11:59:00Z,Manchester,MAN-004,Bus,Congestion,Medium,3,104,11716,TRUE
INC-202502-BRI-008-01,2025-02-13T11:30:00Z,Bristol,BRI-008,Rail,Signal Failure,Medium,3,125,21104,TRUE
INC-202502-EDI-019-03,2025-02-13T19:44:00Z,Edinburgh,EDI-019,Tram,Vehicle Fault,Low,1,21,961,TRUE
INC-202502-MAN-007-01,2025-02-13T19:52:00Z,Manchester,MAN-007,Tram,Vehicle Fault,Low,1,5,174,TRUE
INC-202502-BRI-001-01,2025-02-13T22:59:00Z,Bristol,BRI-001,bus,Vehicle Fault,Low,1,7,715,FALSE
INC-202502-MAN-010-01,2025-02-14T19:06:00Z,Manchester,MAN-010,Rail,Rolling Stock,Med-High,4,140,12851,TRUE
INC-202502-EDI-018-01,2025-02-15T07:01:00Z,Edinburgh,EDI-018,Rail,Signal Failure,Low-Med,2,23,3969,TRUE
INC-202502-MAN-002-02,2025-02-15T09:52:00Z,Bristol,BRI-004,Underground,Signal Failure,Low-Med,2,61,17777,TRUE
INC-202502-BRI-016-01,2025-02-16T07:45:00Z,Bristol,BRI-016,Rail,Track Fault,Low,1,10,840,TRUE
INC-202502-MAN-021-03,2025-02-16T16:19:00Z,Manchester,MAN-021,Rail,Signal Failure,Low-Med,2,27,3090,TRUE
INC-202502-MAN-001-02,2025-02-16T19:58:00Z,MAN,MAN-001,Bus,Vehicle Fault,Low,1,5,298,TRUE
INC-202502-MAN-020-02,2025-02-17T07:02:00Z,Manchester,MAN-020,Bus,Roadworks,Low,1,11,797,TRUE
INC-202502-EDI-019-02,2025-02-17T11:38:00Z,Edinburgh,EDI-019,Tram,Power Issue,Low,1,18,540,TRUE
INC-202502-LON-009-01,2025-02-17T19:18:00Z,London,LON-009,Rail,Weather,Low-Med,2,50,12296,TRUE
INC-202502-MAN-005-01,2025-02-18T05:03:00Z,Manchester,MAN-005,Tram,Obstruction,Low,1,20,742,TRUE
INC-202502-MAN-005-01,2025-02-18T05:08:00Z,Manchester,MAN-005,Tram,Obstruction,Low,1,20,742,TRUE
INC-202502-LON-011-01,2025-02-18T10:12:00Z,London,LON-011,Tram,Power Issue,Medium,3,60,3714,TRUE
INC-202502-MAN-022-01,2025-02-18T16:01:00Z,Manchester,MAN-022,Rail,Signal Failure,Low-Med,2,42,7547,TRUE
INC-202502-EDI-012-01,2025-02-19T01:52:00Z,Edinburgh,EDI-012,Underground,,Med-High,4,140,55950,TRUE
INC-202502-LON-017-01,2025-02-19T09:45:00Z,London,LON-017,Bus,Staff Shortage,Low-Med,2,,1288,TRUE
INC-202502-LON-003-01,2025-02-19T11:54:00Z,London,LON-003,Bus,Vehicle Fault,Low-Med,2,22,2201,TRUE
INC-202502-LON-003-04,2025-02-19T18:59:00Z,London,LON-003,Bus,Vehicle Fault,Low-Med,2,49,2982,TRUE
INC-202502-MAN-013-02,2025-02-20T08:17:00Z,Manchester,MAN-013,underground,Signal Failure,High,5,156,42481,TRUE
INC-202502-MAN-011-01,2025-02-20T09:08:00Z,Manchester,MAN-011,Bus,Congestion,Medium,3,107,3271,TRUE
INC-202502-MAN-015-01,2025-02-20T17:38:00Z,Manchester,MAN-015,Bus,Staff Shortage,Low,1,,623,TRUE
INC-202502-MAN-010-02,2025-02-20T21:23:00Z,Manchester,MAN-010,Rail,Signal Failure,High,5,203,27291,TRUE
INC-202502-LON-001-02,2025-02-21T13:58:00Z,London,LON-001,Bus,Congestion,Med-High,4,97,3631,FALSE
INC-202502-LON-014-02,2025-02-21T19:57:00Z,London,LON-014,Bus,Vehicle Fault,Medium,3,114,9160,TRUE
INC-202502-MAN-004-03,2025-02-21T21:16:00Z,Manchester,MAN-004,Bus,Staff Shortage,Low-Med,2,25,,TRUE
INC-202502-LON-001-01,2025-02-21T22:35:00Z,London,LON-001,Bus,Congestion,Medium,3,116,4031,TRUE
INC-202502-BRI-009-01,2025-02-22T06:00:00Z,Bristol,BRI-009,Tram,Roadworks,Low,1,16,659,TRUE
INC-202502-MAN-002-03,2025-02-22T07:56:00Z,Manchester,MAN-002,Tram,Power Issue,Medium,3,105,6174,TRUE
INC-202502-EDI-012-02,2025-02-22T08:54:00Z,Edinburgh,EDI-012,Underground,Passenger Incident,Low-Med,2,57,12064,TRUE
INC-202502-MAN-008-01,2025-02-22T13:36:00Z,Manchester,MAN-008,Bus,Roadworks,Medium,3,108,9477,TRUE
INC-202502-MAN-008-02,2025-02-22T18:52:00Z,Manchester,MAN-008,Bus,Congestion,Low-Med,2,29,4353,TRUE
INC-202502-EDI-008-01,2025-02-22T22:13:00Z,Edinburgh,EDI-008,Bus,Vehicle Fault,Low Med,2,26,451,TRUE
INC-202502-LON-015-01,2025-02-23T12:46:00Z,London,LON-015,Rail,Track Fault,Med-High,4,138,17769,TRUE
INC-202502-EDI-011-01,2025-02-23T14:35:00Z,Edinburgh,EDI-011,Bus,Congestion,Low-Med,2,23,2467,TRUE
INC-202502-MAN-002-01,2025-02-23T17:38:00Z,Manchester,MAN-002,Tram,Vehicle Fault,Low,1,16,623,TRUE
INC-202502-BRI-012-01,2025-02-24T14:39:00Z,Bristol,BRI-012,BikeShare,Dock Empty,Low,1,10,95,TRUE
INC-202502-MAN-013-01,2025-02-24T15:11:00Z,Manchester,MAN-013,Underground,Power Issue,Low-Med,2,56,34225,TRUE
INC-202502-LON-015-02,2025-02-24T21:39:00Z,London,LON-015,Rail,Rolling Stock,High,5,250,25613,TRUE
INC-202502-EDI-010-01,2025-02-25T07:49:00Z,Edinburgh,EDI-010,Bus,Vehicle Fault,Low,1,,694,TRUE
INC-202502-MAN-013-04,2025-02-25T17:49:00Z,Manchester,MAN-013,Underground,Station Closure,Med-High,4,209,38045,TRUE
INC-202502-EDI-001-01,2025-02-25T18:38:00Z,Edinburgh,EDI-001,Underground,Signal Failure,Medium,3,57,5635,TRUE
INC-202502-MAN-020-01,2025-02-26T02:06:00Z,Manchester,MAN-020,Bus,Roadworks,Low-Med,2,25,2378,TRUE
INC-202502-EDI-009-02,2025-02-26T06:02:00Z,Edinburgh,EDI-009,Bus,Congestion,Low,1,20,729,TRUE
INC-202502-MAN-004-02,2025-02-26T17:32:00Z,Manchester,MAN-004,Bus,Vehicle Fault,Medium,3,94,6703,TRUE
INC-202502-MAN-005-02,2025-02-26T17:37:00Z,Manchester,MAN-005,Tram,Roadworks,Low,1,17,,TRUE
INC-202402-BRI-020-02,2025-02-26T19:51:00Z,Bristol,BRI-002,Bus,Vehicle Fault,Low-Med,2,28,1435,TRUE
INC-202502-LON-001-03,2025-02-27T23:25:00Z,London,LON-001,Bus,Congestion,Medium,3,106,8592,TRUE
INC-202502-LON-010-01,2025-02-28T00:08:00Z,London,LON-010,BikeShare,Bike Fault,Low,1,10,130,TRUE
INC-202502-MAN-017-01,2025-02-28T03:23:00Z,Manchester,MAN-017,Underground,Signal Failure,Med-High,4,,47263,TRUE
INC-202502-MAN-004-04,2025-02-28T05:23:00Z,Manchester,MAN-004,Bus,Congestion,Low-Med,2,62,5347,TRUE
INC-202502-MAN-016-01,2025-02-28T06:52:00Z,Manchester,MAN-016,Bus,Vehicle Fault,Medium,3,98,7662,TRUE
INC-202502-EDI-019-01,2025-02-28T06:58:00Z,Edinburgh,EDI-019,Tram,Vehicle Fault,Low,1,20,570,TRUE
INC-202502-BRI-021-01,2025-02-28T08:56:00Z,Bristol,BRI-021,Rail,Weather,High,5,260,41115,TRUE
INC-202502-MAN-017-02,2025-02-28T14:15:00Z,Manchester,MAN-017,Underground,Signal Failure,Med-High,4,108,43928,TRUE
INC-202502-LON-006-01,2025-02-28T16:29:00Z,London,LON-006,BikeShare,Dock Empty,Low-Med,2,45,1202,TRUE
INC-202502-MAN-013-03,2025-02-28T17:18:00Z,Manchester,MAN-013,Underground,Signal Failure,High,5,278,94155,TRUE
INC-202503-BRI-011-01,2025-03-01T05:09:00Z,Bristol,BRI-011,Bus,Roadworks,Low-Med,2,58,3952,TRUE
INC-202503-EDI-004-03,2025-03-02T04:04:00Z,Edinburgh,EDI-004,Bus,Congestion,Low,1,23,1097,TRUE
INC-202503-EDI-020-01,2025-03-02T06:17:00Z,Edinburgh,EDI-020,Rail,Track Fault,Med-High,4,198,15801,TRUE
INC-202503-LON-003-01,2025-03-02T11:39:00Z,London,LON-003,Bus,Congestion,Low-Med,2,32,5414,TRUE
INC-202503-LON-009-03,2025-03-02T15:23:00Z,London,LON-009,Rail,Weather,Med-High,4,146,24762,TRUE
INC-202503-EDI-001-01,2025-03-02T16:24:00Z,Edinburgh,EDI-001,Underground,Power Issue,Med-High,4,103,16449,TRUE
INC-202503-MAN-001-01,2025-03-02T18:46:00Z,Manchester,MAN-001,Bus,Congestion,Low,1,23,649,TRUE
INC-202503-LON-009-02,2025-03-03T08:04:00Z,London,LON-009,Rail,Rolling Stock,Med-High,4,201,23707,TRUE
INC-202503-EDI-006-01,2025-03-03T08:11:00Z,Edinburgh,EDI-006,Underground,Passenger Incident,Med-High,4,145,62830,TRUE
INC-202503-MAN-006-02,2025-03-03T10:59:00Z,Manchester,MAN-006,Tram,Roadworks,Low-Med,2,44,1774,TRUE
INC-202503-BRI-006-03,2025-03-03T17:39:00Z,Bristol,BRI-006,Bus,Congestion,Low,1,11,784,TRUE
INC-202503-EDI-004-02,2025-03-03T17:43:00Z,Edinburgh,EDI-004,Bus,Vehicle Fault,Low,1,12,442,TRUE
INC-202503-EDI-003-03,2025-03-03T18:08:00Z,Edinburgh,EDI-003,Bus,Staff Shortage,Low,1,14,564,TRUE
INC-202503-BRI-006-02,2025-03-03T19:25:00Z,Bristol,BRI-006,Bus,Congestion,MEDIUM,3,70,6026,TRUE
INC-202503-MAN-012-01,2025-03-05T07:13:00Z,Manchester,MAN-012,Rail,Rolling Stock,Low-Med,2,,6261,TRUE
INC-202503-MAN-017-04,2025-03-05T08:21:00Z,Manchester,MAN-017,underground,Passenger Incident,Med-High,4,131,14739,TRUE
INC-202503-LON-017-06,2025-03-05T19:57:00Z,London,LON-017,Bus,Roadworks,High,5,303,49285,FALSE
INC-202503-LON-009-01,2025-03-06T03:54:00Z,London,LON-009,Rail,Signal Failure,Med-High,4,215,78896,TRUE
INC-202503-LON-017-05,2025-03-06T06:23:00Z,London,LON-017,Bus,Congestion,Low-Med,2,600,3158,TRUE
INC-202503-MAN-008-02,2025-03-06T08:58:00Z,Manchester,MAN-008,Bus,Congestion,Low,1,15,752,TRUE
INC-202503-EDI-004-01,2025-03-06T09:35:00Z,Edinburgh,EDI-004,Bus,Congestion,Low,1,27,1186,TRUE
INC-202503-MAN-011-01,2025-03-06T09:39:00Z,Manchester,MAN-011,Bus,,Low-Med,2,48,3945,TRUE
INC-202503-MAN-007-01,2025-03-06T10:44:00Z,Manchester,MAN-007,Tram,Power Issue,Low-Med,2,54,3056,TRUE
INC-202503-MAN-017-01,2025-03-06T19:34:00Z,Manchester,MAN-017,Underground,Signal Failure,Medium,3,58,17112,TRUE
INC-202503-BRI-002-02,2025-03-07T15:16:00Z,Bristol,BRI-002,Bus,Congestion,Low,1,5,216,TRUE
INC-202503-BRI-005-02,2025-03-07T19:10:00Z,Bristol,BRI-005,Bus,Roadworks,Low-Med,2,24,3203,TRUE
INC-202503-MAN-022-01,2025-03-07T19:27:00Z,Manchester,MAN-022,Rail,Rolling Stock,Med-High,4,166,19746,TRUE
INC-202503-EDI-018-03,2025-03-07T20:19:00Z,Edinburgh,EDI-018,Rail,Signal Failure,Med-High,4,126,17833,TRUE
INC-202503-MAN-021-01,2025-03-07T20:37:00Z,Manchester,MAN-021,Rail,Rolling Stock,Medium,3,96,17803,TRUE
INC-202503-EDI-004-04,2025-03-08T07:09:00Z,Edinburgh,EDI-004,Bus,Congestion,Low,1,,659,TRUE
INC-202503-BRI-001-01,2025-03-08T07:10:00Z,Bristol,BRI-001,Bus,Congestion,Low,1,5,533,TRUE
INC-202503-LON-022-02,2025-03-08T09:46:00Z,LDN,LON-022,Underground,Power Issue,Med High,4,200,100857,TRUE
INC-202503-EDI-022-01,2025-03-08T15:21:00Z,Edinburgh,EDI-022,BikeShare,Vandalism,Low,1,7,155,FALSE
INC-202503-EDI-017-02,2025-03-08T16:19:00Z,Edinburgh,EDI-017,Underground,Station Closure,Medium,3,77,16168,TRUE
INC-202503-LON-016-01,2025-03-08T18:21:00Z,London,LON-016,Rail,Signal Failure,Med-High,4,199,35590,TRUE
INC-202503-EDI-006-02,2025-03-09T12:37:00Z,Edinburgh,EDI-006,Underground,Power Issue,Med-High,4,108,20706,TRUE
INC-202503-MAN-020-04,2025-03-09T15:07:00Z,Manchester,MAN-020,Bus,Congestion,Low,1,24,1962,TRUE
INC-202503-LON-012-02,2025-03-09T19:38:00Z,London,LON-012,Bus,Congestion,Med-High,4,199,21019,TRUE
INC-202503-EDI-015-01,2025-03-10T17:54:00Z,Edinburgh,EDI-015,Bus,Staff Shortage,Low,1,25,1322,TRUE
INC-202503-MAN-004-02,2025-03-11T04:03:00Z,Manchester,MAN-004,bus,Congestion,Medium,3,,7837,TRUE
INC-202503-EDI-003-01,2025-03-11T08:03:00Z,Edinburgh,EDI-003,Bus,Staff Shortage,Low-Med,2,,8381,TRUE
INC-202503-LON-002-03,2025-03-11T18:02:00Z,London,LON-002,Bus,Vehicle Fault,High,5,296,25345,TRUE
INC-202503-BRI-016-01,2025-03-12T12:31:00Z,Bristol,BRI-016,Rail,Track Fault,Medium,3,76,11196,TRUE
INC-202503-LON-016-02,2025-03-13T08:26:00Z,London,LON-016,Rail,Rolling Stock,High,5,153,,TRUE
INC-202503-BRI-005-01,2025-03-13T09:09:00Z,Bristol,BRI-005,Bus,Congestion,Low-Med,2,35,5313,TRUE
INC-202503-LON-001-04,2025-03-13T14:53:00Z,London,LON-001,Bus,Congestion,Medium,3,78,10006,TRUE
INC-202503-LON-017-03,2025-03-13T15:23:00Z,London,LON-017,Bus,Roadworks,Medium,3,111,11309,TRUE
INC-202503-MAN-004-01,2025-03-13T23:49:00Z,Manchester,MAN-004,Bus,Accident,Low-Med,2,52,2622,TRUE
INC-202503-MAN-020-03,2025-03-14T08:25:00Z,Manchester,MAN-020,Bus,Congestion,Low-Med,2,41,2310,TRUE
INC-202503-MAN-010-01,2025-03-14T16:35:00Z,Manchester,MAN-010,Rail,Signal Failure,Medium,3,69,10587,TRUE
INC-202503-BRI-022-01,2025-03-15T07:38:00Z,Bristol,BRI-022,Underground,Power Issue,Medium,3,116,43440,FALSE
INC-202503-EDI-018-01,2025-03-15T17:13:00Z,Edinburgh,EDI-018,Rail,Weather,Med-High,4,138,22538,TRUE
INC-202503-EDI-013-02,2025-03-16T03:27:00Z,Edinburgh,EDI-013,Rail,Signal Failure,Low,1,25,1470,TRUE
INC-202503-BRI-007-01,2025-03-16T07:22:00Z,Bristol,BRI-007,Tram,Vehicle Fault,Low,1,24,864,TRUE
INC-202503-LON-001-03,2025-03-16T09:14:00Z,London,LON-001,Bus,Vehicle Fault,Low-Med,2,44,3639,TRUE
INC-202503-EDI-007-01,2025-03-16T09:26:00Z,Edinburgh,EDI-007,bikeshare,Vandalism,Low,1,7,48,FALSE
INC-202503-MAN-020-05,2025-03-17T05:54:00Z,Manchester,MAN-020,Bus,Roadworks,Low,1,7,500,TRUE
INC-202503-LON-019-01,2025-03-18T05:01:00Z,London,LON-019,Bus,Roadworks,Medium,3,102,6352,FALSE
INC-202503-EDI-003-02,2025-03-18T05:23:00Z,Edinburgh,EDI-003,bus,Accident,Medium,3,102,9820,TRUE
INC-202503-MAN-021-02,2025-03-18T22:08:00Z,Manchester,MAN-021,Rail,Signal Failure,Med-High,4,196,39286,TRUE
INC-202503-EDI-016-01,2025-03-18T23:42:00Z,Edinburgh,EDI-016,BikeShare,Vandalism,Low,1,16,250,FALSE
INC-202503-MAN-017-03,2025-03-19T01:00:00Z,Manchester,MAN-017,Underground,Signal Failure,Med-High,4,206,58713,TRUE
INC-202503-EDI-002-02,2025-03-19T05:22:00Z,Edinburgh,EDI-002,Bus,Congestion,Low-Med,2,42,4087,TRUE
INC-202503-LON-001-02,2025-03-19T06:58:00Z,LDN,LON-001,Bus,Congestion,Medium,3,117,7256,TRUE
INC-202503-BRI-022-02,2025-03-19T10:46:00Z,bristol,BRI-022,Underground,Signal Failure,HIGH,5,262,57487,TRUE
INC-202503-EDI-008-01,2025-03-19T17:16:00Z,Edinburgh,EDI-008,Bus,Congestion,Low-Med,2,30,1557,TRUE
INC-202503-MAN-017-02,2025-03-19T21:27:00Z,Manchester,MAN-017,underground,Power Issue,Medium,3,49,11250,TRUE
INC-202503-LON-017-02,2025-03-19T23:42:00Z,London,LON-017,Bus,Roadworks,Med-High,4,172,23324,TRUE
INC-202503-LON-002-01,2025-03-20T15:13:00Z,london,LON-002,Bus,Roadworks,High,5,6240,28522,TRUE
INC-202503-EDI-011-01,2025-03-20T16:19:00Z,Edinburgh,EDI-011,Bus,Vehicle Fault,Low,1,20,1087,TRUE
INC-202503-BRI-014-01,2025-03-20T17:07:00Z,Bristol,BRI-014,Bus,Vehicle Fault,Medium,3,88,4674,TRUE
INC-202503-BRI-006-01,2025-03-21T04:37:00Z,Bristol,BRI-006,Bus,Roadworks,Low-Med,2,50,3049,TRUE
INC-202503-LON-012-01,2025-03-21T06:31:00Z,London,LON-012,Bus,Congestion,Low-Med,2,54,6966,TRUE
INC-202503-BRI-016-02,2025-03-21T06:41:00Z,Bristol,BRI-016,Rail,Signal Failure,Medium,3,77,2413,TRUE
INC-202503-BRI-017-03,2025-03-21T19:58:00Z,Bristol,BRI-017,Bus,Congestion,Low,1,11,715,TRUE
INC-202503-LON-001-01,2025-03-21T20:15:00Z,London,LON-001,Bus,Accident,Med-High,4,,11237,TRUE
INC-202503-MAN-013-02,2025-03-21T21:02:00Z,Manchester,MAN-013,Underground,Station Closure,Med-High,4,131,28406,TRUE
INC-202503-EDI-021-01,2025-03-22T06:35:00Z,Edinburgh,EDI-021,tram,Obstruction,Low,1,17,,TRUE
INC-202503-BRI-001-02,2025-03-22T17:18:00Z,Bristol,BRI-001,Bus,Vehicle Fault,Low-Med,2,42,3477,TRUE
INC-202503-LON-010-01,2025-03-23T11:54:00Z,London,LON-010,BikeShare,Bike Fault,Low,1,11,188,TRUE
INC-202503-EDI-009-01,2025-03-23T13:54:00Z,Edinburgh,EDI-009,Bus,Congestion,Low,1,20,720,TRUE
INC-202503-EDI-017-01,2025-03-23T17:51:00Z,Edinburgh,EDI-017,Underground,Signal Failure,High,5,252,123953,TRUE
INC-202503-MAN-015-02,2025-03-23T19:00:00Z,Manchester,MAN-015,Bus,Staff Shortage,Low,1,19,1565,TRUE
INC-202503-LON-009-04,2025-03-23T20:35:00Z,London,LON-009,Rail,Signal Failure,Medium,3,87,24275,TRUE
INC-202503-MAN-007-02,2025-03-24T01:44:00Z,Manchester,MAN-007,Tram,Vehicle Fault,LOW,1,18,388,TRUE
INC-202503-LON-008-02,2025-03-24T01:46:00Z,London,LON-008,Bus,Vehicle Fault,Low-Med,2,42,3125,TRUE
INC-202503-MAN-015-01,2025-03-24T07:58:00Z,Manchester,MAN-015,Bus,Congestion,Low,1,10,1633,TRUE
INC-202503-EDI-013-01,2025-03-25T08:03:00Z,Edinburgh,EDI-013,Rail,Track Fault,Medium,3,113,6162,TRUE
INC-202503-LON-002-02,2025-03-25T17:47:00Z,London,LON-002,Bus,Congestion,Med-High,4,194,21117,TRUE
INC-202503-MAN-020-01,2025-03-25T21:22:00Z,Manchester,MAN-020,Bus,Congestion,Low-Med,2,46,5348,TRUE
INC-202503-LON-020-02,2025-03-26T08:27:00Z,London,LON-020,Bus,Congestion,Low,1,16,1020,TRUE
INC-202503-BRI-017-01,2025-03-26T11:29:00Z,Bristol,BRI-017,Bus,Roadworks,Low,1,12,588,TRUE
INC-202503-LON-004-01,2025-03-26T12:58:00Z,London,LON-004,Tram,Obstruction,Low-Med,2,16,877,TRUE
INC-202503-LON-022-01,2025-03-26T13:39:00Z,London,LON-022,Underground,Signal Failure,High,5,178,36374,TRUE
INC-202503-LON-020-01,2025-03-26T17:35:00Z,London,LON-020,Bus,Accident,Low-Med,2,44,2572,TRUE
INC-202503-MAN-006-01,2025-03-26T17:44:00Z,Manchester,MAN-006,Tram,Power Issue,Low-Med,2,49,1707,TRUE
INC-202503-LON-022-03,2025-03-26T20:00:00Z,London,LON-022,Underground,Power Issue,Medium,3,99,45582,TRUE
INC-202503-LON-014-01,2025-03-27T03:26:00Z,London,LON-014,Bus,Staff Shortage,Low,1,5,343,TRUE
INC-202503-EDI-018-02,2025-03-27T06:31:00Z,Edinburgh,EDI-018,Rail,Rolling Stock,Low-Med,2,51,5264,TRUE
INC-202503-LON-014-02,2025-03-27T11:02:00Z,London,LON-014,Bus,Staff Shortage,Low-Med,2,52,3356,TRUE
INC-202503-BRI-013-01,2025-03-27T11:55:00Z,Bristol,BRI-013,Bus,Roadworks,Low,1,21,7008,TRUE
INC-202503-LON-017-01,2025-03-27T16:42:00Z,London,LON-017,Bus,Roadworks,Med-High,4,169,26963,TRUE
INC-202503-EDI-002-01,2025-03-28T01:57:00Z,Edinburgh,EDI-002,Bus,Congestion,Medium,3,112,12117,TRUE
INC-202503-LON-008-01,2025-03-28T14:37:00Z,London,LON-008,Bus,Roadworks,Medium,3,95,12943,TRUE
INC-202503-MAN-011-02,2025-03-28T18:36:00Z,Manchester,MAN-011,Bus,Vehicle Fault,Low-Med,2,52,2817,TRUE
INC-202503-BRI-017-02,2025-03-28T21:50:00Z,bristol,BRI-017,Bus,Roadworks,Medium,3,59,3931,FALSE
INC-202503-BRI-021-01,2025-03-29T01:00:00Z,bristol,BRI-021,Rail,Signal Failure,Low,1,13,1041,TRUE
INC-202503-MAN-013-01,2025-03-29T18:43:00Z,Manchester,MAN-013,Underground,Power Issue,Medium,3,102,17436,TRUE
INC-202503-BRI-018-01,2025-03-29T21:46:00Z,Bristol,BRI-018,Bus,Accident,Medium,3,62,3544,TRUE
INC-202503-MAN-020-02,2025-03-30T20:50:00Z,Manchester,MAN-020,Bus,Staff Shortage,Low,1,8,746,TRUE
INC-202503-LON-011-01,2025-03-31T06:39:00Z,London,LON-011,Tram,Power Issue,Medium,3,53,2365,TRUE
INC-202503-BRI-002-01,2025-03-31T07:46:00Z,Bristol,BRI-002,Bus,Congestion,Low,1,19,1078,TRUE
INC-202503-LON-017-04,2025-03-31T17:23:00Z,London,LON-017,Bus,Staff Shortage,Medium,3,56,6226,TRUE
INC-202503-MAN-008-01,2025-03-31T22:50:00Z,MAN,MAN-008,Bus,Congestion,Low-Med,2,52,,TRUE
INC-202504-LON-010-02,2025-04-01T04:37:00Z,london,LON-010,BikeShare,Dock Empty,Low,1,20,282,TRUE
INC-202504-EDI-011-01,2025-04-01T06:26:00Z,Edinburgh,EDI-011,Bus,Roadworks,Low,1,10,264,FALSE
INC-202504-EDI-012-01,2025-04-01T07:51:00Z,Edinburgh,EDI-012,Underground,Passenger Incident,Medium,3,89,19097,TRUE
INC-202504-MAN-003-01,2025-04-01T09:01:00Z,Manchester,MAN-003,BikeShare,Bike Fault,Low,1,20,305,TRUE
INC-202504-LON-016-02,2025-04-01T20:14:00Z,London,LON-016,Rail,Signal Failure,Med-High,4,96,18973,TRUE
INC-202504-BRI-005-01,2025-04-02T09:19:00Z,Bristol,BRI-005,Bus,Roadworks,Low,1,26,2003,TRUE
INC-202504-BRI-011-02,2025-04-02T12:06:00Z,Bristol,BRI-011,Bus,Roadworks,Low-Med,2,30,2757,TRUE
INC-202504-EDI-001-02,2025-04-02T17:23:00Z,Edinburgh,EDI-001,Underground,Station Closure,Low-Med,2,55,8867,TRUE
INC-202504-LON-013-02,2025-04-03T15:21:00Z,London,LON-013,Underground,Passenger Incident,Med-High,4,207,58685,TRUE
INC-202504-BRI-008-02,2025-04-03T23:31:00Z,bristol,BRI-008,Rail,Signal Failure,Medium,3,85,15681,TRUE
INC-202504-LON-011-01,2025-04-04T07:08:00Z,London,LON-011,Tram,Vehicle Fault,Medium,3,91,6277,TRUE
INC-202504-BRI-012-01,2025-04-04T07:27:00Z,Bristol,BRI-012,BikeShare,App Outage,Low,1,8,42,TRUE
INC-202504-EDI-006-02,2025-04-04T15:04:00Z,Edinburgh,EDI-006,Underground,Power Issue,Medium,3,97,47294,FALSE
INC-202504-LON-016-01,2025-04-05T06:29:00Z,London,LON-016,Rail,Signal Failure,Medium,3,65,13807,TRUE
INC-202504-LON-012-03,2025-04-05T07:58:00Z,London,LON-012,Bus,Congestion,Low-Med,2,50,3643,TRUE
INC-202504-MAN-007-01,2025-04-05T17:38:00Z,Manchester,MAN-007,Tram,Roadworks,Low,1,,767,TRUE
INC-202504-MAN-009-02,2025-04-06T02:48:00Z,Manchester,MAN-009,Underground,Power Issue,Medium,3,60,14964,TRUE
INC-202504-EDI-008-03,2025-04-07T06:49:00Z,Edinburgh,EDI-008,Bus,Accident,Low,1,22,705,TRUE
INC-202504-BRI-014-01,2025-04-07T09:33:00Z,Bristol,BRI-014,Bus,Roadworks,Low,1,,438,TRUE
INC-202504-LON-005-01,2025-04-08T06:26:00Z,London,LON-005,Rail,Signal Failure,High,5,326,69699,TRUE
INC-202504-BRI-017-01,2025-04-08T06:39:00Z,Bristol,BRI-017,Bus,Roadworks,Low-Med,2,49,5627,TRUE
INC-202504-LON-012-02,2025-04-09T01:53:00Z,London,LON-012,Bus,Vehicle Fault,Medium,3,97,6074,TRUE
INC-202504-BRI-008-01,2025-04-09T02:47:00Z,Bristol,BRI-008,Rail,Rolling Stock,High,5,313,63793,TRUE
INC-202504-LON-002-01,2025-04-09T06:48:00Z,London,LON-002,Bus,Staff Shortage,Medium,3,50,6943,TRUE
INC-202504-EDI-013-01,2025-04-09T06:56:00Z,Edinburgh,EDI-013,Rail,Track Fault,Medium,3,75,5250,TRUE
INC-202504-LON-005-03,2025-04-09T07:14:00Z,London,LON-005,Rail,Rolling Stock,Med-High,4,99,25993,TRUE
INC-202504-MAN-018-03,2025-04-09T11:55:00Z,Manchester,MAN-018,BikeShare,Dock Full,Low-Med,2,51,518,TRUE
INC-202504-MAN-013-01,2025-04-10T00:46:00Z,Manchester,MAN-013,Underground,Power Issue,High,5,255,77457,TRUE
INC-202504-LON-015-03,2025-04-11T00:34:00Z,London,LON-015,Rail,Signal Failure,Med-High,4,118,28423,TRUE
INC-202504-BRI-021-01,2025-04-11T21:20:00Z,Bristol,BRI-021,Rail,Track Fault,Medium,3,85,13151,TRUE
INC-202504-LON-011-02,2025-04-12T01:35:00Z,London,LON-011,Tram,Obstruction,Med-High,4,137,5224,FALSE
INC-202504-EDI-009-02,2025-04-12T04:38:00Z,Edinburgh,EDI-009,Bus,Staff Shortage,Low-Med,2,40,1493,TRUE
INC-202504-LON-017-01,2025-04-12T08:06:00Z,London,LON-017,Bus,Congestion,Med-High,4,133,14696,TRUE
INC-202504-MAN-022-01,2025-04-12T08:30:00Z,Manchester,MAN-022,Rail,Weather,Med-High,4,194,37415,TRUE
INC-202504-BRI-001-01,2025-04-12T17:57:00Z,Bristol,BRI-001,Bus,Vehicle Fault,Low-Med,2,44,2989,TRUE
INC-202504-LON-014-03,2025-04-13T06:08:00Z,London,LON-014,Bus,Congestion,Low-Med,2,43,2778,TRUE
INC-202504-EDI-014-02,2025-04-13T07:01:00Z,Edinburgh,EDI-014,Underground,Power Issue,Medium,3,128,41626,TRUE
INC-202504-BRI-004-01,2025-04-13T08:46:00Z,Bristol,BRI-004,Underground,Passenger Incident,High,5,210,55808,TRUE
INC-202504-MAN-017-01,2025-04-13T18:08:00Z,Manchester,MAN-017,Underground,Power Issue,Med-High,4,170,48885,TRUE
INC-202504-EDI-008-02,2025-04-14T21:06:00Z,Edinburgh,EDI-008,Bus,Staff Shortage,Low,1,21,1498,TRUE
INC-202504-LON-017-02,2025-04-14T21:44:00Z,London,LON-017,Bus,Congestion,Low,1,6,839,TRUE
INC-202504-EDI-008-05,2025-04-14T23:49:00Z,Edinburgh,EDI-008,Bus,Congestion,Low,1,18,1344,TRUE
INC-202504-EDI-014-01,2025-04-15T00:57:00Z,Edinburgh,EDI-014,Underground,Signal Failure,Low-Med,2,48,6957,TRUE
INC-202504-BRI-011-04,2025-04-15T13:13:00Z,Bristol,BRI-011,Bus,Staff Shortage,Med-High,4,104,4822,TRUE
INC-202504-MAN-008-01,2025-04-15T16:49:00Z,Manchester,MAN-008,Bus,Accident,Low,1,13,420,TRUE
INC-202504-MAN-021-02,2025-04-16T02:38:00Z,Manchester,MAN-021,Rail,Track Fault,Med-High,4,,24310,TRUE
INC-202504-LON-008-01,2025-04-17T07:09:00Z,London,LON-008,Bus,Staff Shortage,Medium,3,103,5891,TRUE
INC-202504-MAN-010-01,2025-04-17T09:04:00Z,Manchester,MAN-010,Rail,Rolling Stock,Medium,3,119,12796,TRUE
INC-202504-LON-004-01,2025-04-17T10:57:00Z,London,LON-004,Tram,Vehicle Fault,Med-High,4,195,9171,TRUE
INC-202504-EDI-009-01,2025-04-17T19:00:00Z,Edinburgh,EDI-009,Bus,Vehicle Fault,Low,1,5,205,TRUE
INC-202504-MAN-018-01,2025-04-17T22:44:00Z,Manchester,MAN-018,BikeShare,Vandalism,Low,1,12,198,TRUE
INC-202407-MAN-020-01,2025-04-18T18:31:00Z,Edinburgh,EDI-015,Bus,Roadworks,Low-Med,2,48,1428,TRUE
INC-202504-MAN-011-01,2025-04-18T18:53:00Z,Manchester,MAN-011,Bus,Congestion,Low,1,22,1413,TRUE
INC-202504-MAN-022-03,2025-04-19T16:55:00Z,Manchester,MAN-022,Rail,Track Fault,Med-High,4,167,46404,TRUE
INC-202504-LON-020-01,2025-04-20T07:28:00Z,London,LON-020,Bus,Vehicle Fault,Low-Med,2,32,1366,TRUE
INC-202504-LON-007-01,2025-04-20T15:45:00Z,LDN,LON-007,Tram,Vehicle Fault,Low-Med,2,50,3230,TRUE
INC-202504-MAN-009-03,2025-04-20T18:44:00Z,Manchester,MAN-009,Underground,Station Closure,High,5,165,74643,TRUE
INC-202504-BRI-019-01,2025-04-20T18:59:00Z,Bristol,BRI-019,Rail,Track Fault,Low,1,20,2452,TRUE
INC-202504-EDI-006-03,2025-04-20T22:49:00Z,Edinburgh,EDI-006,Underground,Power Issue,Med-High,4,212,53993,TRUE
INC-202504-LON-015-02,2025-04-20T23:24:00Z,London,LON-015,Rail,Weather,Medium,3,55,9112,TRUE
INC-202504-EDI-008-04,2025-04-21T13:33:00Z,Edinburgh,EDI-008,Bus,Accident,Low,1,17,899,TRUE
INC-201905-BRI-009-01,2025-04-21T17:10:00Z,Manchester,MAN-009,Underground,Signal Failure,Med-High,4,117,58332,TRUE
INC-202504-BRI-005-02,2025-04-21T19:42:00Z,Bristol,BRI-005,Bus,Vehicle Fault,Low-Med,2,33,2554,TRUE
INC-202504-LON-020-02,2025-04-21T19:58:00Z,London,LON-020,Bus,Congestion,Low-Med,2,39,4117,TRUE
INC-202504-MAN-015-01,2025-04-22T08:49:00Z,Manchester,MAN-015,Bus,Congestion,Low,1,17,1072,TRUE
INC-202504-EDI-008-01,2025-04-22T14:53:00Z,EDI,EDI-008,Bus,Roadworks,Low,1,11,655,TRUE
INC-202504-BRI-014-02,2025-04-22T17:52:00Z,Bristol,BRI-014,Bus,Congestion,Low,1,24,2981,TRUE
INC-202504-MAN-022-02,2025-04-23T22:50:00Z,Manchester,MAN-022,Rail,Rolling Stock,Medium,3,120,28034,TRUE
INC-202504-BRI-014-03,2025-04-24T18:48:00Z,Bristol,BRI-014,Bus,Congestion,Low-Med,2,53,2889,TRUE
INC-202504-MAN-021-01,2025-04-25T05:36:00Z,Manchester,MAN-021,Rail,Signal Failure,Low,1,29,6047,TRUE
INC-202504-LON-013-01,2025-04-25T08:12:00Z,London,LON-013,Underground,Signal Failure,Medium,3,70,43490,FALSE
INC-202504-LON-014-02,2025-04-25T12:22:00Z,London,LON-014,Bus,Roadworks,Low-Med,2,54,,TRUE
INC-202504-BRI-011-01,2025-04-25T19:04:00Z,Bristol,BRI-011,Bus,Congestion,Low-Med,2,24,970,TRUE
INC-202504-BRI-002-01,2025-04-26T02:59:00Z,Bristol,BRI-002,Bus,Roadworks,Low,1,7,688,TRUE
INC-202504-MAN-019-01,2025-04-26T07:13:00Z,Manchester,MAN-019,Underground,Station Closure,Med-High,4,199,49734,TRUE
INC-202504-LON-010-01,2025-04-26T11:58:00Z,London,LON-010,BikeShare,Dock Empty,Low-Med,2,38,954,TRUE
INC-202504-EDI-001-01,2025-04-26T17:02:00Z,Edinburgh,EDI-001,underground,Signal Failure,High,5,304,95162,TRUE
INC-202504-LON-021-01,2025-04-26T17:24:00Z,London,LON-021,Bus,Congestion,Med High,4,144,16310,TRUE
INC-202504-LON-014-01,2025-04-27T03:38:00Z,London,LON-014,Bus,Vehicle Fault,Low,1,19,811,TRUE
INC-202504-MAN-012-01,2025-04-27T07:52:00Z,Manchester,MAN-012,Rail,Weather,Med-High,4,175,21288,TRUE
INC-202504-LON-012-01,2025-04-27T18:03:00Z,London,LON-012,Bus,Roadworks,Med-High,4,102,7209,FALSE
INC-202504-BRI-010-01,2025-04-28T08:10:00Z,Bristol,BRI-010,BikeShare,App Outage,Low,1,21,271,TRUE
INC-202504-EDI-006-01,2025-04-28T14:29:00Z,Edinburgh,EDI-006,Underground,Signal Failure,Med-High,4,173,38675,TRUE
INC-202504-EDI-002-01,2025-04-28T18:36:00Z,Edinburgh,EDI-002,Bus,Accident,Low-Med,2,,4183,TRUE
INC-202504-LON-005-02,2025-04-28T19:07:00Z,London,LON-005,Rail,Signal Failure,Med-High,4,201,41983,TRUE
INC-202504-LON-019-01,2025-04-29T06:26:00Z,London,LON-019,Bus,Accident,Med-High,4,178,22883,TRUE
INC-202504-BRI-004-02,2025-04-29T07:24:00Z,Bristol,BRI-004,Underground,Signal Failure,Medium,3,82,16129,TRUE
INC-202504-MAN-005-01,2025-04-30T06:15:00Z,Manchester,MAN-005,Tram,Vehicle Fault,Low,1,9,272,TRUE
INC-202504-MAN-018-02,2025-04-30T11:47:00Z,Manchester,MAN-018,BikeShare,Dock Full,Low,1,9,167,TRUE
INC-202504-LON-015-01,2025-04-30T15:19:00Z,LDN,LON-015,Rail,Signal Failure,High,5,162,30229,TRUE
INC-202504-BRI-011-03,2025-04-30T16:19:00Z,Bristol,BRI-011,Bus,Vehicle Fault,Low,1,13,1058,TRUE
INC-202504-LON-013-03,2025-04-30T17:58:00Z,London,LON-013,Underground,Power Issue,High,5,260,108422,TRUE
INC-202505-LON-014-01,2025-05-01T07:17:00Z,London,LON-014,Bus,Congestion,Medium,3,95,13109,TRUE
INC-202505-MAN-013-04,2025-05-01T17:35:00Z,Manchester,MAN-013,Underground,Passenger Incident,Medium,3,95,76462,TRUE
INC-202505-EDI-002-01,2025-05-01T19:53:00Z,Edinburgh,EDI-002,bus,Vehicle Fault,Low,1,18,999,TRUE
INC-202505-BRI-019-01,2025-05-02T02:49:00Z,Bristol,BRI-019,Rail,Rolling Stock,Medium,3,790,14423,FALSE
INC-202505-LON-013-01,2025-05-02T04:17:00Z,London,LON-013,Underground,Station Closure,Med-High,4,193,64206,TRUE
INC-202505-EDI-006-02,2025-05-02T07:26:00Z,Edinburgh,EDI-006,Underground,Signal Failure,High,5,313,91856,FALSE
INC-202505-EDI-018-02,2025-05-02T08:03:00Z,Edinburgh,EDI-018,Rail,,Low-Med,2,43,6246,TRUE
INC-202505-LON-007-01,2025-05-02T12:41:00Z,London,LON-007,Tram,Roadworks,Low-Med,2,40,1872,TRUE
INC-202505-MAN-001-04,2025-05-02T15:19:00Z,Manchester,MAN-001,Bus,Accident,Low,1,25,829,TRUE
INC-202505-MAN-014-03,2025-05-02T17:08:00Z,Manchester,MAN-014,BikeShare,Vandalism,Low,1,11,141,TRUE
INC-202505-EDI-016-01,2025-05-03T03:00:00Z,Edinburgh,EDI-016,BikeShare,Bike Fault,Low,1,13,98,TRUE
INC-202505-EDI-014-01,2025-05-03T08:29:00Z,Edinburgh,EDI-014,Underground,Power Issue,Low,1,5,,TRUE
INC-202505-MAN-017-02,2025-05-03T12:02:00Z,Manchester,MAN-017,Underground,Passenger Incident,Med-High,4,163,40745,TRUE
INC-202505-MAN-019-01,2025-05-03T13:02:00Z,Manchester,MAN-019,Underground,Passenger Incident,High,5,302,64632,TRUE
INC-202505-BRI-022-03,2025-05-04T07:13:00Z,Bristol,BRI-022,Underground,,High,5,167,33437,TRUE
INC-202505-BRI-022-02,2025-05-04T07:44:00Z,Bristol,BRI-022,Underground,Signal Failure,High,5,268,42457,TRUE
INC-202505-MAN-021-02,2025-05-04T08:54:00Z,Manchester,MAN-021,Rail,,Med-High,4,133,6686,TRUE
INC-202505-EDI-015-01,2025-05-04T11:39:00Z,Edinburgh,EDI-015,Bus,Congestion,Low,1,14,652,TRUE
INC-202505-MAN-014-01,2025-05-05T13:00:00Z,Manchester,MAN-014,BikeShare,App Outage,Low-Med,2,38,564,TRUE
INC-202505-MAN-011-01,2025-05-06T05:40:00Z,Manchester,MAN-011,Bus,Roadworks,Medium,3,69,2415,TRUE
INC-202505-MAN-021-03,2025-05-06T17:18:00Z,Manchester,MAN-021,Rail,Weather,Medium,3,125,15349,TRUE
INC-202505-LON-009-01,2025-05-06T17:52:00Z,London,LON-009,rail,Signal Failure,Med-High,4,169,51294,TRUE
INC-202505-LON-015-01,2025-05-06T20:24:00Z,London,LON-015,Rail,Rolling Stock,Medium,3,77,12534,TRUE
INC-202505-BRI-019-02,2025-05-07T00:46:00Z,bristol,BRI-019,Rail,Rolling Stock,Medium,3,95,26680,TRUE
INC-202505-LON-017-03,2025-05-07T02:41:00Z,London,LON-017,Bus,Staff Shortage,Low-Med,2,43,3042,TRUE
INC-202505-BRI-004-01,2025-05-07T03:10:00Z,Bristol,BRI-004,Underground,Signal Failure,Med-High,4,171,37365,TRUE
INC-202505-LON-005-03,2025-05-07T08:48:00Z,London,LON-005,Rail,Track Fault,Med-High,4,213,65395,TRUE
INC-202505-MAN-001-02,2025-05-07T09:55:00Z,Manchester,MAN-001,Bus,Staff Shortage,Low-Med,2,54,2570,TRUE
INC-202505-EDI-018-01,2025-05-07T10:36:00Z,Edinburgh,EDI-018,Rail,Weather,Medium,3,81,7328,TRUE
INC-202505-EDI-001-01,2025-05-07T15:15:00Z,Edinburgh,EDI-001,Underground,Signal Failure,Med-High,4,129,40256,TRUE
INC-202505-MAN-012-01,2025-05-07T18:04:00Z,Manchester,MAN-012,Rail,Signal Failure,Med-High,4,158,33931,TRUE
INC-202505-EDI-003-01,2025-05-08T09:12:00Z,Edinburgh,EDI-003,Bus,Accident,Low,1,23,1110,TRUE
INC-202505-EDI-003-01,2025-05-08T09:12:00Z,Edinburgh,EDI-003,Bus,Accident,Low,1,23,1110,TRUE
INC-202505-LON-017-01,2025-05-09T06:47:00Z,London,LON-017,Bus,Vehicle Fault,Low-Med,2,28,1746,TRUE
INC-202505-MAN-017-01,2025-05-09T09:28:00Z,Manchester,MAN-017,underground,Signal Failure,High,5,176,78030,TRUE
INC-202505-BRI-014-01,2025-05-09T17:59:00Z,Bristol,BRI-014,Bus,Vehicle Fault,Low,1,17,960,TRUE
INC-202505-EDI-006-01,2025-05-09T19:43:00Z,Edinburgh,EDI-006,Underground,Station Closure,Med-High,4,98,16631,TRUE
INC-202505-MAN-016-01,2025-05-10T05:51:00Z,Manchester,MAN-016,Bus,Roadworks,Low,1,5,330,TRUE
INC-202505-LON-016-01,2025-05-10T08:27:00Z,London,LON-016,Rail,Weather,High,5,158,,TRUE
INC-202505-BRI-018-01,2025-05-10T16:11:00Z,Bristol,BRI-018,Bus,Vehicle Fault,Medium,3,105,3294,TRUE
INC-202505-EDI-015-02,2025-05-10T17:48:00Z,Edinburgh,EDI-015,Bus,Congestion,Low-Med,2,42,1271,TRUE
INC-202505-BRI-006-01,2025-05-10T22:03:00Z,Bristol,BRI-006,Bus,Staff Shortage,Low-Med,2,59,2891,TRUE
INC-202505-LON-020-01,2025-05-11T16:38:00Z,London,LON-020,Bus,Roadworks,Low-Med,2,47,3708,TRUE
INC-202505-LON-008-01,2025-05-11T16:51:00Z,London,LON-008,Bus,Congestion,Medium,3,104,7059,TRUE
INC-202505-LON-008-01,2025-05-11T16:55:00Z,London,LON-008,Bus,Congestion,Medium,3,104,7059,TRUE
INC-202505-MAN-001-01,2025-05-12T02:04:00Z,Manchester,MAN-001,Bus,Roadworks,Low,1,32,1627,TRUE
INC-202505-BRI-011-01,2025-05-12T22:26:00Z,Bristol,BRI-011,Bus,Staff Shortage,Low,1,7,555,TRUE
INC-202505-MAN-004-01,2025-05-13T06:02:00Z,Manchester,MAN-004,Bus,Congestion,Med-High,4,188,21521,TRUE
INC-202505-MAN-013-01,2025-05-13T07:18:00Z,Manchester,MAN-013,Underground,Signal Failure,Med-High,4,169,76097,TRUE
INC-202505-MAN-015-01,2025-05-13T14:35:00Z,Manchester,MAN-015,Bus,Congestion,Medium,3,69,7060,TRUE
INC-202505-EDI-012-01,2025-05-14T01:26:00Z,Edinburgh,EDI-012,Underground,Passenger Incident,Low-Med,2,69,9821,TRUE
INC-202505-EDI-019-01,2025-05-14T12:51:00Z,Edinburgh,EDI-019,Tram,Vehicle Fault,Low,1,13,439,TRUE
INC-202505-EDI-010-01,2025-05-14T15:39:00Z,Edinburgh,EDI-010,Bus,Accident,Medium,3,121,5004,TRUE
INC-202505-MAN-009-02,2025-05-14T18:30:00Z,Manchester,MAN-009,Underground,Signal Failure,Medium,3,124,25972,TRUE
INC-202505-LON-001-03,2025-05-14T23:05:00Z,London,LON-001,Bus,Vehicle Fault,Medium,3,103,9374,TRUE
INC-202505-LON-001-01,2025-05-15T06:25:00Z,London,LON-001,Bus,Congestion,Med-High,4,191,22174,FALSE
INC-202505-MAN-010-01,2025-05-15T17:17:00Z,Manchester,MAN-010,Rail,Weather,Low-Med,2,56,5001,TRUE
INC-202505-BRI-003-01,2025-05-15T19:33:00Z,Bristol,BRI-003,rail,Weather,Med-High,4,209,47501,TRUE
INC-202505-MAN-009-03,2025-05-15T21:01:00Z,Manchester,MAN-009,underground,Signal Failure,Med-High,4,100,62103,TRUE
INC-202505-MAN-021-04,2025-05-16T11:18:00Z,Manchester,MAN-021,Rail,Signal Failure,Medium,3,,3568,TRUE
INC-202505-EDI-002-02,2025-05-16T15:57:00Z,Edinburgh,EDI-002,Bus,Roadworks,Low,1,20,912,TRUE
INC-202505-LON-012-02,2025-05-17T02:38:00Z,London,LON-012,Bus,Vehicle Fault,Medium,3,121,14132,TRUE
INC-202505-LON-001-02,2025-05-17T08:12:00Z,London,LON-001,Bus,Congestion,Med-High,4,169,16541,TRUE
INC-202505-BRI-020-01,2025-05-17T14:15:00Z,Bristol,BRI-020,Rail,Rolling Stock,Low-Med,2,47,4587,TRUE
INC-202505-BRI-007-01,2025-05-17T16:48:00Z,Bristol,BRI-007,Tram,Vehicle Fault,Low-Med,2,42,813,TRUE
INC-202505-LON-021-01,2025-05-17T18:17:00Z,London,LON-021,Bus,Staff Shortage,Medium,3,85,5915,TRUE
INC-202505-EDI-012-02,2025-05-17T20:29:00Z,Edinburgh,EDI-012,Underground,Station Closure,Medium,3,75,15868,TRUE
INC-202505-EDI-011-02,2025-05-18T05:20:00Z,Edinburgh,EDI-011,Bus,Staff Shortage,Low-Med,2,44,4061,TRUE
INC-202505-LON-017-02,2025-05-18T23:40:00Z,London,LON-017,Bus,Congestion,Med-High,4,96,3660,TRUE
INC-202505-LON-020-04,2025-05-19T01:29:00Z,London,LON-020,Bus,Accident,Low-Med,2,37,3111,TRUE
INC-202505-EDI-018-04,2025-05-19T02:56:00Z,Edinburgh,EDI-018,Rail,Signal Failure,Medium,3,109,82955,TRUE
INC-202505-LON-013-02,2025-05-20T00:54:00Z,London,LON-013,Underground,Power Issue,Med-High,4,169,54090,TRUE
INC-202505-LON-005-02,2025-05-20T06:34:00Z,London,LON-005,Rail,Track Fault,Med-High,4,206,45203,TRUE
INC-202505-BRI-001-01,2025-05-20T17:17:00Z,Bristol,BRI-001,Bus,Congestion,Medium,3,52,,TRUE
INC-202505-MAN-013-02,2025-05-20T17:33:00Z,Manchester,MAN-013,Underground,Signal Failure,Med-High,4,176,78931,TRUE
INC-202505-EDI-017-01,2025-05-20T18:21:00Z,Edinburgh,EDI-017,Underground,Signal Failure,High,5,261,71425,TRUE
INC-202505-BRI-008-01,2025-05-21T00:00:00Z,Bristol,BRI-008,Rail,Signal Failure,Med-High,4,105,18726,TRUE
INC-202505-MAN-004-02,2025-05-21T07:27:00Z,Manchester,MAN-004,Bus,Congestion,Medium,3,115,7005,TRUE
INC-202505-MAN-009-04,2025-05-21T18:19:00Z,Manchester,MAN-009,Underground,Signal Failure,Medium,3,116,26675,TRUE
INC-202505-MAN-001-03,2025-05-21T21:51:00Z,Manchester,MAN-001,Bus,Vehicle Fault,Low-Med,2,39,2026,FALSE
INC-202505-BRI-021-01,2025-05-23T07:00:00Z,Bristol,BRI-021,Rail,,Medium,3,81,11401,TRUE
INC-202505-EDI-005-01,2025-05-23T12:35:00Z,Edinburgh,EDI-005,Underground,Station Closure,High,5,311,123839,TRUE
INC-202505-BRI-017-01,2025-05-23T16:29:00Z,Bristol,BRI-017,Bus,Staff Shortage,Low,1,7,582,TRUE
INC-202505-LON-009-02,2025-05-23T18:10:00Z,London,LON-009,Rail,Track Fault,Med-High,4,,36947,FALSE
INC-202505-EDI-018-03,2025-05-23T20:39:00Z,Edinburgh,EDI-018,Rail,Rolling Stock,Med-High,4,99,20261,TRUE
INC-202505-EDI-017-02,2025-05-24T11:49:00Z,Edinburgh,EDI-017,Underground,Passenger Incident,Med-High,4,217,71025,TRUE
INC-202505-EDI-011-01,2025-05-24T22:47:00Z,Edinburgh,EDI-011,Bus,Congestion,Medium,3,101,4048,TRUE
INC-202505-MAN-022-01,2025-05-25T17:06:00Z,Manchester,MAN-022,Rail,Weather,Medium,3,128,12050,TRUE
INC-202505-LON-013-03,2025-05-25T18:45:00Z,London,LON-013,Underground,Power Issue,Low-Med,2,42,16843,TRUE
INC-202505-LON-003-01,2025-05-25T19:07:00Z,London,LON-003,Bus,Roadworks,Low-Med,2,33,3571,TRUE
INC-202505-MAN-014-02,2025-05-26T01:44:00Z,Manchester,MAN-014,BikeShare,Dock Empty,Low,1,13,403,TRUE
INC-202505-LON-019-01,2025-05-26T07:53:00Z,London,LON-019,Bus,Vehicle Fault,Low,1,10,1397,TRUE
INC-202505-MAN-019-02,2025-05-26T08:25:00Z,Manchester,MAN-019,Underground,Signal Failure,Medium,3,73,18923,TRUE
INC-202505-LON-020-03,2025-05-26T09:23:00Z,London,LON-020,Bus,,Low,1,24,1829,FALSE
INC-202505-LON-021-02,2025-05-26T19:00:00Z,London,LON-021,Bus,Congestion,Medium,3,82,6712,TRUE
INC-202505-LON-002-01,2025-05-27T16:25:00Z,London,LON-002,Bus,Congestion,Med-High,4,169,35719,TRUE
INC-202505-MAN-009-01,2025-05-27T17:18:00Z,Manchester,MAN-009,Underground,Signal Failure,Medium,3,104,34252,TRUE
INC-202505-LON-018-01,2025-05-28T08:05:00Z,London,LON-018,Bus,Vehicle Fault,Low-Med,2,38,1990,TRUE
INC-202505-LON-005-01,2025-05-28T18:54:00Z,London,LON-005,Rail,Track Fault,High,5,151,26149,TRUE
INC-202505-MAN-021-01,2025-05-28T21:31:00Z,Manchester,MAN-021,Rail,Signal Failure,Medium,3,108,10143,TRUE
INC-202505-EDI-005-02,2025-05-29T03:55:00Z,Edinburgh,EDI-005,Underground,Station Closure,Medium,3,70,21361,TRUE
INC-202505-LON-020-02,2025-05-29T06:43:00Z,London,LON-020,Bus,Roadworks,Medium,3,68,7817,TRUE
INC-202505-LON-008-02,2025-05-29T10:34:00Z,London,LON-008,Bus,Accident,Medium,3,80,3458,TRUE
INC-202505-LON-002-02,2025-05-29T14:06:00Z,London,LON-002,Bus,Roadworks,High,5,169,17845,TRUE
INC-202505-BRI-022-01,2025-05-29T16:12:00Z,Bristol,BRI-022,Underground,Signal Failure,Med-High,4,165,33584,TRUE
INC-202505-BRI-022-01,2025-05-29T16:17:00Z,Bristol,BRI-022,Underground,Signal Failure,Med-High,4,165,33584,TRUE
INC-202505-BRI-003-02,2025-05-30T05:01:00Z,bristol,BRI-003,Rail,Track Fault,Medium,3,107,19881,TRUE
INC-202505-BRI-016-01,2025-05-30T23:46:00Z,bristol,BRI-016,rail,Signal Failure,Med-High,4,146,42790,TRUE
INC-202505-MAN-013-03,2025-05-31T07:07:00Z,Manchester,MAN-013,Underground,Passenger Incident,Med-High,4,93,17329,TRUE
INC-202505-LON-012-01,2025-05-31T07:14:00Z,london,LON-012,Bus,Roadworks,Low-Med,2,46,4220,TRUE
INC-202505-BRI-001-02,2025-05-31T17:18:00Z,Bristol,BRI-001,Bus,Congestion,Low,1,7,536,FALSE
INC-202505-MAN-012-02,2025-05-31T19:19:00Z,Manchester,MAN-012,Rail,Rolling Stock,Medium,3,66,7527,TRUE
INC-202506-MAN-001-01,2025-06-01T03:11:00Z,Manchester,MAN-001,Bus,Congestion,Medium,3,97,5973,TRUE
INC-202506-BRI-001-03,2025-06-01T06:51:00Z,Bristol,BRI-001,Bus,Congestion,Low-Med,2,53,4530,TRUE
INC-202506-MAN-021-03,2025-06-01T20:21:00Z,Manchester,MAN-021,Rail,Signal Failure,Low-Med,2,50,4756,TRUE
INC-202506-LON-006-02,2025-06-01T21:43:00Z,London,LON-006,BikeShare,Dock Empty,Low,1,18,263,TRUE
INC-202506-LON-017-02,2025-06-01T21:53:00Z,london,LON-017,Bus,Roadworks,Medium,3,58,4719,TRUE
INC-202506-EDI-011-03,2025-06-01T23:51:00Z,Edinburgh,EDI-011,Bus,Vehicle Fault,Medium,3,89,5191,TRUE
INC-202506-LON-002-02,2025-06-02T02:07:00Z,London,LON-002,Bus,Accident,Low-Med,2,45,5747,TRUE
INC-202506-EDI-004-02,2025-06-02T07:38:00Z,Edinburgh,EDI-004,Bus,Roadworks,Low Med,2,25,1013,TRUE
INC-202506-LON-014-03,2025-06-02T07:58:00Z,London,LON-014,Bus,Accident,Medium,3,96,10593,TRUE
INC-202506-EDI-011-01,2025-06-02T08:55:00Z,Edinburgh,EDI-011,Bus,Congestion,Low,1,21,1692,TRUE
INC-202506-BRI-013-02,2025-06-02T18:04:00Z,Bristol,BRI-013,Bus,Congestion,Low,1,10,427,TRUE
INC-202506-LON-007-01,2025-06-02T18:26:00Z,London,LON-007,Tram,Roadworks,Low,1,24,672,TRUE
INC-202506-BRI-002-01,2025-06-03T01:21:00Z,Bristol,BRI-002,Bus,Vehicle Fault,Low,1,22,2438,TRUE
INC-202506-EDI-014-01,2025-06-03T15:35:00Z,Edinburgh,EDI-014,Underground,Signal Failure,Medium,3,113,38169,TRUE
INC-202506-EDI-020-03,2025-06-03T16:17:00Z,Edinburgh,EDI-020,Rail,Signal Failure,Medium,3,63,9759,TRUE
INC-202506-MAN-022-01,2025-06-03T18:40:00Z,Manchester,MAN-022,Rail,Rolling Stock,Med-High,4,140,16746,TRUE
INC-202506-MAN-009-02,2025-06-03T19:12:00Z,Manchester,MAN-009,underground,Station Closure,Low-Med,2,54,14326,TRUE
INC-202506-BRI-003-02,2025-06-03T22:20:00Z,Bristol,BRI-003,Rail,Rolling Stock,Medium,3,91,12335,TRUE
INC-202506-LON-002-03,2025-06-04T03:10:00Z,London,LON-002,Bus,Vehicle Fault,Med-High,4,174,14089,TRUE
INC-202506-LON-015-02,2025-06-04T07:43:00Z,London,LON-015,Rail,Signal Failure,High,5,258,34175,TRUE
INC-202506-LON-014-01,2025-06-04T11:32:00Z,London,LON-014,Bus,Congestion,Med-High,4,133,7342,TRUE
INC-202506-BRI-019-01,2025-06-04T11:52:00Z,Bristol,BRI-019,Rail,Signal Failure,Med-High,4,213,27559,TRUE
INC-202506-BRI-001-01,2025-06-04T12:38:00Z,Bristol,BRI-001,Bus,Vehicle Fault,Medium,3,119,6322,TRUE
INC-202506-BRI-002-04,2025-06-04T15:27:00Z,Bristol,BRI-002,Bus,Vehicle Fault,Medium,3,113,5627,TRUE
INC-202506-BRI-020-01,2025-06-04T17:31:00Z,Bristol,BRI-020,Rail,Signal Failure,Medium,3,110,9239,TRUE
INC-202506-LON-012-01,2025-06-04T20:26:00Z,London,LON-012,Bus,Roadworks,Medium,3,101,8322,TRUE
INC-202506-EDI-022-01,2025-06-04T20:41:00Z,Edinburgh,EDI-022,BikeShare,Bike Fault,Low-Med,2,36,424,TRUE
INC-202506-EDI-001-01,2025-06-05T06:06:00Z,Edinburgh,EDI-001,Underground,Passenger Incident,Low-Med,2,39,8219,TRUE
INC-202506-BRI-016-02,2025-06-05T08:09:00Z,Bristol,BRI-016,Rail,Signal Failure,Medium,3,103,21601,TRUE
INC-202506-LON-017-04,2025-06-06T08:45:00Z,london,LON-017,Bus,Roadworks,Medium,3,59,8472,TRUE
INC-202506-EDI-011-04,2025-06-06T08:55:00Z,Edinburgh,EDI-011,Bus,Roadworks,Medium,3,91,4405,TRUE
INC-202506-EDI-001-02,2025-06-06T15:19:00Z,Edinburgh,EDI-001,Underground,Station Closure,Medium,3,75,11341,TRUE
INC-202506-LON-013-01,2025-06-07T06:50:00Z,London,LON-013,Underground,Power Issue,High,5,166,22681,TRUE
INC-202506-MAN-018-02,2025-06-07T11:10:00Z,Manchester,MAN-018,BikeShare,Bike Fault,Low,1,5,44,TRUE
INC-202506-EDI-015-02,2025-06-07T16:29:00Z,Edinburgh,EDI-015,Bus,Congestion,Low,1,15,871,TRUE
INC-202506-BRI-009-02,2025-06-07T17:12:00Z,Bristol,BRI-009,Tram,Roadworks,Low,1,10,208,TRUE
INC-202506-MAN-017-02,2025-06-09T03:07:00Z,Manchester,MAN-017,Underground,Power Issue,High,5,167,46215,FALSE
INC-202506-LON-014-02,2025-06-09T04:02:00Z,London,LON-014,Bus,Staff Shortage,Med-High,4,141,17164,TRUE
INC-202506-MAN-021-02,2025-06-09T05:48:00Z,Manchester,MAN-021,rail,Rolling Stock,Medium,3,115,8619,TRUE
INC-202506-EDI-002-02,2025-06-09T08:24:00Z,Edinburgh,EDI-002,Bus,Congestion,Low,1,19,845,TRUE
INC-202506-BRI-013-01,2025-06-09T18:42:00Z,Bristol,BRI-013,Bus,Congestion,Low,1,17,716,TRUE
INC-202506-BRI-018-01,2025-06-09T19:47:00Z,Bristol,BRI-018,Bus,Congestion,Medium,3,101,7010,FALSE
INC-202506-LON-017-05,2025-06-10T15:51:00Z,London,LON-017,Bus,Vehicle Fault,Low,1,17,1703,TRUE
INC-202506-EDI-017-01,2025-06-11T10:41:00Z,Edinburgh,EDI-017,Underground,Power Issue,MED HIGH,4,108,27351,TRUE
INC-202506-MAN-021-01,2025-06-11T18:34:00Z,Manchester,MAN-021,Rail,Rolling Stock,Med-High,4,105,7844,TRUE
INC-202506-EDI-017-02,2025-06-11T21:12:00Z,Edinburgh,EDI-017,Underground,Station Closure,High,5,219,47638,TRUE
INC-202506-LON-012-02,2025-06-12T07:00:00Z,London,LON-012,Bus,Vehicle Fault,Med-High,4,172,13275,TRUE
INC-202506-BRI-011-04,2025-06-12T07:37:00Z,Bristol,BRI-011,Bus,Vehicle Fault,Medium,3,99,6106,TRUE
INC-202506-LON-017-03,2025-06-12T17:53:00Z,London,LON-017,Bus,Accident,Medium,3,120,6894,TRUE
INC-202506-EDI-015-01,2025-06-13T00:26:00Z,Edinburgh,EDI-015,Bus,Congestion,Low-Med,2,46,3204,TRUE
INC-202506-LON-008-01,2025-06-13T02:20:00Z,London,LON-008,Bus,Roadworks,Medium,3,113,22420,TRUE
INC-202506-BRI-016-01,2025-06-13T07:17:00Z,Bristol,BRI-016,Rail,Signal Failure,High,5,203,26702,TRUE
INC-202506-MAN-017-01,2025-06-13T18:38:00Z,Manchester,MAN-017,Underground,Power Issue,Med-High,4,160,47575,TRUE
INC-202506-LON-003-01,2025-06-13T19:56:00Z,London,LON-003,Bus,Congestion,Med-High,4,99,7155,TRUE
INC-202506-LON-006-01,2025-06-13T22:09:00Z,LDN,LON-006,BikeShare,Dock Empty,Low-Med,2,44,881,TRUE
INC-202506-BRI-005-01,2025-06-14T03:46:00Z,Bristol,BRI-005,Bus,Roadworks,Low-Med,2,27,1404,TRUE
INC-202506-BRI-009-01,2025-06-14T05:46:00Z,bristol,BRI-009,Tram,Power Issue,Low-Med,2,52,2752,TRUE
INC-202506-EDI-013-02,2025-06-14T06:10:00Z,Edinburgh,EDI-013,Rail,Track Fault,Medium,3,122,17086,TRUE
INC-202506-MAN-011-01,2025-06-14T08:35:00Z,Manchester,MAN-011,Bus,Roadworks,Low-Med,2,39,2454,TRUE
INC-202506-MAN-018-01,2025-06-15T16:28:00Z,Manchester,MAN-018,BikeShare,Dock Empty,Low,1,13,108,TRUE
INC-202506-EDI-006-01,2025-06-16T12:44:00Z,Edinburgh,EDI-006,Underground,Signal Failure,Low-Med,2,880,17445,TRUE
INC-202506-EDI-008-02,2025-06-16T12:53:00Z,Edinburgh,EDI-008,Bus,Vehicle Fault,Med-High,4,128,11390,TRUE
INC-202506-EDI-002-03,2025-06-16T17:52:00Z,Edinburgh,EDI-002,Bus,Roadworks,Low,1,15,323,TRUE
INC-202506-BRI-008-01,2025-06-17T06:06:00Z,Bristol,BRI-008,Rail,Track Fault,Low-Med,2,23,2484,TRUE
INC-202506-EDI-005-01,2025-06-17T08:56:00Z,Edinburgh,EDI-005,Underground,Station Closure,Med-High,4,166,,TRUE
INC-202506-BRI-005-02,2025-06-17T18:27:00Z,Bristol,BRI-005,Bus,Roadworks,Medium,3,120,10951,TRUE
INC-202506-MAN-006-01,2025-06-18T05:50:00Z,Manchester,MAN-006,Tram,Vehicle Fault,Low,1,8,288,TRUE
INC-202506-EDI-010-01,2025-06-18T07:05:00Z,Edinburgh,EDI-010,Bus,Roadworks,Medium,3,105,12296,TRUE
INC-202506-EDI-007-02,2025-06-18T17:41:00Z,Edinburgh,EDI-007,BikeShare,App Outage,Low,1,9,138,TRUE
INC-202506-MAN-010-01,2025-06-18T18:54:00Z,Manchester,MAN-010,Rail,Signal Failure,Low-Med,2,57,6465,TRUE
INC-202506-EDI-020-01,2025-06-18T20:07:00Z,Edinburgh,EDI-020,Rail,Rolling Stock,Med-High,4,104,12071,TRUE
INC-202506-BRI-002-02,2025-06-18T20:20:00Z,Bristol,BRI-002,Bus,Roadworks,Low-Med,2,44,3412,TRUE
INC-202506-BRI-011-02,2025-06-19T02:14:00Z,Bristol,BRI-011,Bus,Staff Shortage,Low,1,7,334,TRUE
INC-202506-EDI-008-01,2025-06-19T18:22:00Z,Edinburgh,EDI-008,Bus,Vehicle Fault,Low-Med,2,38,2507,FALSE
INC-202506-LON-019-01,2025-06-20T09:33:00Z,London,LON-019,Bus,Accident,Low-Med,2,31,2108,TRUE
INC-202506-EDI-012-01,2025-06-20T15:35:00Z,Edinburgh,EDI-012,Underground,Passenger Incident,Medium,3,67,11839,FALSE
INC-202506-MAN-008-02,2025-06-20T17:35:00Z,Manchester,MAN-008,Bus,Roadworks,Medium,3,119,7882,TRUE
INC-202506-MAN-005-01,2025-06-20T22:21:00Z,Manchester,MAN-005,Tram,Roadworks,Low,1,16,766,TRUE
INC-202506-MAN-004-02,2025-06-21T06:21:00Z,Manchester,MAN-004,Bus,Roadworks,Low,1,12,1332,TRUE
INC-202506-BRI-014-01,2025-06-21T07:24:00Z,Bristol,BRI-014,Bus,Accident,Low-Med,2,30,1671,TRUE
INC-202506-EDI-002-01,2025-06-21T12:34:00Z,Edinburgh,EDI-002,Bus,Roadworks,Low,1,5,183,TRUE
INC-202506-MAN-009-01,2025-06-22T01:35:00Z,Manchester,MAN-009,Underground,Signal Failure,High,5,194,94879,TRUE
INC-202506-EDI-012-02,2025-06-22T06:32:00Z,Edinburgh,EDI-012,Underground,Power Issue,Med-High,4,148,50135,TRUE
INC-202506-EDI-011-02,2025-06-22T11:57:00Z,Edinburgh,EDI-011,Bus,Vehicle Fault,Low,1,13,795,TRUE
INC-202506-EDI-007-03,2025-06-22T16:50:00Z,Edinburgh,EDI-007,BikeShare,Vandalism,Low,1,11,128,TRUE
INC-202506-LON-022-01,2025-06-22T18:33:00Z,London,LON-022,Underground,Passenger Incident,Medium,3,124,65373,TRUE
INC-202506-MAN-015-01,2025-06-22T18:52:00Z,Manchester,MAN-015,Bus,Roadworks,Medium,3,110,6866,TRUE
INC-202506-LON-015-04,2025-06-23T08:29:00Z,London,LON-015,Rail,Weather,Medium,3,67,16092,TRUE
INC-202506-EDI-007-01,2025-06-23T13:50:00Z,Edinburgh,EDI-007,BikeShare,Bike Fault,Low,1,25,285,FALSE
INC-202506-EDI-004-01,2025-06-24T07:01:00Z,Edinburgh,EDI-004,Bus,Staff Shortage,Low,1,13,502,TRUE
INC-202506-LON-017-01,2025-06-24T18:57:00Z,London,LON-017,Bus,Vehicle Fault,Medium,3,94,,TRUE
INC-202506-EDI-015-03,2025-06-24T22:59:00Z,Edinburgh,EDI-015,Bus,Congestion,Low-Med,2,30,2263,TRUE
INC-202301-BRI-022-01,2025-06-25T09:29:00Z,London,LON-002,Bus,Congestion,Medium,3,80,5263,TRUE
INC-202506-LON-016-01,2025-06-25T09:45:00Z,London,LON-016,Rail,Rolling Stock,High,5,313,38671,TRUE
INC-202506-LON-015-01,2025-06-25T11:44:00Z,London,LON-015,Rail,Track Fault,High,5,223,41845,TRUE
INC-202506-MAN-016-01,2025-06-25T19:48:00Z,MAN,MAN-016,Bus,Staff Shortage,Low,1,14,619,TRUE
INC-202506-LON-018-01,2025-06-26T08:54:00Z,London,LON-018,Bus,Congestion,Low,1,14,2341,TRUE
INC-202506-BRI-022-01,2025-06-26T17:37:00Z,Bristol,BRI-022,Underground,Power Issue,Med-High,4,200,33797,TRUE
INC-202506-MAN-004-01,2025-06-26T18:12:00Z,Manchester,MAN-004,Bus,Congestion,Low-Med,2,35,1414,TRUE
INC-202506-MAN-008-01,2025-06-27T01:01:00Z,Manchester,MAN-008,bus,Congestion,Medium,3,110,8877,TRUE
INC-202506-BRI-011-01,2025-06-27T03:13:00Z,Bristol,BRI-011,Bus,Roadworks,Low-Med,2,46,3493,TRUE
INC-202506-LON-015-03,2025-06-27T06:53:00Z,London,LON-015,Rail,Signal Failure,Low,1,35,5102,TRUE
INC-202506-EDI-020-04,2025-06-27T13:31:00Z,Edinburgh,EDI-020,Rail,Weather,Medium,3,57,11508,TRUE
INC-202506-BRI-010-02,2025-06-27T19:24:00Z,Bristol,BRI-010,BikeShare,Vandalism,Medium,3,56,672,TRUE
INC-202506-LON-021-01,2025-06-27T20:56:00Z,London,LON-021,Bus,Congestion,Low-Med,2,46,5667,FALSE
INC-202506-BRI-020-02,2025-06-28T10:43:00Z,Bristol,BRI-020,rail,Track Fault,Low,1,31,1446,TRUE
INC-202506-BRI-011-03,2025-06-28T17:13:00Z,Bristol,BRI-011,Bus,Roadworks,Low-Med,2,50,2892,TRUE
INC-202402-MAN-014-01,2025-06-29T00:52:00Z,Edinburgh,EDI-020,Rail,Track Fault,Medium,3,77,7377,TRUE
INC-202506-BRI-014-02,2025-06-29T11:51:00Z,Bristol,BRI-014,Bus,Vehicle Fault,Low-Med,2,38,1164,TRUE
INC-202506-BRI-002-03,2025-06-29T12:10:00Z,Bristol,BRI-002,Bus,Congestion,Low-Med,2,64,3644,TRUE
INC-202506-MAN-009-03,2025-06-29T12:59:00Z,Manchester,MAN-009,Underground,Power Issue,Med-High,4,155,32053,TRUE
INC-202506-BRI-016-03,2025-06-29T17:03:00Z,Bristol,BRI-016,Rail,Rolling Stock,Medium,3,78,17675,FALSE
INC-202506-BRI-020-03,2025-06-29T19:34:00Z,Bristol,BRI-020,Rail,Rolling Stock,Medium,3,97,,TRUE
INC-202506-BRI-001-02,2025-06-29T19:37:00Z,Bristol,BRI-001,Bus,Congestion,Low-Med,2,29,3252,TRUE
INC-202506-BRI-003-01,2025-06-30T05:44:00Z,bristol,BRI-003,Rail,Weather,Med-High,4,136,11750,TRUE
INC-202506-MAN-013-01,2025-06-30T09:08:00Z,Manchester,MAN-013,Underground,Station Closure,High,5,221,59723,TRUE
INC-202506-BRI-010-01,2025-06-30T11:41:00Z,Bristol,BRI-010,BikeShare,Dock Empty,Low-Med,2,51,1068,TRUE
INC-202506-LON-004-01,2025-06-30T15:13:00Z,London,LON-004,Tram,Roadworks,Med-High,4,139,7589,TRUE
INC-202506-EDI-013-01,2025-06-30T19:48:00Z,Edinburgh,EDI-013,Rail,Rolling Stock,Med-High,4,172,14100,TRUE
INC-202507-EDI-005-01,2025-07-01T00:19:00Z,Edinburgh,EDI-005,Underground,Signal Failure,Medium,3,67,11701,TRUE
INC-202507-MAN-019-01,2025-07-01T17:45:00Z,Manchester,MAN-019,Underground,Station Closure,Medium,3,96,38356,FALSE
INC-202507-BRI-003-01,2025-07-02T09:27:00Z,Bristol,BRI-003,Rail,Signal Failure,Medium,3,86,12511,TRUE
INC-202507-LON-008-02,2025-07-02T14:40:00Z,London,LON-008,Bus,Vehicle Fault,Medium,3,83,6076,FALSE
INC-202507-LON-005-03,2025-07-02T15:09:00Z,London,LON-005,Rail,Signal Failure,High,5,228,126310,TRUE
INC-202507-LON-017-03,2025-07-03T22:29:00Z,London,LON-017,Bus,Vehicle Fault,Medium,3,51,5206,TRUE
INC-202507-LON-004-01,2025-07-05T08:43:00Z,London,LON-004,Tram,Roadworks,Low-Med,2,52,2462,TRUE
INC-202507-LON-021-01,2025-07-06T00:58:00Z,London,LON-021,Bus,Congestion,Low-Med,2,56,6533,TRUE
INC-202507-EDI-008-01,2025-07-06T08:59:00Z,Edinburgh,EDI-008,Bus,Congestion,Low,1,17,2056,TRUE
INC-202507-EDI-008-01,2025-07-06T09:00:00Z,Edinburgh,EDI-008,Bus,Congestion,Low,1,17,2056,TRUE
INC-202507-LON-018-02,2025-07-06T13:53:00Z,London,LON-018,Bus,Roadworks,Med-High,4,101,7224,TRUE
INC-202507-EDI-001-01,2025-07-06T16:48:00Z,Edinburgh,EDI-001,Underground,Station Closure,Med-High,4,186,29940,TRUE
INC-202507-LON-012-03,2025-07-07T06:37:00Z,London,LON-012,Bus,Roadworks,High,5,211,25554,TRUE
INC-202507-LON-001-01,2025-07-07T15:46:00Z,London,LON-001,Bus,Congestion,Med-High,4,117,5643,TRUE
INC-202507-LON-011-01,2025-07-07T17:36:00Z,London,LON-011,Tram,Vehicle Fault,Medium,3,99,8325,TRUE
INC-202507-LON-008-03,2025-07-07T19:37:00Z,London,LON-008,Bus,Congestion,Medium,3,73,9961,TRUE
INC-202507-LON-008-03,2025-07-07T19:42:00Z,London,LON-008,Bus,Congestion,Medium,3,73,9961,TRUE
INC-202507-EDI-001-02,2025-07-07T23:48:00Z,Edinburgh,EDI-001,Underground,Signal Failure,Low-Med,2,43,12757,TRUE
INC-202507-BRI-007-03,2025-07-08T01:25:00Z,Bristol,BRI-007,Tram,Vehicle Fault,Low,1,22,480,TRUE
INC-202507-EDI-015-01,2025-07-08T01:33:00Z,Edinburgh,EDI-015,Bus,Congestion,Low-Med,2,50,5269,TRUE
INC-202507-BRI-021-01,2025-07-09T07:14:00Z,Bristol,BRI-021,Rail,Rolling Stock,Med-High,4,165,23930,TRUE
INC-202507-LON-017-04,2025-07-09T16:37:00Z,London,LON-017,Bus,Congestion,Med-High,4,201,9995,FALSE
INC-202507-LON-006-01,2025-07-10T11:45:00Z,London,LON-006,BikeShare,Dock Empty,Low,1,9,74,TRUE
INC-202507-EDI-004-01,2025-07-10T13:33:00Z,Edinburgh,EDI-004,Bus,Staff Shortage,Medium,3,,16231,TRUE
INC-202507-BRI-005-01,2025-07-10T13:47:00Z,Bristol,BRI-005,Bus,Congestion,Low-Med,2,43,2351,TRUE
INC-202507-MAN-002-01,2025-07-10T16:19:00Z,Manchester,MAN-002,Tram,Vehicle Fault,Low-Med,2,32,2052,FALSE
INC-202507-EDI-013-01,2025-07-11T16:39:00Z,Edinburgh,EDI-013,Rail,Weather,Medium,3,99,7164,TRUE
INC-202507-MAN-013-02,2025-07-11T17:00:00Z,Manchester,MAN-013,Underground,Signal Failure,Med-High,4,128,32708,TRUE
INC-202507-LON-018-03,2025-07-11T17:51:00Z,London,LON-018,Bus,Roadworks,Medium,3,98,16198,TRUE
INC-202507-BRI-007-02,2025-07-12T01:58:00Z,Bristol,BRI-007,Tram,Roadworks,Low,1,22,803,TRUE
INC-202507-BRI-021-02,2025-07-12T04:36:00Z,Bristol,BRI-021,Rail,Track Fault,Medium,3,67,8857,TRUE
INC-202507-BRI-001-01,2025-07-12T07:23:00Z,Bristol,BRI-001,Bus,Roadworks,Medium,3,76,14137,TRUE
INC-202507-MAN-017-01,2025-07-12T10:31:00Z,Manchester,MAN-017,Underground,Power Issue,Low-Med,2,66,14869,TRUE
INC-202507-BRI-017-02,2025-07-12T20:23:00Z,Bristol,BRI-017,Bus,Vehicle Fault,Low-Med,2,27,1381,TRUE
INC-202507-BRI-001-03,2025-07-13T05:29:00Z,Bristol,BRI-001,Bus,Vehicle Fault,Medium,3,112,14877,TRUE
INC-202507-LON-019-01,2025-07-13T07:13:00Z,London,LON-019,Bus,Congestion,Medium,3,67,4423,TRUE
INC-202507-BRI-006-01,2025-07-13T13:10:00Z,Bristol,BRI-006,Bus,Roadworks,Medium,3,79,3246,FALSE
INC-202507-MAN-015-02,2025-07-14T05:13:00Z,Manchester,MAN-015,Bus,Roadworks,Low,1,,956,TRUE
INC-202507-LON-002-01,2025-07-14T08:04:00Z,London,LON-002,Bus,Vehicle Fault,Med-High,4,94,10391,TRUE
INC-202507-MAN-017-02,2025-07-14T08:37:00Z,Manchester,MAN-017,Underground,Signal Failure,Medium,3,63,17522,TRUE
INC-202507-LON-012-01,2025-07-14T19:13:00Z,London,LON-012,Bus,Staff Shortage,Med-High,4,100,11779,TRUE
INC-202507-LON-019-02,2025-07-14T23:44:00Z,London,LON-019,Bus,Staff Shortage,Med-High,4,100,5672,TRUE
INC-202503-MAN-004-01,2025-07-15T17:48:00Z,Manchester,MAN-010,Rail,Signal Failure,Low-Med,2,49,3131,TRUE
INC-202507-BRI-016-01,2025-07-16T05:35:00Z,Bristol,BRI-016,Rail,Signal Failure,Medium,3,73,14028,TRUE
INC-202507-MAN-008-02,2025-07-16T15:28:00Z,Manchester,MAN-008,Bus,Staff Shortage,Low,1,6,349,TRUE
INC-202507-MAN-020-01,2025-07-16T17:00:00Z,Manchester,MAN-020,Bus,Roadworks,Low-Med,2,29,2022,TRUE
INC-202507-LON-014-01,2025-07-16T17:15:00Z,London,LON-014,Bus,Vehicle Fault,Medium,3,110,11013,TRUE
INC-202507-LON-014-03,2025-07-16T17:33:00Z,London,LON-014,Bus,Staff Shortage,Medium,3,75,9612,TRUE
INC-202507-LON-022-01,2025-07-16T18:46:00Z,London,LON-022,Underground,Passenger Incident,Medium,3,103,35287,FALSE
INC-202507-MAN-014-01,2025-07-16T20:41:00Z,MAN,MAN-014,BikeShare,Dock Empty,Low,1,10,132,TRUE
INC-202507-LON-013-02,2025-07-16T20:48:00Z,London,LON-013,Underground,Signal Failure,High,5,,63578,TRUE
INC-202507-BRI-020-01,2025-07-17T08:06:00Z,Bristol,BRI-020,Rail,Rolling Stock,Med-High,4,115,17116,TRUE
INC-202507-BRI-014-01,2025-07-17T17:30:00Z,Bristol,BRI-014,Bus,Roadworks,Low,1,13,1079,TRUE
INC-202507-LON-005-04,2025-07-18T02:13:00Z,London,LON-005,Rail,Weather,High,5,194,69776,TRUE
INC-202507-BRI-007-01,2025-07-18T07:07:00Z,Bristol,BRI-007,Tram,Power Issue,Low,1,24,976,TRUE
INC-202507-LON-013-03,2025-07-18T20:37:00Z,London,LON-013,Underground,Power Issue,Medium,3,85,40333,FALSE
INC-202507-LON-009-01,2025-07-19T03:30:00Z,London,LON-009,Rail,Weather,Med-High,4,167,34218,TRUE
INC-202507-LON-014-02,2025-07-19T07:41:00Z,London,LON-014,Bus,Congestion,High,5,248,,TRUE
INC-202507-BRI-017-03,2025-07-19T08:25:00Z,Bristol,BRI-017,Bus,Accident,Low,1,24,1728,TRUE
INC-202507-BRI-019-01,2025-07-19T15:06:00Z,Bristol,BRI-019,Rail,Signal Failure,Medium,3,81,14068,TRUE
INC-202507-MAN-021-01,2025-07-19T22:58:00Z,MAN,MAN-021,Rail,Rolling Stock,Medium,3,75,8335,TRUE
INC-202507-MAN-016-02,2025-07-20T01:52:00Z,Manchester,MAN-016,Bus,Roadworks,Medium,3,114,12941,TRUE
INC-202507-EDI-006-01,2025-07-20T03:18:00Z,Edinburgh,EDI-006,Underground,Signal Failure,High,5,310,102131,TRUE
INC-202507-EDI-006-01,2025-07-20T03:19:00Z,Edinburgh,EDI-006,Underground,Signal Failure,High,5,310,102131,TRUE
INC-202507-MAN-008-01,2025-07-20T06:33:00Z,Manchester,MAN-008,Bus,Roadworks,Low Med,2,36,2170,TRUE
INC-202507-MAN-006-02,2025-07-21T08:08:00Z,Manchester,MAN-006,Tram,Roadworks,MEDIUM,3,89,3470,TRUE
INC-202507-LON-003-02,2025-07-21T11:08:00Z,London,LON-003,Bus,Accident,Low-Med,2,48,4412,TRUE
INC-202507-EDI-017-01,2025-07-21T12:46:00Z,Edinburgh,EDI-017,Underground,Station Closure,Low-Med,2,59,14666,TRUE
INC-202507-BRI-021-03,2025-07-22T07:15:00Z,Bristol,BRI-021,Rail,Weather,Med-High,4,77,12091,TRUE
INC-202507-MAN-015-01,2025-07-22T12:42:00Z,Manchester,MAN-015,Bus,Congestion,Medium,3,110,11811,FALSE
INC-202507-LON-008-01,2025-07-22T17:27:00Z,London,LON-008,Bus,Staff Shortage,Low-Med,2,58,9552,TRUE
INC-202507-LON-007-01,2025-07-22T18:54:00Z,London,LON-007,Tram,Obstruction,Low-Med,2,59,2737,TRUE
INC-202507-LON-019-03,2025-07-22T20:09:00Z,London,LON-019,Bus,Staff Shortage,Medium,3,106,8693,TRUE
INC-202507-BRI-001-02,2025-07-23T04:54:00Z,Bristol,BRI-001,Bus,Roadworks,Low Med,2,38,5356,TRUE
INC-202507-LON-017-01,2025-07-23T16:35:00Z,London,LON-017,Bus,Congestion,Med-High,4,193,23016,TRUE
INC-202507-EDI-019-01,2025-07-23T18:55:00Z,Edinburgh,EDI-019,Tram,Roadworks,Low Med,2,43,1307,TRUE
INC-202507-MAN-016-03,2025-07-24T07:33:00Z,Manchester,MAN-016,Bus,Vehicle Fault,Low,1,17,1802,TRUE
INC-202507-MAN-016-01,2025-07-24T08:08:00Z,Manchester,MAN-016,Bus,Roadworks,Low-Med,2,37,2240,TRUE
INC-202507-BRI-002-01,2025-07-24T17:11:00Z,Bristol,BRI-002,Bus,Congestion,Medium,3,75,3849,TRUE
INC-202507-BRI-020-02,2025-07-25T08:00:00Z,Bristol,BRI-020,Rail,Weather,Medium,3,85,7874,TRUE
INC-202507-LON-003-03,2025-07-25T09:37:00Z,London,LON-003,Bus,Congestion,Med-High,4,126,12203,TRUE
INC-202507-MAN-006-01,2025-07-25T09:38:00Z,Manchester,MAN-006,Tram,Vehicle Fault,Low,1,16,523,TRUE
INC-202507-EDI-011-02,2025-07-25T11:53:00Z,Edinburgh,EDI-011,Bus,Staff Shortage,Medium,3,105,12528,TRUE
INC-202507-LON-004-02,2025-07-26T01:40:00Z,London,LON-004,Tram,Roadworks,Low-Med,2,32,1814,TRUE
INC-202507-MAN-004-01,2025-07-26T14:01:00Z,Manchester,MAN-004,Bus,Vehicle Fault,Medium,3,76,5466,TRUE
INC-202507-LON-017-05,2025-07-26T21:39:00Z,London,LON-017,Bus,Congestion,Med-High,4,161,13457,TRUE
INC-202507-MAN-013-01,2025-07-27T02:59:00Z,Manchester,MAN-013,Underground,Signal Failure,Med-High,4,174,26035,TRUE
INC-202507-LON-022-02,2025-07-27T08:10:00Z,London,LON-022,Underground,Signal Failure,Med-High,4,150,58436,TRUE
INC-202507-LON-005-02,2025-07-27T11:51:00Z,London,LON-005,Rail,Track Fault,Med-High,4,117,30362,FALSE
INC-202507-MAN-005-01,2025-07-27T16:50:00Z,Manchester,MAN-005,Tram,Vehicle Fault,Low-Med,2,53,1629,TRUE
INC-202507-LON-005-01,2025-07-27T17:15:00Z,London,LON-005,Rail,Rolling Stock,Med-High,4,171,41461,TRUE
INC-202507-LON-010-01,2025-07-27T19:09:00Z,London,LON-010,BikeShare,Bike Fault,Low,1,17,309,TRUE
INC-202507-EDI-013-02,2025-07-28T08:23:00Z,Edinburgh,EDI-013,Rail,Signal Failure,Medium,3,51,7101,TRUE
INC-202507-MAN-002-02,2025-07-28T21:58:00Z,MAN,MAN-002,Tram,Roadworks,Low,1,12,631,FALSE
INC-202507-LON-017-02,2025-07-29T03:20:00Z,London,LON-017,Bus,Roadworks,Low-Med,2,30,2509,TRUE
INC-202507-LON-014-06,2025-07-29T09:04:00Z,London,LON-014,Bus,Congestion,Med-High,4,199,14063,TRUE
INC-202507-MAN-019-02,2025-07-29T11:28:00Z,Manchester,MAN-019,Underground,Passenger Incident,Med High,4,203,59554,FALSE
INC-202507-BRI-017-01,2025-07-29T16:41:00Z,bristol,BRI-017,Bus,Accident,Low,1,18,1365,TRUE
INC-202507-MAN-011-01,2025-07-29T19:02:00Z,Manchester,MAN-011,Bus,Congestion,Low-Med,2,22,1254,TRUE
INC-202507-LON-014-04,2025-07-30T15:06:00Z,London,LON-014,Bus,Staff Shortage,Medium,3,93,6904,TRUE
INC-202507-LON-014-04,2025-07-30T15:09:00Z,London,LON-014,Bus,Staff Shortage,Medium,3,93,6904,TRUE
INC-202507-MAN-021-02,2025-07-30T15:27:00Z,Manchester,MAN-021,Rail,Signal Failure,Med-High,4,112,17847,TRUE
INC-202507-LON-014-05,2025-07-30T16:27:00Z,London,LON-014,Bus,Congestion,Medium,3,118,7043,TRUE
INC-202507-LON-013-01,2025-07-31T02:21:00Z,London,LON-013,Underground,Passenger Incident,Medium,3,112,28440,TRUE
INC-202507-LON-018-01,2025-07-31T02:45:00Z,London,LON-018,Bus,,Med-High,4,167,12006,TRUE
INC-202507-BRI-004-01,2025-07-31T02:51:00Z,Bristol,BRI-004,Underground,Signal Failure,Med-High,4,203,42295,TRUE
INC-202507-EDI-011-01,2025-07-31T06:44:00Z,Edinburgh,EDI-011,Bus,Congestion,Low-Med,2,29,2955,TRUE
INC-202507-LON-012-02,2025-07-31T09:04:00Z,London,LON-012,Bus,Vehicle Fault,Low-Med,2,29,5281,TRUE
INC-202507-LON-003-01,2025-07-31T09:43:00Z,London,LON-003,Bus,Vehicle Fault,Med High,4,105,6021,TRUE
INC-202508-EDI-010-01,2025-08-01T01:55:00Z,Edinburgh,EDI-010,Bus,Vehicle Fault,Low-Med,2,42,1920,TRUE
INC-202508-EDI-018-01,2025-08-01T02:17:00Z,Edinburgh,EDI-018,Rail,Rolling Stock,Medium,3,111,19021,TRUE
INC-202508-LON-005-05,2025-08-01T07:12:00Z,London,LON-005,Rail,Rolling Stock,High,5,,24186,TRUE
INC-202508-LON-019-01,2025-08-01T16:35:00Z,London,LON-019,Bus,Staff Shortage,Medium,3,57,9129,TRUE
INC-202508-BRI-011-02,2025-08-02T07:52:00Z,Bristol,BRI-011,Bus,Staff Shortage,Low-Med,2,30,1799,FALSE
INC-202508-EDI-017-02,2025-08-02T09:24:00Z,Edinburgh,EDI-017,Underground,Power Issue,Medium,3,78,14710,TRUE
INC-202508-BRI-005-03,2025-08-02T12:51:00Z,Bristol,BRI-005,Bus,Roadworks,Medium,3,99,10507,TRUE
INC-202508-LON-008-01,2025-08-02T14:32:00Z,london,LON-008,Bus,Roadworks,High,5,251,15631,TRUE
INC-202508-LON-021-02,2025-08-02T17:23:00Z,London,LON-021,Bus,Roadworks,Medium,3,94,4538,TRUE
INC-202508-BRI-005-04,2025-08-02T21:53:00Z,Bristol,BRI-005,Bus,Congestion,Low-Med,2,51,3130,TRUE
INC-202508-LON-009-01,2025-08-03T05:36:00Z,London,LON-009,Rail,Rolling Stock,Medium,3,69,6233,TRUE
INC-202508-LON-005-01,2025-08-03T16:28:00Z,London,LON-005,Rail,Signal Failure,Med-High,4,101,21946,FALSE
INC-202508-LON-005-04,2025-08-03T16:30:00Z,london,LON-005,Rail,Rolling Stock,High,5,207,67701,TRUE
INC-202508-LON-021-01,2025-08-03T18:32:00Z,London,LON-021,Bus,Congestion,Medium,3,95,,TRUE
INC-202508-EDI-014-01,2025-08-03T18:35:00Z,Edinburgh,EDI-014,Underground,Signal Failure,Med-High,4,99,21462,TRUE
INC-202508-LON-013-02,2025-08-03T19:00:00Z,london,LON-013,Underground,Power Issue,Medium,3,101,89839,TRUE
INC-202508-BRI-014-02,2025-08-03T22:41:00Z,bristol,BRI-014,bus,Roadworks,Low-Med,2,36,4456,TRUE
INC-202508-BRI-004-02,2025-08-04T08:08:00Z,Bristol,BRI-004,Underground,Signal Failure,Med High,4,109,33214,TRUE
INC-202508-EDI-013-02,2025-08-04T18:05:00Z,Edinburgh,EDI-013,Rail,Weather,Medium,3,80,6666,TRUE
INC-202508-BRI-011-01,2025-08-04T23:08:00Z,Bristol,BRI-011,Bus,Roadworks,Low-Med,2,41,4040,TRUE
INC-202508-BRI-005-02,2025-08-05T07:41:00Z,Bristol,BRI-005,bus,Roadworks,Low,1,18,1270,FALSE
INC-202508-LON-015-02,2025-08-05T12:00:00Z,London,LON-015,Rail,Weather,Low-Med,2,49,8898,TRUE
INC-202508-EDI-019-01,2025-08-06T04:00:00Z,Edinburgh,EDI-019,Tram,Power Issue,Low,1,23,545,TRUE
INC-202508-EDI-017-01,2025-08-06T15:53:00Z,Edinburgh,EDI-017,Underground,Passenger Incident,Low-Med,2,49,10494,TRUE
INC-202508-MAN-005-01,2025-08-07T08:11:00Z,Manchester,MAN-005,Tram,Power Issue,Low,1,12,1130,TRUE
INC-202508-LON-001-01,2025-08-07T17:02:00Z,London,LON-001,Bus,Accident,Low,1,9,891,FALSE
INC-202508-BRI-014-01,2025-08-08T01:34:00Z,Bristol,BRI-014,Bus,Congestion,High,5,147,21557,FALSE
INC-202508-BRI-004-01,2025-08-08T18:01:00Z,Bristol,BRI-004,Underground,Signal Failure,Medium,3,101,36835,TRUE
INC-202508-EDI-005-01,2025-08-08T21:58:00Z,Edinburgh,EDI-005,Underground,Passenger Incident,Med-High,4,103,27775,TRUE
INC-202508-MAN-013-01,2025-08-08T22:27:00Z,Manchester,MAN-013,Underground,Power Issue,Med-High,4,104,38124,TRUE
INC-202508-EDI-004-01,2025-08-09T22:55:00Z,Edinburgh,EDI-004,Bus,Congestion,Low,1,6,273,TRUE
INC-202508-LON-017-01,2025-08-09T23:13:00Z,London,LON-017,bus,Congestion,Medium,3,118,12230,TRUE
INC-202508-MAN-016-02,2025-08-10T03:22:00Z,Manchester,MAN-016,Bus,Congestion,Low-Med,2,39,2828,TRUE
INC-202508-BRI-007-01,2025-08-10T07:01:00Z,Bristol,BRI-007,Tram,Roadworks,Low,1,21,365,TRUE
INC-202508-EDI-001-01,2025-08-10T08:42:00Z,Edinburgh,EDI-001,Underground,Signal Failure,Med-High,4,124,,FALSE
INC-202508-MAN-022-03,2025-08-10T14:06:00Z,Manchester,MAN-022,Rail,Signal Failure,Med-High,4,190,30530,TRUE
INC-202508-BRI-005-01,2025-08-11T17:55:00Z,Bristol,BRI-005,Bus,Roadworks,Low,1,15,524,TRUE
INC-202508-BRI-018-01,2025-08-12T12:15:00Z,Bristol,BRI-018,Bus,Congestion,Med-High,4,88,4336,TRUE
INC-202508-BRI-006-01,2025-08-12T19:43:00Z,Bristol,BRI-006,Bus,Congestion,Low-Med,2,56,3847,FALSE
INC-202508-MAN-017-01,2025-08-12T19:52:00Z,Manchester,MAN-017,Underground,Passenger Incident,Low-Med,2,39,5729,TRUE
INC-202508-BRI-021-02,2025-08-13T01:34:00Z,Bristol,BRI-021,Rail,Signal Failure,Medium,3,,11644,TRUE
INC-202508-BRI-004-03,2025-08-13T06:01:00Z,Bristol,BRI-004,Underground,Signal Failure,Low-Med,2,34,5665,TRUE
INC-202508-EDI-009-02,2025-08-13T08:18:00Z,Edinburgh,EDI-009,Bus,Accident,Low,1,11,441,FALSE
INC-202508-MAN-011-01,2025-08-13T15:59:00Z,Manchester,MAN-011,Bus,Congestion,LOW-MED,2,30,2895,TRUE
INC-202508-MAN-010-01,2025-08-14T07:45:00Z,MAN,MAN-010,Rail,Weather,Low-Med,2,27,2500,TRUE
INC-202508-EDI-009-01,2025-08-14T13:03:00Z,Edinburgh,EDI-009,Bus,Congestion,Low,1,8,325,TRUE
INC-202508-BRI-009-01,2025-08-14T18:50:00Z,Bristol,BRI-009,Tram,Roadworks,Medium,3,97,4380,TRUE
INC-202508-MAN-017-02,2025-08-15T06:03:00Z,Manchester,MAN-017,Underground,Power Issue,Medium,3,72,17676,TRUE
INC-202508-MAN-001-01,2025-08-15T06:59:00Z,Manchester,MAN-001,Bus,Roadworks,Low-Med,2,34,2870,TRUE
INC-202508-EDI-009-03,2025-08-16T07:29:00Z,Edinburgh,EDI-009,Bus,Congestion,Low-Med,2,,3089,TRUE
INC-202508-BRI-017-01,2025-08-16T23:12:00Z,Bristol,BRI-017,Bus,Congestion,LOW,1,18,735,TRUE
INC-202508-EDI-013-01,2025-08-17T04:07:00Z,Edinburgh,EDI-013,Rail,Rolling Stock,Low-Med,2,37,4004,TRUE
INC-202508-MAN-017-03,2025-08-18T07:46:00Z,Manchester,MAN-017,Underground,Power Issue,Medium,3,103,39489,TRUE
INC-202508-LON-011-01,2025-08-19T08:15:00Z,London,LON-011,Tram,Vehicle Fault,Low,1,11,825,TRUE
INC-202508-MAN-022-02,2025-08-20T14:11:00Z,Manchester,MAN-022,Rail,Signal Failure,High,5,206,42680,TRUE
INC-202508-LON-013-01,2025-08-20T16:00:00Z,London,LON-013,Underground,Power Issue,High,5,163,63212,TRUE
INC-202508-LON-013-01,2025-08-20T16:01:00Z,London,LON-013,Underground,Power Issue,High,5,163,63212,TRUE
INC-202508-EDI-008-01,2025-08-21T20:23:00Z,Edinburgh,EDI-008,Bus,Congestion,Medium,3,64,7304,TRUE
INC-202508-MAN-022-01,2025-08-22T06:06:00Z,Manchester,MAN-022,Rail,Track Fault,Low-Med,2,24,3017,TRUE
INC-202508-BRI-013-01,2025-08-22T17:50:00Z,Bristol,BRI-013,Bus,Roadworks,Low-Med,2,36,1326,TRUE
INC-202508-BRI-003-01,2025-08-23T07:31:00Z,Bristol,BRI-003,Rail,Rolling Stock,Med-High,4,184,27252,TRUE
INC-202508-LON-015-01,2025-08-23T17:59:00Z,London,LON-015,Rail,Signal Failure,Low-Med,2,55,10302,TRUE
INC-202508-LON-005-03,2025-08-24T00:29:00Z,London,LON-005,Rail,Signal Failure,High,5,173,28384,TRUE
INC-202508-LON-009-02,2025-08-24T07:05:00Z,London,LON-009,Rail,Rolling Stock,Medium,3,102,6657,TRUE
INC-202508-LON-006-01,2025-08-24T16:47:00Z,London,LON-006,BikeShare,Dock Full,Low,1,16,230,TRUE
INC-202508-LON-022-01,2025-08-26T16:06:00Z,London,LON-022,Underground,Power Issue,Medium,3,101,55130,TRUE
INC-202508-MAN-022-04,2025-08-27T07:48:00Z,Manchester,MAN-022,Rail,Track Fault,Med-High,4,168,20199,TRUE
INC-202508-LON-005-02,2025-08-27T09:57:00Z,London,LON-005,Rail,Rolling Stock,Med-High,4,200,28202,TRUE
INC-202508-EDI-006-02,2025-08-27T11:05:00Z,Edinburgh,EDI-006,underground,Signal Failure,High,5,211,49322,TRUE
INC-202508-MAN-016-01,2025-08-27T16:14:00Z,Manchester,MAN-016,Bus,Staff Shortage,Low,1,9,436,TRUE
INC-202508-LON-020-02,2025-08-27T17:11:00Z,London,LON-020,Bus,Congestion,Low-Med,2,35,1901,TRUE
INC-202508-LON-004-01,2025-08-27T17:53:00Z,London,LON-004,Tram,Vehicle Fault,Low,1,22,1081,FALSE
INC-202508-EDI-006-01,2025-08-28T06:37:00Z,Edinburgh,EDI-006,Underground,Power Issue,Med-High,4,206,41601,TRUE
INC-202508-LON-013-03,2025-08-28T17:33:00Z,London,LON-013,Underground,Signal Failure,Med-High,4,137,40354,TRUE
INC-202508-LON-012-01,2025-08-29T10:37:00Z,London,LON-012,Bus,Staff Shortage,Med-High,4,200,19565,TRUE
INC-202508-BRI-001-01,2025-08-29T17:05:00Z,Bristol,BRI-001,Bus,Roadworks,Low,1,12,576,TRUE
INC-202508-BRI-021-01,2025-08-30T19:09:00Z,Bristol,BRI-021,Rail,Weather,Low,1,19,2305,TRUE
INC-202508-MAN-020-01,2025-08-31T01:22:00Z,Manchester,MAN-020,Bus,Staff Shortage,Low-Med,2,42,4137,TRUE
INC-202508-LON-020-01,2025-08-31T12:41:00Z,London,LON-020,Bus,Vehicle Fault,Low-Med,2,43,3449,TRUE
INC-202509-BRI-019-01,2025-09-01T06:23:00Z,Bristol,BRI-019,Rail,Rolling Stock,Medium,3,83,6683,TRUE
INC-202509-BRI-011-01,2025-09-02T00:34:00Z,Bristol,BRI-011,Bus,Roadworks,Low,1,8,380,TRUE
INC-202509-LON-009-01,2025-09-02T17:44:00Z,London,LON-009,rail,Signal Failure,Med-High,4,171,42479,TRUE
INC-202509-BRI-004-01,2025-09-03T05:33:00Z,Bristol,BRI-004,Underground,Station Closure,Med-High,4,202,68690,FALSE
INC-202509-LON-021-02,2025-09-04T06:54:00Z,London,LON-021,Bus,Roadworks,Medium,3,117,5647,TRUE
INC-202509-BRI-013-01,2025-09-04T08:00:00Z,Bristol,BRI-013,Bus,Congestion,Low,1,18,1872,FALSE
INC-202509-LON-001-04,2025-09-04T08:11:00Z,London,LON-001,Bus,Roadworks,Low-Med,2,55,7902,TRUE
INC-202509-EDI-016-02,2025-09-04T08:36:00Z,Edinburgh,EDI-016,BikeShare,Dock Empty,Low,1,6,56,TRUE
INC-202509-EDI-020-01,2025-09-04T08:53:00Z,Edinburgh,EDI-020,Rail,Signal Failure,Med-High,4,206,32856,TRUE
INC-202509-LON-009-02,2025-09-05T00:32:00Z,London,LON-009,Rail,Track Fault,Med-High,4,211,110660,TRUE
INC-202509-EDI-010-01,2025-09-05T08:42:00Z,Edinburgh,EDI-010,Bus,Staff Shortage,Low,1,18,942,TRUE
INC-202509-BRI-002-04,2025-09-06T10:14:00Z,Bristol,BRI-002,Bus,Vehicle Fault,Low-Med,2,63,6766,TRUE
INC-202509-EDI-013-02,2025-09-07T06:01:00Z,Edinburgh,EDI-013,Rail,Track Fault,Medium,3,101,7486,TRUE
INC-202509-BRI-013-02,2025-09-07T13:25:00Z,Bristol,BRI-013,Bus,Roadworks,Low,1,22,1508,TRUE
INC-202509-LON-017-02,2025-09-07T15:02:00Z,London,LON-017,Bus,Congestion,Medium,3,48,2217,TRUE
INC-202509-MAN-019-02,2025-09-07T18:34:00Z,Manchester,MAN-019,Underground,Station Closure,Low-Med,2,42,16153,TRUE
INC-202509-EDI-016-01,2025-09-08T13:24:00Z,Edinburgh,EDI-016,BikeShare,Vandalism,Low,1,22,204,FALSE
INC-202509-MAN-019-01,2025-09-08T23:54:00Z,Manchester,MAN-019,Underground,Signal Failure,Medium,3,2480,35175,TRUE
INC-202509-MAN-015-01,2025-09-09T08:52:00Z,Manchester,MAN-015,Bus,Congestion,Low,1,13,952,TRUE
INC-202509-BRI-009-01,2025-09-09T14:45:00Z,Bristol,BRI-009,Tram,Power Issue,Med-High,4,170,9767,TRUE
INC-202509-LON-006-01,2025-09-09T19:51:00Z,London,LON-006,BikeShare,Dock Empty,Low,1,10,58,TRUE
INC-202509-EDI-019-01,2025-09-10T08:10:00Z,Edinburgh,EDI-019,Tram,Vehicle Fault,Low,1,13,185,TRUE
INC-202509-BRI-001-01,2025-09-10T09:31:00Z,Bristol,BRI-001,Bus,Congestion,Medium,3,72,2888,TRUE
INC-202509-MAN-002-02,2025-09-10T13:58:00Z,Manchester,MAN-002,Tram,Power Issue,Low-Med,2,69,2281,TRUE
INC-202509-MAN-011-03,2025-09-10T16:23:00Z,Manchester,MAN-011,Bus,Congestion,Low-Med,2,59,2342,TRUE
INC-202509-BRI-012-01,2025-09-10T18:04:00Z,Bristol,BRI-012,BikeShare,Dock Full,Low,1,18,56,TRUE
INC-202509-EDI-015-01,2025-09-11T06:35:00Z,Edinburgh,EDI-015,Bus,Roadworks,Low,1,19,1032,TRUE
INC-202509-LON-009-03,2025-09-11T07:32:00Z,London,LON-009,Rail,Weather,Med-High,4,2160,32068,TRUE
INC-202509-EDI-013-01,2025-09-11T17:07:00Z,Edinburgh,EDI-013,Rail,Rolling Stock,Medium,3,69,4575,TRUE
INC-202509-BRI-005-01,2025-09-11T17:34:00Z,Bristol,BRI-005,Bus,Staff Shortage,Low,1,15,1047,TRUE
INC-202509-EDI-013-03,2025-09-11T20:52:00Z,Edinburgh,EDI-013,Rail,Signal Failure,Low-Med,2,34,5200,TRUE
INC-202509-LON-005-01,2025-09-12T17:10:00Z,London,LON-005,Rail,Weather,Med-High,4,115,12767,TRUE
INC-202509-LON-008-01,2025-09-13T01:17:00Z,London,LON-008,Bus,Vehicle Fault,Low-Med,2,24,2371,TRUE
INC-202509-EDI-011-01,2025-09-13T07:07:00Z,Edinburgh,EDI-011,Bus,Staff Shortage,Low,1,31,1345,TRUE
INC-202509-LON-004-03,2025-09-13T08:00:00Z,London,LON-004,tram,Roadworks,Low,1,5,224,TRUE
INC-202509-MAN-022-01,2025-09-13T17:55:00Z,Manchester,MAN-022,Rail,Signal Failure,High,5,148,12576,FALSE
INC-202509-LON-001-01,2025-09-13T23:20:00Z,London,LON-001,Bus,Congestion,Medium,3,91,5448,TRUE
INC-202509-BRI-002-03,2025-09-14T21:00:00Z,Bristol,BRI-002,Bus,Congestion,Medium,3,126,17028,TRUE
INC-202509-MAN-012-01,2025-09-14T23:07:00Z,Manchester,MAN-012,Rail,Rolling Stock,Med-High,4,139,21953,TRUE
INC-202509-BRI-006-03,2025-09-15T07:30:00Z,Bristol,BRI-006,Bus,Congestion,Medium,3,103,6685,TRUE
INC-202509-EDI-004-01,2025-09-15T18:20:00Z,Edinburgh,EDI-004,Bus,Vehicle Fault,Low,1,9,756,FALSE
INC-202509-LON-004-04,2025-09-15T19:16:00Z,London,LON-004,Tram,Power Issue,Low-Med,2,43,2009,TRUE
INC-202509-LON-022-02,2025-09-16T17:29:00Z,London,LON-022,Underground,Power Issue,High,5,194,46786,TRUE
INC-202509-LON-004-01,2025-09-17T03:26:00Z,London,LON-004,Tram,Roadworks,Medium,3,105,5900,TRUE
INC-202509-LON-012-02,2025-09-17T07:56:00Z,london,LON-012,Bus,Roadworks,Low-Med,2,26,2646,TRUE
INC-202509-BRI-017-01,2025-09-17T13:26:00Z,Bristol,BRI-017,Bus,Congestion,Medium,3,78,2829,TRUE
INC-202509-LON-003-02,2025-09-17T18:33:00Z,London,LON-003,Bus,Vehicle Fault,Medium,3,88,14907,TRUE
INC-202509-BRI-001-02,2025-09-17T18:42:00Z,Bristol,BRI-001,Bus,Roadworks,Low-Med,2,26,14752,TRUE
INC-202509-BRI-001-03,2025-09-17T23:59:00Z,Bristol,BRI-001,Bus,Congestion,LOW-MED,2,39,2572,TRUE
INC-202509-EDI-018-02,2025-09-18T07:22:00Z,Edinburgh,EDI-018,Rail,Rolling Stock,Medium,3,94,9005,TRUE
INC-202509-EDI-006-01,2025-09-18T09:25:00Z,Edinburgh,EDI-006,Underground,Signal Failure,Med-High,4,199,47772,TRUE
INC-202509-LON-001-03,2025-09-18T13:54:00Z,London,LON-001,Bus,Congestion,Medium,3,64,5469,TRUE
INC-202509-MAN-011-02,2025-09-18T15:09:00Z,Manchester,MAN-011,Bus,Roadworks,Medium,3,113,4016,TRUE
INC-202509-EDI-008-01,2025-09-18T18:44:00Z,Edinburgh,EDI-008,Bus,Accident,Med-High,4,195,12687,TRUE
INC-202509-BRI-006-01,2025-09-19T01:20:00Z,Bristol,BRI-006,Bus,Vehicle Fault,Low-Med,2,53,2967,TRUE
INC-202104-EDI-011-02,2025-09-19T08:28:00Z,bristol,BRI-017,Bus,Roadworks,Low,1,16,1379,TRUE
INC-202509-LON-014-01,2025-09-19T08:31:00Z,London,LON-014,Bus,Roadworks,Low,1,24,,TRUE
INC-202509-EDI-018-01,2025-09-20T04:01:00Z,Edinburgh,EDI-018,Rail,Rolling Stock,Medium,3,109,12265,TRUE
INC-202509-MAN-004-01,2025-09-20T06:40:00Z,Manchester,MAN-004,Bus,,Medium,3,94,5194,TRUE
INC-202509-EDI-017-01,2025-09-20T07:52:00Z,Edinburgh,EDI-017,Underground,Station Closure,High,5,160,129927,TRUE
INC-202509-MAN-016-02,2025-09-20T08:34:00Z,Manchester,MAN-016,Bus,Roadworks,Low-Med,2,24,1531,TRUE
INC-202509-EDI-005-01,2025-09-20T08:49:00Z,Edinburgh,EDI-005,Underground,Signal Failure,Med-High,4,111,17989,TRUE
INC-202509-MAN-004-03,2025-09-20T09:34:00Z,Manchester,MAN-004,Bus,Roadworks,Low-Med,2,44,2299,TRUE
INC-202509-BRI-002-02,2025-09-20T14:25:00Z,Bristol,BRI-002,Bus,Accident,Med-High,4,101,6484,TRUE
INC-202509-BRI-021-03,2025-09-20T22:59:00Z,Bristol,BRI-021,Rail,Track Fault,Low-Med,2,52,9067,TRUE
INC-202509-LON-001-02,2025-09-21T18:08:00Z,London,LON-001,Bus,Vehicle Fault,Low,1,24,2376,TRUE
INC-202509-EDI-011-02,2025-09-21T18:23:00Z,Edinburgh,EDI-011,Bus,Congestion,Med High,4,175,10853,TRUE
INC-202509-BRI-021-01,2025-09-21T18:41:00Z,Bristol,BRI-021,Rail,Rolling Stock,Low-Med,2,68,14108,TRUE
INC-202509-LON-014-03,2025-09-21T19:45:00Z,London,LON-014,Bus,Accident,Medium,3,90,4671,TRUE
INC-202509-MAN-020-01,2025-09-22T06:07:00Z,Manchester,MAN-020,Bus,Staff Shortage,Low,1,9,1081,TRUE
INC-202509-MAN-014-01,2025-09-22T17:08:00Z,Manchester,MAN-014,BikeShare,Dock Empty,Low,1,11,105,TRUE
INC-202509-LON-022-01,2025-09-23T02:14:00Z,London,LON-022,Underground,Signal Failure,Medium,3,92,41223,TRUE
INC-202509-BRI-018-01,2025-09-23T11:30:00Z,Bristol,BRI-018,Bus,,Medium,3,99,5719,TRUE
INC-202509-EDI-018-03,2025-09-23T13:48:00Z,Edinburgh,EDI-018,Rail,Rolling Stock,Low-Med,2,39,5005,TRUE
INC-202509-BRI-006-02,2025-09-24T12:23:00Z,Bristol,BRI-006,Bus,Congestion,Med-High,4,191,11339,TRUE
INC-202509-LON-021-01,2025-09-24T18:40:00Z,London,LON-021,Bus,Roadworks,Medium,3,106,5502,TRUE
INC-201901-MAN-001-01,2025-09-25T22:01:00Z,Manchester,MAN-005,Tram,Roadworks,Low-Med,2,60,2612,TRUE
INC-202509-MAN-001-01,2025-09-26T00:41:00Z,Manchester,MAN-001,Bus,Accident,Medium,3,106,9960,TRUE
INC-202509-BRI-021-02,2025-09-26T01:45:00Z,Bristol,BRI-021,Rail,Signal Failure,Med-High,4,129,27920,TRUE
INC-202509-MAN-008-01,2025-09-26T02:30:00Z,Manchester,MAN-008,Bus,Roadworks,Medium,3,97,8725,TRUE
INC-202509-LON-012-01,2025-09-26T08:50:00Z,LDN,LON-012,Bus,Roadworks,Low-Med,2,41,3456,FALSE
INC-202509-LON-003-01,2025-09-26T16:02:00Z,London,LON-003,Bus,Vehicle Fault,Med High,4,136,11920,TRUE
INC-202302-EDI-019-01,2025-09-26T17:24:00Z,Bristol,BRI-014,Bus,Roadworks,Low,1,20,1900,TRUE
INC-202509-MAN-001-02,2025-09-27T01:55:00Z,Manchester,MAN-001,Bus,Roadworks,Low-Med,2,52,,TRUE
INC-202509-BRI-002-01,2025-09-27T02:59:00Z,Bristol,BRI-002,Bus,Congestion,Low,1,16,1666,TRUE
INC-202509-MAN-017-01,2025-09-27T04:11:00Z,Manchester,MAN-017,Underground,Signal Failure,High,5,219,74867,TRUE
INC-202509-MAN-002-01,2025-09-27T16:15:00Z,Manchester,MAN-002,Tram,Obstruction,Low-Med,2,35,2078,TRUE
INC-202509-MAN-013-01,2025-09-27T16:42:00Z,Manchester,MAN-013,Underground,Signal Failure,Medium,3,120,44160,TRUE
INC-202509-MAN-016-01,2025-09-27T21:17:00Z,Manchester,MAN-016,Bus,Congestion,Medium,3,70,15369,TRUE
INC-202509-MAN-021-01,2025-09-28T08:46:00Z,Manchester,MAN-021,Rail,Track Fault,Med-High,4,204,13063,TRUE
INC-202509-EDI-004-02,2025-09-28T14:36:00Z,Edinburgh,EDI-004,Bus,Congestion,Low,1,23,2689,TRUE
INC-202509-LON-004-02,2025-09-29T02:29:00Z,London,LON-004,Tram,,Medium,3,72,2157,TRUE
INC-202509-MAN-011-01,2025-09-29T07:50:00Z,Manchester,MAN-011,Bus,Congestion,Low,1,16,1478,TRUE
INC-202509-MAN-001-03,2025-09-30T02:08:00Z,Manchester,MAN-001,Bus,Congestion,Low,1,5,523,TRUE
INC-202509-LON-017-01,2025-09-30T02:55:00Z,London,LON-017,Bus,Congestion,Low-Med,2,59,3053,TRUE
INC-202509-LON-013-01,2025-09-30T07:15:00Z,London,LON-013,Underground,Signal Failure,Med-High,4,164,66386,TRUE
INC-201904-MAN-003-03,2025-09-30T09:06:00Z,Manchester,MAN-004,Bus,Congestion,Low-Med,2,52,2257,TRUE
INC-202509-MAN-007-01,2025-09-30T15:19:00Z,Manchester,MAN-007,Tram,Vehicle Fault,Low,1,9,193,TRUE
INC-202509-BRI-003-01,2025-09-30T16:49:00Z,Bristol,BRI-003,Rail,Weather,Medium,3,87,9984,TRUE
INC-202509-LON-014-02,2025-09-30T18:28:00Z,London,LON-014,Bus,Vehicle Fault,Medium,3,94,17967,TRUE
INC-202510-LON-022-02,2025-10-01T07:55:00Z,London,LON-022,Underground,Power Issue,Med-High,4,106,62996,TRUE
INC-202510-MAN-009-02,2025-10-01T14:34:00Z,Manchester,MAN-009,Underground,Passenger Incident,High,5,217,97293,TRUE
INC-202510-EDI-018-01,2025-10-01T22:10:00Z,Edinburgh,EDI-018,Rail,Signal Failure,Med-High,4,173,12104,TRUE
INC-202510-BRI-007-01,2025-10-02T01:20:00Z,Bristol,BRI-007,Tram,Obstruction,Low,1,12,238,TRUE
INC-202510-LON-009-04,2025-10-02T08:12:00Z,London,LON-009,Rail,Signal Failure,Med-High,4,212,52814,TRUE
INC-202510-BRI-011-01,2025-10-02T09:07:00Z,Bristol,BRI-011,Bus,Roadworks,Low-Med,2,52,3062,TRUE
INC-202510-LON-002-01,2025-10-02T19:01:00Z,London,LON-002,Bus,Roadworks,Medium,3,106,16156,TRUE
INC-202510-BRI-020-03,2025-10-03T09:58:00Z,Bristol,BRI-020,Rail,Signal Failure,Low-Med,2,58,10855,FALSE
INC-202510-MAN-017-02,2025-10-03T14:48:00Z,Manchester,MAN-017,Underground,Signal Failure,High,5,247,77271,TRUE
INC-202510-EDI-017-03,2025-10-03T14:54:00Z,Edinburgh,EDI-017,Underground,Passenger Incident,Med-High,4,194,82691,TRUE
INC-202510-EDI-020-01,2025-10-04T07:24:00Z,EDI,EDI-020,Rail,Signal Failure,Low-Med,2,65,2380,TRUE
INC-202510-BRI-002-02,2025-10-04T11:38:00Z,Bristol,BRI-002,Bus,Roadworks,Low,1,27,671,TRUE
INC-202510-EDI-011-01,2025-10-04T22:27:00Z,Edinburgh,EDI-011,Bus,Roadworks,Low,1,5,85,TRUE
INC-202510-LON-011-01,2025-10-05T00:23:00Z,LDN,LON-011,Tram,Power Issue,Low-Med,2,56,,TRUE
INC-202510-MAN-015-03,2025-10-05T00:30:00Z,Manchester,MAN-015,Bus,Vehicle Fault,Low,1,28,13345,TRUE
INC-202510-LON-018-03,2025-10-05T02:33:00Z,London,LON-018,Bus,Accident,Low,1,17,1401,TRUE
INC-202510-LON-010-01,2025-10-05T19:13:00Z,London,LON-010,BikeShare,App Outage,LOW-MED,2,42,938,TRUE
INC-202510-MAN-006-01,2025-10-06T05:02:00Z,Manchester,MAN-006,Tram,Roadworks,Low,1,6,127,TRUE
INC-202510-LON-015-03,2025-10-06T08:07:00Z,London,LON-015,Rail,Track Fault,High,5,215,34434,TRUE
INC-202510-MAN-009-01,2025-10-06T16:29:00Z,Manchester,MAN-009,Underground,Power Issue,Low-Med,2,47,15591,TRUE
INC-202510-BRI-001-01,2025-10-06T17:01:00Z,Bristol,BRI-001,Bus,Congestion,Medium,3,81,38580,TRUE
INC-202510-EDI-012-01,2025-10-06T18:10:00Z,Edinburgh,EDI-012,Underground,Signal Failure,Medium,3,59,10724,TRUE
INC-202510-LON-022-01,2025-10-06T18:54:00Z,London,LON-022,Underground,Power Issue,Med-High,4,196,70974,TRUE
INC-202510-MAN-019-01,2025-10-06T23:10:00Z,Manchester,MAN-019,Underground,Station Closure,High,5,292,89814,TRUE
INC-202510-LON-009-05,2025-10-06T23:20:00Z,London,LON-009,Rail,Rolling Stock,Med-High,4,118,19141,TRUE
INC-202510-BRI-020-02,2025-10-07T07:45:00Z,Bristol,BRI-020,Rail,Signal Failure,High,5,147,20712,TRUE
INC-202510-EDI-003-02,2025-10-07T20:10:00Z,Edinburgh,EDI-003,Bus,Roadworks,Low,1,12,920,TRUE
INC-202510-BRI-008-03,2025-10-07T21:55:00Z,Bristol,BRI-008,Rail,Track Fault,Medium,3,76,4248,TRUE
INC-202510-LON-014-02,2025-10-08T08:56:00Z,London,LON-014,Bus,Roadworks,Medium,3,97,6189,TRUE
INC-202510-MAN-019-02,2025-10-08T13:25:00Z,Manchester,MAN-019,Underground,Power Issue,High,5,249,,TRUE
INC-202510-MAN-015-02,2025-10-08T14:36:00Z,Manchester,MAN-015,Bus,Congestion,Low,1,10,,TRUE
INC-202510-EDI-002-01,2025-10-09T03:50:00Z,Edinburgh,EDI-002,Bus,Roadworks,Medium,3,72,5315,TRUE
INC-202510-MAN-002-01,2025-10-09T12:45:00Z,Manchester,MAN-002,Tram,Obstruction,Low,1,14,818,TRUE
INC-202510-BRI-002-01,2025-10-10T02:11:00Z,Bristol,BRI-002,Bus,Congestion,Low,1,15,406,TRUE
INC-202510-BRI-021-01,2025-10-10T04:54:00Z,Bristol,BRI-021,Rail,Rolling Stock,Medium,3,82,10874,TRUE
INC-202510-EDI-009-02,2025-10-10T16:39:00Z,Edinburgh,EDI-009,Bus,Congestion,Low,1,18,370,TRUE
INC-202510-LON-015-02,2025-10-10T22:20:00Z,london,LON-015,Rail,Track Fault,Med-High,4,202,27837,TRUE
INC-202510-BRI-008-01,2025-10-11T05:42:00Z,Bristol,BRI-008,Rail,Weather,Medium,3,64,3641,TRUE
INC-202510-EDI-010-02,2025-10-11T06:36:00Z,Edinburgh,EDI-010,Bus,Vehicle Fault,Medium,3,68,4337,TRUE
INC-202510-EDI-020-02,2025-10-11T18:19:00Z,Edinburgh,EDI-020,Rail,Signal Failure,Low Med,2,35,2649,TRUE
INC-202510-BRI-016-01,2025-10-11T19:59:00Z,Bristol,BRI-016,Rail,Track Fault,Low-Med,2,35,2813,TRUE
INC-202510-EDI-008-01,2025-10-12T18:10:00Z,Edinburgh,EDI-008,Bus,,Low,1,16,1127,TRUE
INC-202510-LON-018-01,2025-10-13T09:23:00Z,London,LON-018,Bus,,Low-Med,2,43,2289,TRUE
INC-202510-EDI-017-02,2025-10-14T07:04:00Z,Edinburgh,EDI-017,Underground,Station Closure,Medium,3,94,,TRUE
INC-202510-MAN-018-01,2025-10-14T17:34:00Z,Manchester,MAN-018,BikeShare,Dock Full,Low,1,6,70,TRUE
INC-202510-EDI-013-01,2025-10-14T17:56:00Z,Edinburgh,EDI-013,Rail,Weather,Low-Med,2,61,7047,TRUE
INC-202510-LON-010-03,2025-10-14T18:29:00Z,London,LON-010,BikeShare,Bike Fault,Low,1,8,208,TRUE
INC-202510-LON-001-03,2025-10-14T23:47:00Z,London,LON-001,Bus,Accident,Medium,3,60,6713,TRUE
INC-202510-MAN-009-04,2025-10-15T04:02:00Z,Manchester,MAN-009,Underground,Power Issue,Med-High,4,144,25984,TRUE
INC-202510-BRI-013-01,2025-10-16T02:58:00Z,Bristol,BRI-013,Bus,Vehicle Fault,Medium,3,105,5640,TRUE
INC-202510-MAN-015-01,2025-10-16T06:33:00Z,Manchester,MAN-015,Bus,Roadworks,Medium,3,74,4778,TRUE
INC-202510-EDI-010-03,2025-10-16T20:08:00Z,Edinburgh,EDI-010,Bus,Congestion,Medium,3,48,2358,TRUE
INC-202510-EDI-008-02,2025-10-17T01:23:00Z,Edinburgh,EDI-008,Bus,Staff Shortage,Low-Med,2,47,3641,TRUE
INC-202510-LON-017-01,2025-10-17T07:37:00Z,London,LON-017,Bus,Vehicle Fault,Medium,3,65,7403,TRUE
INC-202510-BRI-009-01,2025-10-17T07:56:00Z,Bristol,BRI-009,Tram,Roadworks,Low-Med,2,,2328,FALSE
INC-202510-BRI-017-01,2025-10-17T08:30:00Z,Bristol,BRI-017,Bus,Vehicle Fault,Medium,3,101,4277,TRUE
INC-202510-LON-002-05,2025-10-17T15:30:00Z,london,LON-002,Bus,Staff Shortage,Medium,3,118,12434,TRUE
INC-202510-LON-009-02,2025-10-17T17:11:00Z,London,LON-009,Rail,Weather,Med-High,4,120,25316,TRUE
INC-202510-BRI-020-01,2025-10-17T18:07:00Z,Bristol,BRI-020,Rail,Signal Failure,High,5,156,12058,TRUE
INC-202510-MAN-021-02,2025-10-17T18:18:00Z,Manchester,MAN-021,Rail,Signal Failure,Low-Med,2,54,11706,FALSE
INC-202510-LON-002-04,2025-10-18T04:24:00Z,London,LON-002,Bus,Staff Shortage,High,5,165,16057,TRUE
INC-202510-MAN-009-03,2025-10-18T19:47:00Z,Manchester,MAN-009,Underground,Power Issue,High,5,168,30001,TRUE
INC-202510-LON-009-03,2025-10-19T00:04:00Z,London,LON-009,Rail,Rolling Stock,Medium,3,64,15343,TRUE
INC-202510-MAN-014-03,2025-10-19T17:21:00Z,Manchester,MAN-014,BikeShare,Dock Empty,Low,1,8,160,TRUE
INC-202510-MAN-014-03,2025-10-19T17:21:00Z,Manchester,MAN-014,BikeShare,Dock Empty,Low,1,8,160,TRUE
INC-202510-EDI-006-01,2025-10-19T18:25:00Z,Edinburgh,EDI-006,Underground,Signal Failure,Medium,3,101,19342,TRUE
INC-202510-EDI-003-01,2025-10-19T18:48:00Z,EDI,EDI-003,Bus,Vehicle Fault,Low,1,14,1184,TRUE
INC-202510-EDI-017-01,2025-10-19T21:58:00Z,Edinburgh,EDI-017,Underground,Signal Failure,High,5,272,69159,TRUE
INC-202510-MAN-021-03,2025-10-20T15:16:00Z,Manchester,MAN-021,Rail,Rolling Stock,Med-High,4,111,22530,TRUE
INC-202510-LON-018-04,2025-10-20T17:15:00Z,London,LON-018,Bus,Staff Shortage,Low-Med,2,59,4416,TRUE
INC-202510-MAN-014-01,2025-10-20T17:46:00Z,Manchester,MAN-014,BikeShare,Dock Empty,Low,1,16,247,TRUE
INC-202510-LON-018-02,2025-10-20T22:14:00Z,London,LON-018,Bus,Staff Shortage,Low,1,13,893,TRUE
INC-202203-LON-017-01,2025-10-22T18:23:00Z,Manchester,MAN-014,BikeShare,Vandalism,Low,1,6,93,TRUE
INC-202510-BRI-008-02,2025-10-22T22:55:00Z,Bristol,BRI-008,Rail,Rolling Stock,Med-High,4,136,11586,FALSE
INC-202510-LON-009-01,2025-10-23T01:59:00Z,London,LON-009,Rail,Track Fault,Med-High,4,105,14565,TRUE
INC-202510-LON-010-02,2025-10-23T12:29:00Z,London,LON-010,BikeShare,Bike Fault,Medium,3,61,1787,TRUE
INC-202510-EDI-014-01,2025-10-23T17:38:00Z,Edinburgh,EDI-014,Underground,Station Closure,Medium,3,110,29114,TRUE
INC-202510-MAN-012-01,2025-10-23T19:04:00Z,Manchester,MAN-012,Rail,Signal Failure,Low-Med,2,55,6515,TRUE
INC-202510-LON-019-01,2025-10-23T20:02:00Z,London,LON-019,Bus,Congestion,Low-Med,2,53,5865,TRUE
INC-202510-EDI-010-01,2025-10-23T23:01:00Z,Edinburgh,EDI-010,Bus,Roadworks,Low-Med,2,28,,TRUE
INC-202510-EDI-015-01,2025-10-24T04:12:00Z,Edinburgh,EDI-015,Bus,Vehicle Fault,MED-HIGH,4,107,4822,TRUE
INC-202510-BRI-020-04,2025-10-24T09:15:00Z,Bristol,BRI-020,Rail,Rolling Stock,Med-High,4,133,18993,FALSE
INC-202510-MAN-013-01,2025-10-25T03:49:00Z,Manchester,MAN-013,Underground,Station Closure,High,5,219,48442,FALSE
INC-202510-MAN-001-01,2025-10-25T08:23:00Z,Manchester,MAN-001,Bus,Congestion,Low,1,9,309,TRUE
INC-202510-LON-002-02,2025-10-25T09:08:00Z,London,LON-002,Bus,Congestion,Medium,3,75,8802,TRUE
INC-202510-BRI-006-01,2025-10-25T17:57:00Z,Bristol,BRI-006,Bus,Vehicle Fault,Low,1,24,1989,FALSE
INC-202510-MAN-021-01,2025-10-25T18:15:00Z,Manchester,MAN-021,Rail,Signal Failure,Medium,3,72,7463,TRUE
INC-202510-LON-013-01,2025-10-25T21:17:00Z,London,LON-013,Underground,Power Issue,Med-High,4,199,95970,TRUE
INC-202510-LON-006-01,2025-10-26T18:27:00Z,London,LON-006,bikeshare,Vandalism,Low,1,13,146,TRUE
INC-202510-LON-001-02,2025-10-27T15:28:00Z,London,LON-001,Bus,Staff Shortage,Low-Med,2,31,1121,TRUE
INC-202510-MAN-008-01,2025-10-27T15:46:00Z,Manchester,MAN-008,Bus,Roadworks,Low-Med,2,50,3902,TRUE
INC-202510-EDI-004-01,2025-10-27T18:01:00Z,Edinburgh,EDI-004,Bus,Staff Shortage,Low Med,2,42,2348,TRUE
INC-202510-LON-008-01,2025-10-28T07:31:00Z,London,LON-008,Bus,Vehicle Fault,Low-Med,2,38,3983,TRUE
INC-202510-LON-006-02,2025-10-28T10:45:00Z,London,LON-006,BikeShare,Dock Empty,Low,1,10,203,TRUE
INC-202510-MAN-017-01,2025-10-28T17:15:00Z,Manchester,MAN-017,Underground,Signal Failure,Med-High,4,134,57708,TRUE
INC-202510-LON-002-03,2025-10-29T04:56:00Z,London,LON-002,Bus,Roadworks,Med-High,4,212,214672,TRUE
INC-202510-LON-014-01,2025-10-30T03:07:00Z,london,LON-014,Bus,Congestion,Low-Med,2,38,2261,TRUE
INC-202510-BRI-011-02,2025-10-30T05:36:00Z,Bristol,BRI-011,Bus,Congestion,Low,1,25,2390,TRUE
INC-202510-EDI-009-01,2025-10-30T06:38:00Z,Edinburgh,EDI-009,Bus,Congestion,Medium,3,,4471,FALSE
INC-202510-LON-015-01,2025-10-30T12:38:00Z,London,LON-015,Rail,Signal Failure,High,5,261,72703,FALSE
INC-202510-LON-001-01,2025-10-30T21:36:00Z,London,LON-001,Bus,Congestion,Low-Med,2,58,3618,TRUE
INC-202511-LON-018-04,2025-11-01T02:38:00Z,London,LON-018,Bus,Congestion,High,5,261,29752,TRUE
INC-202511-EDI-002-01,2025-11-01T13:33:00Z,Edinburgh,EDI-002,Bus,Congestion,Low-Med,2,51,1813,TRUE
INC-202511-LON-017-01,2025-11-01T16:11:00Z,London,LON-017,Bus,Congestion,Medium,3,103,15302,TRUE
INC-202511-MAN-001-01,2025-11-01T19:14:00Z,Manchester,MAN-001,Bus,Accident,Low-Med,2,47,2800,FALSE
INC-202511-LON-007-02,2025-11-02T16:08:00Z,London,LON-007,Tram,Obstruction,Low,1,16,494,TRUE
INC-202511-EDI-005-02,2025-11-03T02:48:00Z,Edinburgh,EDI-005,Underground,Station Closure,Medium,3,96,24979,TRUE
INC-202511-LON-012-01,2025-11-03T14:05:00Z,London,LON-012,Bus,Roadworks,Med-High,4,88,7538,FALSE
INC-202511-EDI-015-02,2025-11-03T17:46:00Z,Edinburgh,EDI-015,Bus,Vehicle Fault,Low-Med,2,38,1560,TRUE
INC-202511-BRI-016-01,2025-11-03T19:00:00Z,Bristol,BRI-016,Rail,Weather,High,5,311,70078,TRUE
INC-202511-EDI-015-01,2025-11-04T08:01:00Z,Edinburgh,EDI-015,Bus,Roadworks,Low,1,15,373,TRUE
INC-202511-EDI-006-01,2025-11-04T08:21:00Z,Edinburgh,EDI-006,Underground,Power Issue,Low-Med,2,49,11127,TRUE
INC-202511-BRI-004-01,2025-11-04T17:47:00Z,Bristol,BRI-004,Underground,Signal Failure,Med-High,4,100,23026,TRUE
INC-202511-EDI-017-01,2025-11-04T19:45:00Z,Edinburgh,EDI-017,Underground,Power Issue,Med-High,4,101,28792,TRUE
INC-202511-LON-001-01,2025-11-05T09:36:00Z,London,LON-001,Bus,Vehicle Fault,Medium,3,93,5208,TRUE
INC-202511-EDI-017-04,2025-11-05T17:42:00Z,Edinburgh,EDI-017,Underground,Signal Failure,Med-High,4,183,,TRUE
INC-202511-LON-020-02,2025-11-06T18:42:00Z,London,LON-020,Bus,Congestion,Low-Med,2,,5504,TRUE
INC-202511-BRI-008-01,2025-11-07T05:51:00Z,Bristol,BRI-008,Rail,Weather,Med-High,4,134,27864,TRUE
INC-202511-LON-013-01,2025-11-07T07:08:00Z,London,LON-013,Underground,Station Closure,Med-High,4,98,69344,TRUE
INC-202511-EDI-017-02,2025-11-07T11:26:00Z,Edinburgh,EDI-017,Underground,Passenger Incident,Medium,3,48,11912,TRUE
INC-202511-EDI-017-02,2025-11-07T11:31:00Z,Edinburgh,EDI-017,Underground,Passenger Incident,Medium,3,48,11912,TRUE
INC-202511-BRI-001-02,2025-11-08T19:26:00Z,Bristol,BRI-001,Bus,Vehicle Fault,Low,1,17,964,TRUE
INC-202511-LON-011-01,2025-11-09T03:33:00Z,London,LON-011,Tram,Obstruction,Low-Med,2,27,650,TRUE
INC-202511-LON-012-03,2025-11-09T12:31:00Z,London,LON-012,Bus,Staff Shortage,Medium,3,72,9657,TRUE
INC-202511-BRI-001-03,2025-11-09T16:35:00Z,Bristol,BRI-001,Bus,Congestion,Medium,3,83,4417,TRUE
INC-202511-BRI-001-01,2025-11-10T00:40:00Z,Bristol,BRI-001,Bus,Congestion,Low Med,2,48,2180,TRUE
INC-202511-EDI-019-01,2025-11-10T02:56:00Z,Edinburgh,EDI-019,Tram,Roadworks,Low,1,23,499,TRUE
INC-202511-LON-008-04,2025-11-11T02:03:00Z,LDN,LON-008,Bus,Roadworks,Medium,3,55,2453,TRUE
INC-202511-LON-021-02,2025-11-11T03:05:00Z,london,LON-021,Bus,Congestion,Medium,3,110,6729,TRUE
INC-202511-EDI-018-01,2025-11-11T15:06:00Z,Edinburgh,EDI-018,Rail,Rolling Stock,Low-Med,2,35,3662,TRUE
INC-202511-BRI-019-01,2025-11-11T16:39:00Z,Bristol,BRI-019,Rail,Rolling Stock,Low-Med,2,40,3585,TRUE
INC-202511-LON-005-03,2025-11-11T21:03:00Z,London,LON-005,Rail,Track Fault,Medium,3,70,5703,TRUE
INC-202511-EDI-012-01,2025-11-12T19:47:00Z,Edinburgh,EDI-012,Underground,Station Closure,Med-High,4,204,38368,TRUE
INC-202511-MAN-013-02,2025-11-13T08:49:00Z,Manchester,MAN-013,Underground,Station Closure,Medium,3,66,17714,TRUE
INC-202511-LON-019-02,2025-11-13T18:21:00Z,London,LON-019,Bus,Staff Shortage,Med-High,4,106,13943,TRUE
INC-202511-MAN-008-02,2025-11-13T19:59:00Z,Manchester,MAN-008,Bus,Roadworks,Low-Med,2,32,1397,TRUE
INC-202511-BRI-008-02,2025-11-14T15:10:00Z,Bristol,BRI-008,Rail,Track Fault,Medium,3,97,9879,FALSE
INC-202511-LON-004-01,2025-11-14T20:59:00Z,LDN,LON-004,Tram,Roadworks,Low,1,5,394,TRUE
INC-202511-EDI-017-03,2025-11-15T00:11:00Z,Edinburgh,EDI-017,Underground,Signal Failure,Medium,3,90,18878,TRUE
INC-202511-MAN-009-01,2025-11-15T09:49:00Z,Manchester,MAN-009,Underground,Passenger Incident,Med-High,4,205,77224,TRUE
INC-202511-MAN-022-02,2025-11-15T12:55:00Z,Manchester,MAN-022,Rail,Track Fault,Med-High,4,171,,TRUE
INC-202511-MAN-016-03,2025-11-15T17:06:00Z,MAN,MAN-016,Bus,Vehicle Fault,Low,1,12,601,TRUE
INC-202511-LON-019-01,2025-11-15T17:58:00Z,London,LON-019,Bus,Vehicle Fault,Low-Med,2,54,3546,TRUE
INC-202511-EDI-010-01,2025-11-15T18:47:00Z,Edinburgh,EDI-010,Bus,Congestion,Low,1,9,471,TRUE
INC-202511-MAN-009-02,2025-11-16T03:29:00Z,Manchester,MAN-009,Underground,Signal Failure,Low-Med,2,67,18065,TRUE
INC-202511-BRI-021-01,2025-11-16T14:42:00Z,bristol,BRI-021,Rail,Signal Failure,High,5,315,28197,TRUE
INC-202511-BRI-005-02,2025-11-16T15:09:00Z,Bristol,BRI-005,Bus,,Low-Med,2,35,2719,TRUE
INC-202511-EDI-014-01,2025-11-16T18:00:00Z,Edinburgh,EDI-014,Underground,Power Issue,Med-High,4,133,34902,TRUE
INC-202511-BRI-011-01,2025-11-17T12:50:00Z,Bristol,BRI-011,Bus,Roadworks,Low-Med,2,34,3138,TRUE
INC-202511-MAN-007-01,2025-11-17T19:35:00Z,Manchester,MAN-007,Tram,Vehicle Fault,Low-Med,2,53,813,TRUE
INC-202511-EDI-005-01,2025-11-17T19:50:00Z,Edinburgh,EDI-005,Underground,Power Issue,Low-Med,2,35,5366,TRUE
INC-202511-BRI-008-03,2025-11-17T22:46:00Z,Bristol,BRI-008,Rail,Rolling Stock,Med-High,4,167,14915,TRUE
INC-202511-MAN-010-02,2025-11-17T23:17:00Z,Manchester,MAN-010,Rail,Weather,Med-High,4,172,33602,TRUE
INC-202511-EDI-015-03,2025-11-18T05:49:00Z,Edinburgh,EDI-015,bus,Roadworks,Low,1,10,839,TRUE
INC-202511-LON-008-01,2025-11-19T18:38:00Z,London,LON-008,Bus,Congestion,Low-Med,2,48,2569,FALSE
INC-202511-LON-022-01,2025-11-19T20:55:00Z,London,LON-022,Underground,Signal Failure,Medium,3,88,13261,TRUE
INC-202511-LON-012-02,2025-11-21T12:08:00Z,LDN,LON-012,bus,Staff Shortage,Medium,3,101,5954,TRUE
INC-202511-LON-005-02,2025-11-21T15:05:00Z,London,LON-005,Rail,Track Fault,Medium,3,95,12705,TRUE
INC-202511-MAN-013-01,2025-11-21T16:26:00Z,Manchester,MAN-013,Underground,Power Issue,High,5,206,63042,TRUE
INC-202511-MAN-015-01,2025-11-21T19:18:00Z,Manchester,MAN-015,Bus,Congestion,Low,1,9,806,TRUE
INC-202511-LON-021-01,2025-11-22T01:41:00Z,London,LON-021,Bus,Congestion,Medium,3,79,,TRUE
INC-202511-LON-018-03,2025-11-22T07:58:00Z,London,LON-018,Bus,Congestion,Medium,3,107,18872,TRUE
INC-202511-MAN-019-01,2025-11-22T08:46:00Z,Manchester,MAN-019,Underground,Signal Failure,Medium,3,121,35762,TRUE
INC-202511-BRI-003-01,2025-11-22T09:21:00Z,Bristol,BRI-003,Rail,Track Fault,Medium,3,105,11427,FALSE
INC-202511-LON-008-03,2025-11-22T12:11:00Z,London,LON-008,Bus,Congestion,Low-Med,2,61,6775,TRUE
INC-202511-MAN-016-02,2025-11-22T16:33:00Z,Manchester,MAN-016,Bus,Roadworks,Low-Med,2,28,944,TRUE
INC-202511-BRI-014-01,2025-11-22T21:10:00Z,Bristol,BRI-014,Bus,Roadworks,Low,1,14,1011,TRUE
INC-202511-BRI-002-01,2025-11-23T00:10:00Z,Bristol,BRI-002,Bus,Roadworks,Low,1,34,913,TRUE
INC-202511-LON-005-01,2025-11-23T19:44:00Z,London,LON-005,Rail,Weather,Med-High,4,127,14801,TRUE
INC-202511-LON-007-01,2025-11-23T19:48:00Z,LDN,LON-007,tram,Obstruction,Low,1,17,623,TRUE
INC-202511-LON-018-02,2025-11-24T05:51:00Z,London,LON-018,Bus,Congestion,Medium,3,84,11446,TRUE
INC-202511-BRI-008-04,2025-11-24T07:02:00Z,Bristol,BRI-008,Rail,Signal Failure,Med-High,4,4120,26053,TRUE
INC-202511-MAN-009-03,2025-11-24T07:08:00Z,Manchester,MAN-009,Underground,Signal Failure,Med-High,4,195,32464,TRUE
INC-202511-LON-017-02,2025-11-24T09:39:00Z,London,LON-017,Bus,Congestion,Medium,3,62,10066,TRUE
INC-202511-LON-018-01,2025-11-24T13:34:00Z,London,LON-018,Bus,Congestion,Med-High,4,124,20186,TRUE
INC-202511-BRI-009-01,2025-11-24T18:06:00Z,Bristol,BRI-009,Tram,Power Issue,Low,1,21,592,TRUE
INC-202511-MAN-002-01,2025-11-24T20:40:00Z,Manchester,MAN-002,Tram,Vehicle Fault,Low,1,10,496,TRUE
INC-202511-BRI-002-02,2025-11-25T05:31:00Z,Bristol,BRI-002,Bus,Congestion,Low,1,16,789,TRUE
INC-202511-MAN-015-02,2025-11-25T08:20:00Z,Manchester,MAN-015,Bus,Roadworks,Low-Med,2,61,3267,TRUE
INC-202511-MAN-021-02,2025-11-25T11:41:00Z,MAN,MAN-021,Rail,Signal Failure,High,5,302,37158,TRUE
INC-202511-MAN-016-01,2025-11-25T17:05:00Z,Manchester,MAN-016,Bus,Vehicle Fault,Low,1,21,845,TRUE
INC-202511-MAN-010-01,2025-11-27T05:16:00Z,Manchester,MAN-010,Rail,Rolling Stock,Med-High,4,203,22667,TRUE
INC-202511-MAN-022-01,2025-11-27T09:01:00Z,MAN,MAN-022,Rail,Signal Failure,Low-Med,2,30,4794,TRUE
INC-202511-EDI-004-01,2025-11-27T17:12:00Z,EDI,EDI-004,Bus,Congestion,Low-Med,2,28,506,TRUE
INC-202511-EDI-001-01,2025-11-27T18:00:00Z,Edinburgh,EDI-001,Underground,Station Closure,Med-High,4,,50122,TRUE
INC-202511-BRI-005-01,2025-11-28T02:43:00Z,Bristol,BRI-005,Bus,Vehicle Fault,Med-High,4,166,6925,TRUE
INC-202511-MAN-013-03,2025-11-28T03:27:00Z,Manchester,MAN-013,Underground,Power Issue,High,5,260,66317,TRUE
INC-202511-BRI-017-01,2025-11-28T06:35:00Z,Bristol,BRI-017,Bus,Accident,Low,1,19,1276,TRUE
INC-202511-EDI-008-01,2025-11-28T13:52:00Z,Edinburgh,EDI-008,Bus,Congestion,Low,1,13,1427,TRUE
INC-202511-MAN-008-01,2025-11-28T16:00:00Z,Manchester,MAN-008,Bus,Congestion,Low,1,6,530,TRUE
INC-202511-EDI-011-01,2025-11-30T08:55:00Z,Edinburgh,EDI-011,Bus,Vehicle Fault,Low-Med,2,63,4272,TRUE
INC-202511-LON-003-01,2025-11-30T15:47:00Z,London,LON-003,Bus,Staff Shortage,Low,1,18,1479,TRUE
INC-202511-MAN-021-01,2025-11-30T16:42:00Z,Manchester,MAN-021,Rail,Rolling Stock,High,5,264,25736,TRUE
INC-202511-LON-008-02,2025-11-30T18:17:00Z,london,LON-008,Bus,Congestion,Low-Med,2,30,4336,TRUE
INC-202511-EDI-002-02,2025-11-30T18:19:00Z,Edinburgh,EDI-002,Bus,Congestion,Low-Med,2,49,2562,TRUE
INC-202511-LON-020-01,2025-11-30T18:30:00Z,London,LON-020,Bus,Vehicle Fault,Medium,3,116,6029,TRUE
INC-202511-BRI-003-02,2025-11-30T18:37:00Z,Bristol,BRI-003,Rail,Rolling Stock,Low,1,28,,TRUE
INC-202512-MAN-017-02,2025-12-01T15:28:00Z,Manchester,MAN-017,Underground,Passenger Incident,Med-High,4,199,75283,TRUE
INC-202512-EDI-017-01,2025-12-01T16:28:00Z,Edinburgh,EDI-017,underground,Passenger Incident,Medium,3,66,15846,TRUE
INC-202512-EDI-005-01,2025-12-02T08:07:00Z,Edinburgh,EDI-005,Underground,Station Closure,Low-Med,2,42,10035,TRUE
INC-202512-MAN-017-01,2025-12-02T17:22:00Z,Manchester,MAN-017,Underground,Station Closure,Medium,3,60,29393,TRUE
INC-202512-MAN-019-01,2025-12-03T03:49:00Z,Manchester,MAN-019,Underground,Station Closure,Medium,3,86,13255,TRUE
INC-202512-EDI-012-01,2025-12-03T11:24:00Z,Edinburgh,EDI-012,Underground,Power Issue,Low-Med,2,38,6753,TRUE
INC-202512-LON-012-03,2025-12-03T17:49:00Z,London,LON-012,Bus,Staff Shortage,Med-High,4,136,18825,TRUE
INC-202512-EDI-012-02,2025-12-03T23:58:00Z,Edinburgh,EDI-012,Underground,Signal Failure,Med-High,4,192,58316,TRUE
INC-202512-LON-008-02,2025-12-04T01:19:00Z,London,LON-008,Bus,Accident,Medium,3,105,13573,TRUE
INC-202512-BRI-005-03,2025-12-04T01:36:00Z,Bristol,BRI-005,Bus,Vehicle Fault,Low,1,11,556,TRUE
INC-202512-LON-012-01,2025-12-04T09:54:00Z,London,LON-012,Bus,Congestion,Med-High,4,157,17062,TRUE
INC-202512-MAN-008-01,2025-12-04T10:11:00Z,Manchester,MAN-008,Bus,Congestion,Medium,3,93,3243,TRUE
INC-202512-LON-007-02,2025-12-04T17:50:00Z,London,LON-007,Tram,Power Issue,Low-Med,2,40,1495,FALSE
INC-202512-LON-014-01,2025-12-05T07:07:00Z,London,LON-014,Bus,Congestion,Medium,3,67,4139,TRUE
INC-202512-EDI-008-01,2025-12-06T10:51:00Z,Edinburgh,EDI-008,Bus,Staff Shortage,Low-Med,2,22,1275,TRUE
INC-202512-LON-013-01,2025-12-06T16:32:00Z,London,LON-013,underground,Power Issue,Medium,3,73,13725,TRUE
INC-202512-MAN-022-01,2025-12-06T18:54:00Z,MAN,MAN-022,Rail,Signal Failure,Medium,3,128,18783,TRUE
INC-202512-BRI-017-01,2025-12-07T08:26:00Z,Bristol,BRI-017,Bus,Staff Shortage,Low-Med,2,55,3111,TRUE
INC-202512-BRI-019-01,2025-12-07T08:29:00Z,Bristol,BRI-019,Rail,Signal Failure,Low-Med,2,59,4423,TRUE
INC-202512-EDI-020-01,2025-12-07T15:12:00Z,Edinburgh,EDI-020,Rail,Track Fault,Med-High,4,106,20624,TRUE
INC-202512-LON-013-03,2025-12-07T18:14:00Z,London,LON-013,Underground,Power Issue,Medium,3,64,12449,FALSE
INC-202512-EDI-001-02,2025-12-07T18:28:00Z,Edinburgh,EDI-001,Underground,Signal Failure,Medium,3,115,49039,TRUE
INC-202512-MAN-009-01,2025-12-08T12:57:00Z,Manchester,MAN-009,Underground,Signal Failure,Low-Med,2,36,9126,FALSE
INC-202512-MAN-016-01,2025-12-08T13:27:00Z,Manchester,MAN-016,Bus,Roadworks,Med-High,4,114,8466,TRUE
INC-202512-MAN-012-01,2025-12-08T13:52:00Z,Manchester,MAN-012,Rail,Signal Failure,High,5,319,34921,TRUE
INC-202512-EDI-015-02,2025-12-09T15:39:00Z,Edinburgh,EDI-015,Bus,Congestion,Low Med,2,60,5309,TRUE
INC-202512-BRI-017-02,2025-12-09T17:12:00Z,Bristol,BRI-017,Bus,Congestion,Medium,3,47,5394,TRUE
INC-202512-LON-006-02,2025-12-10T03:17:00Z,London,LON-006,BikeShare,Vandalism,Low,1,15,88,TRUE
INC-202512-BRI-009-01,2025-12-10T05:50:00Z,Bristol,BRI-009,Tram,Power Issue,Low,1,6,163,FALSE
INC-202512-BRI-017-03,2025-12-10T08:33:00Z,Bristol,BRI-017,Bus,Congestion,Low,1,,247,TRUE
INC-202512-LON-008-01,2025-12-10T08:57:00Z,London,LON-008,Bus,Staff Shortage,Medium,3,117,13415,TRUE
INC-202512-EDI-008-02,2025-12-10T12:01:00Z,Edinburgh,EDI-008,Bus,Vehicle Fault,Low,1,29,1147,TRUE
INC-202512-LON-004-01,2025-12-10T14:59:00Z,London,LON-004,Tram,Power Issue,Low-Med,2,36,981,TRUE
INC-202512-MAN-013-02,2025-12-10T15:09:00Z,Manchester,MAN-013,Underground,Passenger Incident,Med-High,4,132,34696,TRUE
INC-202512-LON-013-04,2025-12-10T17:09:00Z,London,LON-013,Underground,Signal Failure,Low-Med,2,56,21341,TRUE
INC-202512-LON-018-02,2025-12-10T19:06:00Z,London,LON-018,Bus,Accident,Low-Med,2,54,4826,TRUE
INC-202512-MAN-020-03,2025-12-11T05:14:00Z,Manchester,MAN-020,Bus,Congestion,Low-Med,2,37,2626,TRUE
INC-202512-BRI-020-01,2025-12-11T06:56:00Z,Bristol,BRI-020,Rail,Track Fault,Med-High,4,141,13641,FALSE
INC-202512-MAN-016-03,2025-12-11T16:25:00Z,Manchester,MAN-016,Bus,Roadworks,Low-Med,2,42,3305,TRUE
INC-202512-BRI-004-03,2025-12-11T17:01:00Z,Bristol,BRI-004,Underground,Signal Failure,MEDIUM,3,59,11459,TRUE
INC-202512-MAN-010-01,2025-12-11T17:26:00Z,Manchester,MAN-010,rail,Track Fault,Medium,3,114,6576,TRUE
INC-202512-MAN-020-02,2025-12-12T05:44:00Z,Manchester,MAN-020,bus,Roadworks,Low-Med,2,22,1605,TRUE
INC-202512-LON-006-03,2025-12-12T23:19:00Z,London,LON-006,BikeShare,Dock Empty,Low-Med,2,56,491,TRUE
INC-202512-EDI-012-03,2025-12-13T05:22:00Z,Edinburgh,EDI-012,Underground,Signal Failure,Medium,3,117,12114,TRUE
INC-202512-BRI-004-01,2025-12-14T06:26:00Z,Bristol,BRI-004,Underground,Signal Failure,Medium,3,69,18544,TRUE
INC-202512-EDI-015-01,2025-12-14T07:15:00Z,EDI,EDI-015,Bus,Vehicle Fault,Low-Med,2,44,1717,TRUE
INC-202512-EDI-020-02,2025-12-14T14:00:00Z,Edinburgh,EDI-020,rail,Rolling Stock,High,5,322,57674,TRUE
INC-202512-BRI-019-03,2025-12-14T22:21:00Z,Bristol,BRI-019,Rail,Weather,Med-High,4,184,15383,TRUE
INC-202512-EDI-001-01,2025-12-15T03:14:00Z,Edinburgh,EDI-001,Underground,,Med-High,4,111,23595,TRUE
INC-202512-MAN-016-02,2025-12-15T03:49:00Z,Manchester,MAN-016,Bus,Staff Shortage,Low-Med,2,,3785,TRUE
INC-202512-MAN-009-02,2025-12-16T02:49:00Z,Manchester,MAN-009,Underground,Station Closure,Med-High,4,133,40706,TRUE
INC-202512-LON-017-01,2025-12-16T08:42:00Z,London,LON-017,Bus,Congestion,Medium,3,58,8211,TRUE
INC-202512-MAN-013-01,2025-12-17T10:58:00Z,Manchester,MAN-013,Underground,Signal Failure,Low-Med,2,45,9473,TRUE
INC-202512-BRI-022-02,2025-12-17T13:28:00Z,Bristol,BRI-022,Underground,Station Closure,Medium,3,69,15813,TRUE
INC-202512-EDI-022-01,2025-12-18T02:46:00Z,Edinburgh,EDI-022,BikeShare,Vandalism,Low,1,20,246,TRUE
INC-202512-LON-011-01,2025-12-18T09:43:00Z,London,LON-011,Tram,Power Issue,Low,1,16,,TRUE
INC-202512-MAN-004-02,2025-12-18T16:41:00Z,Manchester,MAN-004,Bus,Congestion,Medium,3,100,5244,TRUE
INC-202512-BRI-022-01,2025-12-19T00:44:00Z,Bristol,BRI-022,Underground,Signal Failure,Med-High,4,142,22406,TRUE
INC-202512-LON-002-01,2025-12-19T01:59:00Z,London,LON-002,Bus,Vehicle Fault,LOW-MED,2,42,3801,TRUE
INC-202512-LON-021-02,2025-12-19T09:30:00Z,london,LON-021,Bus,Roadworks,Medium,3,91,9190,TRUE
INC-202512-MAN-005-01,2025-12-19T10:27:00Z,Manchester,MAN-005,Tram,Roadworks,Low,1,360,307,TRUE
INC-202512-LON-014-02,2025-12-19T16:29:00Z,London,LON-014,Bus,Roadworks,Medium,3,57,4639,TRUE
INC-202512-LON-001-02,2025-12-19T17:44:00Z,London,LON-001,Bus,Congestion,Medium,3,103,7933,TRUE
INC-202512-LON-003-01,2025-12-19T18:06:00Z,london,LON-003,Bus,Accident,Medium,3,65,9401,TRUE
INC-202512-BRI-021-02,2025-12-19T19:56:00Z,Bristol,BRI-021,Rail,Track Fault,Medium,3,93,11410,TRUE
INC-202512-LON-009-01,2025-12-19T21:36:00Z,London,LON-009,Rail,Rolling Stock,Medium,3,72,12406,TRUE
INC-202512-BRI-003-01,2025-12-20T01:33:00Z,Bristol,BRI-003,Rail,Rolling Stock,Medium,3,81,15092,TRUE
INC-202512-LON-021-01,2025-12-20T07:18:00Z,London,LON-021,Bus,Vehicle Fault,Medium,3,65,5972,TRUE
INC-202512-EDI-013-01,2025-12-20T07:28:00Z,Edinburgh,EDI-013,Rail,Rolling Stock,Med-High,4,105,15285,TRUE
INC-202512-MAN-019-02,2025-12-20T18:33:00Z,Manchester,MAN-019,Underground,Signal Failure,Medium,3,113,17619,TRUE
INC-202512-BRI-014-01,2025-12-21T00:51:00Z,Bristol,BRI-014,Bus,Roadworks,Low-Med,2,47,3116,TRUE
INC-202512-EDI-016-01,2025-12-21T02:13:00Z,Edinburgh,EDI-016,BikeShare,Dock Full,Low,1,7,34,TRUE
INC-202512-LON-005-01,2025-12-21T09:06:00Z,London,LON-005,rail,Track Fault,Medium,3,103,13174,TRUE
INC-202512-MAN-007-01,2025-12-21T10:28:00Z,Manchester,MAN-007,Tram,Vehicle Fault,Low,1,7,115,TRUE
INC-202512-EDI-002-01,2025-12-21T13:10:00Z,Edinburgh,EDI-002,Bus,Roadworks,Low-Med,2,24,2895,TRUE
INC-202512-MAN-020-01,2025-12-22T01:31:00Z,Manchester,MAN-020,Bus,Roadworks,Low-Med,2,26,2969,TRUE
INC-202512-LON-008-03,2025-12-22T05:13:00Z,London,LON-008,Bus,Congestion,Low-Med,2,52,4374,TRUE
INC-202512-LON-006-01,2025-12-22T08:12:00Z,London,LON-006,BikeShare,Dock Full,Low,1,12,119,TRUE
INC-202512-LON-014-03,2025-12-22T10:56:00Z,London,LON-014,Bus,Roadworks,Medium,3,123,8959,TRUE
INC-202512-BRI-007-01,2025-12-22T22:52:00Z,Bristol,BRI-007,Tram,Power Issue,Low,1,16,346,TRUE
INC-202512-BRI-005-02,2025-12-23T19:09:00Z,Bristol,BRI-005,Bus,Congestion,Low,1,12,601,TRUE
INC-202512-BRI-009-02,2025-12-24T01:41:00Z,Bristol,BRI-009,Tram,Roadworks,Low-Med,2,29,1172,TRUE
INC-202512-BRI-009-03,2025-12-24T07:41:00Z,Bristol,BRI-009,Tram,Roadworks,Medium,3,83,2024,TRUE
INC-202512-LON-012-02,2025-12-24T08:37:00Z,London,LON-012,Bus,Vehicle Fault,Med-High,4,129,34784,FALSE
INC-202512-EDI-017-02,2025-12-24T10:59:00Z,Edinburgh,EDI-017,underground,Signal Failure,Medium,3,111,31743,TRUE
INC-202512-BRI-004-02,2025-12-24T17:53:00Z,Bristol,BRI-004,Underground,Passenger Incident,Medium,3,117,20298,TRUE
INC-202512-LON-013-02,2025-12-24T18:35:00Z,London,LON-013,Underground,Power Issue,High,5,,128980,FALSE
INC-202512-EDI-002-02,2025-12-24T19:45:00Z,Edinburgh,EDI-002,Bus,Staff Shortage,Low,1,27,1483,TRUE
INC-202512-LON-018-01,2025-12-25T21:01:00Z,London,LON-018,Bus,Vehicle Fault,Low-Med,2,36,4295,FALSE
INC-202512-BRI-019-02,2025-12-26T04:31:00Z,Bristol,BRI-019,Rail,Rolling Stock,Low,1,15,2423,TRUE
INC-202512-MAN-015-01,2025-12-26T18:19:00Z,Manchester,MAN-015,Bus,Accident,Low-Med,2,48,3457,FALSE
INC-202512-LON-002-02,2025-12-28T02:44:00Z,London,LON-002,Bus,Congestion,Medium,3,53,4315,TRUE
INC-202512-BRI-005-01,2025-12-28T09:43:00Z,Bristol,BRI-005,Bus,Congestion,Low Med,2,31,1796,TRUE
INC-202512-BRI-010-01,2025-12-28T15:19:00Z,bristol,BRI-010,BikeShare,Bike Fault,Low,1,5,50,TRUE
INC-202512-LON-001-01,2025-12-29T19:37:00Z,London,LON-001,Bus,Congestion,Low-Med,2,57,7213,TRUE
INC-202512-LON-007-01,2025-12-30T01:35:00Z,London,LON-007,Tram,Roadworks,Low,1,23,1334,TRUE
INC-202512-EDI-014-01,2025-12-30T16:44:00Z,Edinburgh,EDI-014,Underground,Power Issue,Med-High,4,196,30219,TRUE
INC-202512-BRI-021-01,2025-12-30T17:15:00Z,Bristol,BRI-021,Rail,Rolling Stock,Low,1,13,1297,TRUE
INC-202512-MAN-004-01,2025-12-31T00:23:00Z,Manchester,MAN-004,Bus,Roadworks,Low-Med,2,34,1973,TRUE
INC-202512-BRI-002-01,2025-12-31T04:01:00Z,Bristol,BRI-002,Bus,Roadworks,Low-Med,2,30,2296,TRUE
INC-202512-LON-018-03,2025-12-31T17:07:00Z,London,LON-018,Bus,Congestion,Low,1,22,1323,FALSE
